 0.00000000e+00 -1.11000000e+00  0.00000000e+00 -0.00000000e+00  0.00000000e+00  0.00000000e+00 
-1.00000000e-02 -1.11000000e+00 -1.00000000e-02 -4.22930560e-09 -1.00000000e-02 -1.00000000e-02 
-2.00000000e-02 -1.11000000e+00 -2.00000000e-02 -6.36469097e-09 -2.00000000e-02 -2.00000000e-02 
-3.00000000e-02 -1.11000000e+00 -3.00000000e-02 -7.42113834e-09 -3.00000000e-02 -3.00000000e-02 
-4.00000000e-02 -1.11000000e+00 -4.00000000e-02 -7.97049123e-09 -4.00000000e-02 -4.00000000e-02 
-5.00000000e-02 -1.11000000e+00 -5.00000000e-02 -8.27938636e-09 -5.00000000e-02 -5.00000000e-02 
-6.00000000e-02 -1.11000000e+00 -6.00000000e-02 -8.46738100e-09 -6.00000000e-02 -6.00000000e-02 
-7.00000000e-02 -1.11000000e+00 -7.00000000e-02 -8.59015746e-09 -7.00000000e-02 -7.00000000e-02 
-8.00000000e-02 -1.11000000e+00 -8.00000000e-02 -8.67534548e-09 -8.00000000e-02 -8.00000000e-02 
-9.00000000e-02 -1.11000000e+00 -9.00000000e-02 -8.73758436e-09 -9.00000000e-02 -9.00000000e-02 
-1.00000000e-01 -1.11000000e+00 -1.00000000e-01 -8.78510932e-09 -1.00000000e-01 -1.00000000e-01 
-1.10000000e-01 -1.11000000e+00 -1.10000000e-01 -8.82280217e-09 -1.10000000e-01 -1.10000000e-01 
-1.20000000e-01 -1.11000000e+00 -1.20000000e-01 -8.85369060e-09 -1.20000000e-01 -1.20000000e-01 
-1.30000000e-01 -1.11000000e+00 -1.30000000e-01 -8.87972691e-09 -1.30000000e-01 -1.30000000e-01 
-1.40000000e-01 -1.11000000e+00 -1.40000000e-01 -8.90221305e-09 -1.40000000e-01 -1.40000000e-01 
-1.50000000e-01 -1.11000000e+00 -1.50000000e-01 -8.92204296e-09 -1.50000000e-01 -1.50000000e-01 
-1.60000000e-01 -1.11000000e+00 -1.60000000e-01 -8.93984635e-09 -1.60000000e-01 -1.60000000e-01 
-1.70000000e-01 -1.11000000e+00 -1.70000000e-01 -8.95607685e-09 -1.70000000e-01 -1.70000000e-01 
-1.80000000e-01 -1.11000000e+00 -1.80000000e-01 -8.97106786e-09 -1.80000000e-01 -1.80000000e-01 
-1.90000000e-01 -1.11000000e+00 -1.90000000e-01 -8.98506874e-09 -1.90000000e-01 -1.90000000e-01 
-2.00000000e-01 -1.11000000e+00 -2.00000000e-01 -8.99826903e-09 -2.00000000e-01 -2.00000000e-01 
-2.10000000e-01 -1.11000000e+00 -2.10000000e-01 -9.01081483e-09 -2.10000000e-01 -2.10000000e-01 
-2.20000000e-01 -1.11000000e+00 -2.20000000e-01 -9.02282025e-09 -2.20000000e-01 -2.20000000e-01 
-2.30000000e-01 -1.11000000e+00 -2.30000000e-01 -9.03437545e-09 -2.30000000e-01 -2.30000000e-01 
-2.40000000e-01 -1.11000000e+00 -2.40000000e-01 -9.04555246e-09 -2.40000000e-01 -2.40000000e-01 
-2.50000000e-01 -1.11000000e+00 -2.50000000e-01 -9.05640934e-09 -2.50000000e-01 -2.50000000e-01 
-2.60000000e-01 -1.11000000e+00 -2.60000000e-01 -9.06699338e-09 -2.60000000e-01 -2.60000000e-01 
-2.70000000e-01 -1.11000000e+00 -2.70000000e-01 -9.07734335e-09 -2.70000000e-01 -2.70000000e-01 
-2.80000000e-01 -1.11000000e+00 -2.80000000e-01 -9.08749135e-09 -2.80000000e-01 -2.80000000e-01 
-2.90000000e-01 -1.11000000e+00 -2.90000000e-01 -9.09746410e-09 -2.90000000e-01 -2.90000000e-01 
-3.00000000e-01 -1.11000000e+00 -3.00000000e-01 -9.10728398e-09 -3.00000000e-01 -3.00000000e-01 
-3.10000000e-01 -1.11000000e+00 -3.10000000e-01 -9.11696991e-09 -3.10000000e-01 -3.10000000e-01 
-3.20000000e-01 -1.11000000e+00 -3.20000000e-01 -9.12653791e-09 -3.20000000e-01 -3.20000000e-01 
-3.30000000e-01 -1.11000000e+00 -3.30000000e-01 -9.13600167e-09 -3.30000000e-01 -3.30000000e-01 
-3.40000000e-01 -1.11000000e+00 -3.40000000e-01 -9.14537291e-09 -3.40000000e-01 -3.40000000e-01 
-3.50000000e-01 -1.11000000e+00 -3.50000000e-01 -9.15466174e-09 -3.50000000e-01 -3.50000000e-01 
-3.60000000e-01 -1.11000000e+00 -3.60000000e-01 -9.16387690e-09 -3.60000000e-01 -3.60000000e-01 
-3.70000000e-01 -1.11000000e+00 -3.70000000e-01 -9.17302598e-09 -3.70000000e-01 -3.70000000e-01 
-3.80000000e-01 -1.11000000e+00 -3.80000000e-01 -9.18211563e-09 -3.80000000e-01 -3.80000000e-01 
-3.90000000e-01 -1.11000000e+00 -3.90000000e-01 -9.19115163e-09 -3.90000000e-01 -3.90000000e-01 
-4.00000000e-01 -1.11000000e+00 -4.00000000e-01 -9.20013911e-09 -4.00000000e-01 -4.00000000e-01 
-4.10000000e-01 -1.11000000e+00 -4.10000000e-01 -9.20908256e-09 -4.10000000e-01 -4.10000000e-01 
-4.20000000e-01 -1.11000000e+00 -4.20000000e-01 -9.21798596e-09 -4.20000000e-01 -4.20000000e-01 
-4.30000000e-01 -1.11000000e+00 -4.30000000e-01 -9.22685284e-09 -4.30000000e-01 -4.30000000e-01 
-4.40000000e-01 -1.11000000e+00 -4.40000000e-01 -9.23568636e-09 -4.40000000e-01 -4.40000000e-01 
-4.50000000e-01 -1.11000000e+00 -4.50000000e-01 -9.24448932e-09 -4.50000000e-01 -4.50000000e-01 
-4.60000000e-01 -1.11000000e+00 -4.60000000e-01 -9.25326424e-09 -4.60000000e-01 -4.60000000e-01 
-4.70000000e-01 -1.11000000e+00 -4.70000000e-01 -9.26201337e-09 -4.70000000e-01 -4.70000000e-01 
-4.80000000e-01 -1.11000000e+00 -4.80000000e-01 -9.27073874e-09 -4.80000000e-01 -4.80000000e-01 
-4.90000000e-01 -1.11000000e+00 -4.90000000e-01 -9.27944217e-09 -4.90000000e-01 -4.90000000e-01 
-5.00000000e-01 -1.11000000e+00 -5.00000000e-01 -9.28812533e-09 -5.00000000e-01 -5.00000000e-01 
-5.10000000e-01 -1.11000000e+00 -5.10000000e-01 -9.29678971e-09 -5.10000000e-01 -5.10000000e-01 
-5.20000000e-01 -1.11000000e+00 -5.20000000e-01 -9.30543666e-09 -5.20000000e-01 -5.20000000e-01 
-5.30000000e-01 -1.11000000e+00 -5.30000000e-01 -9.31406743e-09 -5.30000000e-01 -5.30000000e-01 
-5.40000000e-01 -1.11000000e+00 -5.40000000e-01 -9.32268313e-09 -5.40000000e-01 -5.40000000e-01 
-5.50000000e-01 -1.11000000e+00 -5.50000000e-01 -9.33128479e-09 -5.50000000e-01 -5.50000000e-01 
-5.60000000e-01 -1.11000000e+00 -5.60000000e-01 -9.33987335e-09 -5.60000000e-01 -5.60000000e-01 
-5.70000000e-01 -1.11000000e+00 -5.70000000e-01 -9.34844968e-09 -5.70000000e-01 -5.70000000e-01 
-5.80000000e-01 -1.11000000e+00 -5.80000000e-01 -9.35701455e-09 -5.80000000e-01 -5.80000000e-01 
-5.90000000e-01 -1.11000000e+00 -5.90000000e-01 -9.36556869e-09 -5.90000000e-01 -5.90000000e-01 
-6.00000000e-01 -1.11000000e+00 -6.00000000e-01 -9.37411278e-09 -6.00000000e-01 -6.00000000e-01 
-6.10000000e-01 -1.11000000e+00 -6.10000000e-01 -9.38264741e-09 -6.10000000e-01 -6.10000000e-01 
-6.20000000e-01 -1.11000000e+00 -6.20000000e-01 -9.39117317e-09 -6.20000000e-01 -6.20000000e-01 
-6.30000000e-01 -1.11000000e+00 -6.30000000e-01 -9.39969057e-09 -6.30000000e-01 -6.30000000e-01 
-6.40000000e-01 -1.11000000e+00 -6.40000000e-01 -9.40820009e-09 -6.40000000e-01 -6.40000000e-01 
-6.50000000e-01 -1.11000000e+00 -6.50000000e-01 -9.41670219e-09 -6.50000000e-01 -6.50000000e-01 
-6.60000000e-01 -1.11000000e+00 -6.60000000e-01 -9.42519729e-09 -6.60000000e-01 -6.60000000e-01 
-6.70000000e-01 -1.11000000e+00 -6.70000000e-01 -9.43368576e-09 -6.70000000e-01 -6.70000000e-01 
-6.80000000e-01 -1.11000000e+00 -6.80000000e-01 -9.44216797e-09 -6.80000000e-01 -6.80000000e-01 
-6.90000000e-01 -1.11000000e+00 -6.90000000e-01 -9.45064426e-09 -6.90000000e-01 -6.90000000e-01 
-7.00000000e-01 -1.11000000e+00 -7.00000000e-01 -9.45911493e-09 -7.00000000e-01 -7.00000000e-01 
-7.10000000e-01 -1.11000000e+00 -7.10000000e-01 -9.46758028e-09 -7.10000000e-01 -7.10000000e-01 
-7.20000000e-01 -1.11000000e+00 -7.20000000e-01 -9.47604057e-09 -7.20000000e-01 -7.20000000e-01 
-7.30000000e-01 -1.11000000e+00 -7.30000000e-01 -9.48449607e-09 -7.30000000e-01 -7.30000000e-01 
-7.40000000e-01 -1.11000000e+00 -7.40000000e-01 -9.49294701e-09 -7.40000000e-01 -7.40000000e-01 
-7.50000000e-01 -1.11000000e+00 -7.50000000e-01 -9.50139361e-09 -7.50000000e-01 -7.50000000e-01 
-7.60000000e-01 -1.11000000e+00 -7.60000000e-01 -9.50983609e-09 -7.60000000e-01 -7.60000000e-01 
-7.70000000e-01 -1.11000000e+00 -7.70000000e-01 -9.51827463e-09 -7.70000000e-01 -7.70000000e-01 
-7.80000000e-01 -1.11000000e+00 -7.80000000e-01 -9.52670942e-09 -7.80000000e-01 -7.80000000e-01 
-7.90000000e-01 -1.11000000e+00 -7.90000000e-01 -9.53514064e-09 -7.90000000e-01 -7.90000000e-01 
-8.00000000e-01 -1.11000000e+00 -8.00000000e-01 -9.54356844e-09 -8.00000000e-01 -8.00000000e-01 
-8.10000000e-01 -1.11000000e+00 -8.10000000e-01 -9.55199299e-09 -8.10000000e-01 -8.10000000e-01 
-8.20000000e-01 -1.11000000e+00 -8.20000000e-01 -9.56041442e-09 -8.20000000e-01 -8.20000000e-01 
-8.30000000e-01 -1.11000000e+00 -8.30000000e-01 -9.56883288e-09 -8.30000000e-01 -8.30000000e-01 
-8.40000000e-01 -1.11000000e+00 -8.40000000e-01 -9.57724848e-09 -8.40000000e-01 -8.40000000e-01 
-8.50000000e-01 -1.11000000e+00 -8.50000000e-01 -9.58566136e-09 -8.50000000e-01 -8.50000000e-01 
-8.60000000e-01 -1.11000000e+00 -8.60000000e-01 -9.59407162e-09 -8.60000000e-01 -8.60000000e-01 
-8.70000000e-01 -1.11000000e+00 -8.70000000e-01 -9.60247938e-09 -8.70000000e-01 -8.70000000e-01 
-8.80000000e-01 -1.11000000e+00 -8.80000000e-01 -9.61088473e-09 -8.80000000e-01 -8.80000000e-01 
-8.90000000e-01 -1.11000000e+00 -8.90000000e-01 -9.61928778e-09 -8.90000000e-01 -8.90000000e-01 
-9.00000000e-01 -1.11000000e+00 -9.00000000e-01 -9.62768862e-09 -9.00000000e-01 -9.00000000e-01 
-9.10000000e-01 -1.11000000e+00 -9.10000000e-01 -9.63608733e-09 -9.10000000e-01 -9.10000000e-01 
-9.20000000e-01 -1.11000000e+00 -9.20000000e-01 -9.64448400e-09 -9.20000000e-01 -9.20000000e-01 
-9.30000000e-01 -1.11000000e+00 -9.30000000e-01 -9.65287871e-09 -9.30000000e-01 -9.30000000e-01 
-9.40000000e-01 -1.11000000e+00 -9.40000000e-01 -9.66127153e-09 -9.40000000e-01 -9.40000000e-01 
-9.50000000e-01 -1.11000000e+00 -9.50000000e-01 -9.66966253e-09 -9.50000000e-01 -9.50000000e-01 
-9.60000000e-01 -1.11000000e+00 -9.60000000e-01 -9.67805178e-09 -9.60000000e-01 -9.60000000e-01 
-9.70000000e-01 -1.11000000e+00 -9.70000000e-01 -9.68643935e-09 -9.70000000e-01 -9.70000000e-01 
-9.80000000e-01 -1.11000000e+00 -9.80000000e-01 -9.69482529e-09 -9.80000000e-01 -9.80000000e-01 
-9.90000000e-01 -1.11000000e+00 -9.90000000e-01 -9.70320967e-09 -9.90000000e-01 -9.90000000e-01 
-1.00000000e+00 -1.11000000e+00 -1.00000000e+00 -9.71159254e-09 -1.00000000e+00 -1.00000000e+00 
-1.01000000e+00 -1.11000000e+00 -1.01000000e+00 -9.71997395e-09 -1.01000000e+00 -1.01000000e+00 
-1.02000000e+00 -1.11000000e+00 -1.02000000e+00 -9.72835396e-09 -1.02000000e+00 -1.02000000e+00 
-1.03000000e+00 -1.11000000e+00 -1.03000000e+00 -9.73673261e-09 -1.03000000e+00 -1.03000000e+00 
-1.04000000e+00 -1.11000000e+00 -1.04000000e+00 -9.74510995e-09 -1.04000000e+00 -1.04000000e+00 
-1.05000000e+00 -1.11000000e+00 -1.05000000e+00 -9.75348602e-09 -1.05000000e+00 -1.05000000e+00 
-1.06000000e+00 -1.11000000e+00 -1.06000000e+00 -9.76186087e-09 -1.06000000e+00 -1.06000000e+00 
-1.07000000e+00 -1.11000000e+00 -1.07000000e+00 -9.77023454e-09 -1.07000000e+00 -1.07000000e+00 
-1.08000000e+00 -1.11000000e+00 -1.08000000e+00 -9.77860706e-09 -1.08000000e+00 -1.08000000e+00 
-1.09000000e+00 -1.11000000e+00 -1.09000000e+00 -9.78697847e-09 -1.09000000e+00 -1.09000000e+00 
-1.10000000e+00 -1.11000000e+00 -1.10000000e+00 -9.79534881e-09 -1.10000000e+00 -1.10000000e+00 
-1.11000000e+00 -1.11000000e+00 -1.11000000e+00 -9.80371811e-09 -1.11000000e+00 -1.11000000e+00 
-1.12000000e+00 -1.11000000e+00 -1.12000000e+00 -9.81208641e-09 -1.12000000e+00 -1.12000000e+00 
-1.13000000e+00 -1.11000000e+00 -1.13000000e+00 -9.82045373e-09 -1.13000000e+00 -1.13000000e+00 
-1.14000000e+00 -1.11000000e+00 -1.14000000e+00 -9.82882010e-09 -1.14000000e+00 -1.14000000e+00 
-1.15000000e+00 -1.11000000e+00 -1.15000000e+00 -9.83718556e-09 -1.15000000e+00 -1.15000000e+00 
-1.16000000e+00 -1.11000000e+00 -1.16000000e+00 -9.84555014e-09 -1.16000000e+00 -1.16000000e+00 
-1.17000000e+00 -1.11000000e+00 -1.17000000e+00 -9.85391385e-09 -1.17000000e+00 -1.17000000e+00 
-1.18000000e+00 -1.11000000e+00 -1.18000000e+00 -9.86227672e-09 -1.18000000e+00 -1.18000000e+00 
-1.19000000e+00 -1.11000000e+00 -1.19000000e+00 -9.87063879e-09 -1.19000000e+00 -1.19000000e+00 
-1.20000000e+00 -1.11000000e+00 -1.20000000e+00 -9.87900006e-09 -1.20000000e+00 -1.20000000e+00 
-1.21000000e+00 -1.11000000e+00 -1.21000000e+00 -9.88736057e-09 -1.21000000e+00 -1.21000000e+00 
-1.22000000e+00 -1.11000000e+00 -1.22000000e+00 -9.89572034e-09 -1.22000000e+00 -1.22000000e+00 
-1.23000000e+00 -1.11000000e+00 -1.23000000e+00 -9.90407939e-09 -1.23000000e+00 -1.23000000e+00 
-1.24000000e+00 -1.11000000e+00 -1.24000000e+00 -9.91243773e-09 -1.24000000e+00 -1.24000000e+00 
-1.25000000e+00 -1.11000000e+00 -1.25000000e+00 -9.92079539e-09 -1.25000000e+00 -1.25000000e+00 
-1.26000000e+00 -1.11000000e+00 -1.26000000e+00 -9.92915239e-09 -1.26000000e+00 -1.26000000e+00 
-1.27000000e+00 -1.11000000e+00 -1.27000000e+00 -9.93750874e-09 -1.27000000e+00 -1.27000000e+00 
-1.28000000e+00 -1.11000000e+00 -1.28000000e+00 -9.94586446e-09 -1.28000000e+00 -1.28000000e+00 
-1.29000000e+00 -1.11000000e+00 -1.29000000e+00 -9.95421957e-09 -1.29000000e+00 -1.29000000e+00 
-1.30000000e+00 -1.11000000e+00 -1.30000000e+00 -9.96257409e-09 -1.30000000e+00 -1.30000000e+00 
-1.31000000e+00 -1.11000000e+00 -1.31000000e+00 -9.97092802e-09 -1.31000000e+00 -1.31000000e+00 
-1.32000000e+00 -1.11000000e+00 -1.32000000e+00 -9.97928140e-09 -1.32000000e+00 -1.32000000e+00 
-1.33000000e+00 -1.11000000e+00 -1.33000000e+00 -9.98763422e-09 -1.33000000e+00 -1.33000000e+00 
-1.34000000e+00 -1.11000000e+00 -1.34000000e+00 -9.99598651e-09 -1.34000000e+00 -1.34000000e+00 
-1.35000000e+00 -1.11000000e+00 -1.35000000e+00 -1.00043383e-08 -1.35000000e+00 -1.35000000e+00 
-1.36000000e+00 -1.11000000e+00 -1.36000000e+00 -1.00126895e-08 -1.36000000e+00 -1.36000000e+00 
-1.37000000e+00 -1.11000000e+00 -1.37000000e+00 -1.00210403e-08 -1.37000000e+00 -1.37000000e+00 
-1.38000000e+00 -1.11000000e+00 -1.38000000e+00 -1.00293906e-08 -1.38000000e+00 -1.38000000e+00 
-1.39000000e+00 -1.11000000e+00 -1.39000000e+00 -1.00377404e-08 -1.39000000e+00 -1.39000000e+00 
-1.40000000e+00 -1.11000000e+00 -1.40000000e+00 -1.00460897e-08 -1.40000000e+00 -1.40000000e+00 
-1.41000000e+00 -1.11000000e+00 -1.41000000e+00 -1.00544386e-08 -1.41000000e+00 -1.41000000e+00 
-1.42000000e+00 -1.11000000e+00 -1.42000000e+00 -1.00627871e-08 -1.42000000e+00 -1.42000000e+00 
-1.43000000e+00 -1.11000000e+00 -1.43000000e+00 -1.00711351e-08 -1.43000000e+00 -1.43000000e+00 
-1.44000000e+00 -1.11000000e+00 -1.44000000e+00 -1.00794827e-08 -1.44000000e+00 -1.44000000e+00 
-1.45000000e+00 -1.11000000e+00 -1.45000000e+00 -1.00878299e-08 -1.45000000e+00 -1.45000000e+00 
-1.46000000e+00 -1.11000000e+00 -1.46000000e+00 -1.00961767e-08 -1.46000000e+00 -1.46000000e+00 
-1.47000000e+00 -1.11000000e+00 -1.47000000e+00 -1.01045231e-08 -1.47000000e+00 -1.47000000e+00 
-1.48000000e+00 -1.11000000e+00 -1.48000000e+00 -1.01128692e-08 -1.48000000e+00 -1.48000000e+00 
-1.49000000e+00 -1.11000000e+00 -1.49000000e+00 -1.01212148e-08 -1.49000000e+00 -1.49000000e+00 
-1.50000000e+00 -1.11000000e+00 -1.50000000e+00 -1.01295601e-08 -1.50000000e+00 -1.50000000e+00 
-1.51000000e+00 -1.11000000e+00 -1.51000000e+00 -1.01379051e-08 -1.51000000e+00 -1.51000000e+00 
-1.52000000e+00 -1.11000000e+00 -1.52000000e+00 -1.01462497e-08 -1.52000000e+00 -1.52000000e+00 
-1.53000000e+00 -1.11000000e+00 -1.53000000e+00 -1.01545939e-08 -1.53000000e+00 -1.53000000e+00 
-1.54000000e+00 -1.11000000e+00 -1.54000000e+00 -1.01629379e-08 -1.54000000e+00 -1.54000000e+00 
-1.55000000e+00 -1.11000000e+00 -1.55000000e+00 -1.01712815e-08 -1.55000000e+00 -1.55000000e+00 
-1.56000000e+00 -1.11000000e+00 -1.56000000e+00 -1.01796247e-08 -1.56000000e+00 -1.56000000e+00 
-1.57000000e+00 -1.11000000e+00 -1.57000000e+00 -1.01879677e-08 -1.57000000e+00 -1.57000000e+00 
-1.58000000e+00 -1.11000000e+00 -1.58000000e+00 -1.01963104e-08 -1.58000000e+00 -1.58000000e+00 
-1.59000000e+00 -1.11000000e+00 -1.59000000e+00 -1.02046528e-08 -1.59000000e+00 -1.59000000e+00 
-1.60000000e+00 -1.11000000e+00 -1.60000000e+00 -1.02129948e-08 -1.60000000e+00 -1.60000000e+00 
-1.61000000e+00 -1.11000000e+00 -1.61000000e+00 -1.02213366e-08 -1.61000000e+00 -1.61000000e+00 
-1.62000000e+00 -1.11000000e+00 -1.62000000e+00 -1.02296781e-08 -1.62000000e+00 -1.62000000e+00 
-1.63000000e+00 -1.11000000e+00 -1.63000000e+00 -1.02380194e-08 -1.63000000e+00 -1.63000000e+00 
-1.64000000e+00 -1.11000000e+00 -1.64000000e+00 -1.02463604e-08 -1.64000000e+00 -1.64000000e+00 
-1.65000000e+00 -1.11000000e+00 -1.65000000e+00 -1.02547011e-08 -1.65000000e+00 -1.65000000e+00 
-1.66000000e+00 -1.11000000e+00 -1.66000000e+00 -1.02630415e-08 -1.66000000e+00 -1.66000000e+00 
-1.67000000e+00 -1.11000000e+00 -1.67000000e+00 -1.02713817e-08 -1.67000000e+00 -1.67000000e+00 
-1.68000000e+00 -1.11000000e+00 -1.68000000e+00 -1.02797217e-08 -1.68000000e+00 -1.68000000e+00 
-1.69000000e+00 -1.11000000e+00 -1.69000000e+00 -1.02880614e-08 -1.69000000e+00 -1.69000000e+00 
-1.70000000e+00 -1.11000000e+00 -1.70000000e+00 -1.02964008e-08 -1.70000000e+00 -1.70000000e+00 
-1.71000000e+00 -1.11000000e+00 -1.71000000e+00 -1.03047401e-08 -1.71000000e+00 -1.71000000e+00 
-1.72000000e+00 -1.11000000e+00 -1.72000000e+00 -1.03130791e-08 -1.72000000e+00 -1.72000000e+00 
-1.73000000e+00 -1.11000000e+00 -1.73000000e+00 -1.03214179e-08 -1.73000000e+00 -1.73000000e+00 
-1.74000000e+00 -1.11000000e+00 -1.74000000e+00 -1.03297564e-08 -1.74000000e+00 -1.74000000e+00 
-1.75000000e+00 -1.11000000e+00 -1.75000000e+00 -1.03380948e-08 -1.75000000e+00 -1.75000000e+00 
-1.76000000e+00 -1.11000000e+00 -1.76000000e+00 -1.03464329e-08 -1.76000000e+00 -1.76000000e+00 
-1.77000000e+00 -1.11000000e+00 -1.77000000e+00 -1.03547709e-08 -1.77000000e+00 -1.77000000e+00 
-1.78000000e+00 -1.11000000e+00 -1.78000000e+00 -1.03631086e-08 -1.78000000e+00 -1.78000000e+00 
-1.79000000e+00 -1.11000000e+00 -1.79000000e+00 -1.03714461e-08 -1.79000000e+00 -1.79000000e+00 
-1.80000000e+00 -1.11000000e+00 -1.80000000e+00 -1.03797834e-08 -1.80000000e+00 -1.80000000e+00 
-1.81000000e+00 -1.11000000e+00 -1.81000000e+00 -1.03881206e-08 -1.81000000e+00 -1.81000000e+00 
-1.82000000e+00 -1.11000000e+00 -1.82000000e+00 -1.03964575e-08 -1.82000000e+00 -1.82000000e+00 
-1.83000000e+00 -1.11000000e+00 -1.83000000e+00 -1.04047943e-08 -1.83000000e+00 -1.83000000e+00 
-1.84000000e+00 -1.11000000e+00 -1.84000000e+00 -1.04131309e-08 -1.84000000e+00 -1.84000000e+00 
-1.85000000e+00 -1.11000000e+00 -1.85000000e+00 -1.04214673e-08 -1.85000000e+00 -1.85000000e+00 
