 0.00000000e+00 -3.70000000e-01  0.00000000e+00 -0.00000000e+00  0.00000000e+00  0.00000000e+00 
-1.00000000e-02 -3.70000000e-01 -1.00000000e-02 -4.03891559e-16 -1.00000000e-02 -1.00000000e-02 
-2.00000000e-02 -3.70000000e-01 -2.00000000e-02 -5.58166786e-16 -2.00000000e-02 -2.00000000e-02 
-3.00000000e-02 -3.70000000e-01 -3.00000000e-02 -6.24687066e-16 -3.00000000e-02 -3.00000000e-02 
-4.00000000e-02 -3.70000000e-01 -4.00000000e-02 -6.57938493e-16 -4.00000000e-02 -4.00000000e-02 
-5.00000000e-02 -3.70000000e-01 -5.00000000e-02 -6.76808899e-16 -5.00000000e-02 -5.00000000e-02 
-6.00000000e-02 -3.70000000e-01 -6.00000000e-02 -6.88667960e-16 -6.00000000e-02 -6.00000000e-02 
-7.00000000e-02 -3.70000000e-01 -7.00000000e-02 -6.96758939e-16 -7.00000000e-02 -7.00000000e-02 
-8.00000000e-02 -3.70000000e-01 -8.00000000e-02 -7.02662396e-16 -8.00000000e-02 -8.00000000e-02 
-9.00000000e-02 -3.70000000e-01 -9.00000000e-02 -7.07215323e-16 -9.00000000e-02 -9.00000000e-02 
-1.00000000e-01 -3.70000000e-01 -1.00000000e-01 -7.10891927e-16 -1.00000000e-01 -1.00000000e-01 
-1.10000000e-01 -3.70000000e-01 -1.10000000e-01 -7.13976189e-16 -1.10000000e-01 -1.10000000e-01 
-1.20000000e-01 -3.70000000e-01 -1.20000000e-01 -7.16646190e-16 -1.20000000e-01 -1.20000000e-01 
-1.30000000e-01 -3.70000000e-01 -1.30000000e-01 -7.19018016e-16 -1.30000000e-01 -1.30000000e-01 
-1.40000000e-01 -3.70000000e-01 -1.40000000e-01 -7.21169878e-16 -1.40000000e-01 -1.40000000e-01 
-1.50000000e-01 -3.70000000e-01 -1.50000000e-01 -7.23155987e-16 -1.50000000e-01 -1.50000000e-01 
-1.60000000e-01 -3.70000000e-01 -1.60000000e-01 -7.25014857e-16 -1.60000000e-01 -1.60000000e-01 
-1.70000000e-01 -3.70000000e-01 -1.70000000e-01 -7.26774450e-16 -1.70000000e-01 -1.70000000e-01 
-1.80000000e-01 -3.70000000e-01 -1.80000000e-01 -7.28455455e-16 -1.80000000e-01 -1.80000000e-01 
-1.90000000e-01 -3.70000000e-01 -1.90000000e-01 -7.30073443e-16 -1.90000000e-01 -1.90000000e-01 
-2.00000000e-01 -3.70000000e-01 -2.00000000e-01 -7.31640314e-16 -2.00000000e-01 -2.00000000e-01 
-2.10000000e-01 -3.70000000e-01 -2.10000000e-01 -7.33165285e-16 -2.10000000e-01 -2.10000000e-01 
-2.20000000e-01 -3.70000000e-01 -2.20000000e-01 -7.34655587e-16 -2.20000000e-01 -2.20000000e-01 
-2.30000000e-01 -3.70000000e-01 -2.30000000e-01 -7.36116952e-16 -2.30000000e-01 -2.30000000e-01 
-2.40000000e-01 -3.70000000e-01 -2.40000000e-01 -7.37553975e-16 -2.40000000e-01 -2.40000000e-01 
-2.50000000e-01 -3.70000000e-01 -2.50000000e-01 -7.38970375e-16 -2.50000000e-01 -2.50000000e-01 
-2.60000000e-01 -3.70000000e-01 -2.60000000e-01 -7.40369183e-16 -2.60000000e-01 -2.60000000e-01 
-2.70000000e-01 -3.70000000e-01 -2.70000000e-01 -7.41752893e-16 -2.70000000e-01 -2.70000000e-01 
-2.80000000e-01 -3.70000000e-01 -2.80000000e-01 -7.43123571e-16 -2.80000000e-01 -2.80000000e-01 
-2.90000000e-01 -3.70000000e-01 -2.90000000e-01 -7.44482942e-16 -2.90000000e-01 -2.90000000e-01 
-3.00000000e-01 -3.70000000e-01 -3.00000000e-01 -7.45832454e-16 -3.00000000e-01 -3.00000000e-01 
-3.10000000e-01 -3.70000000e-01 -3.10000000e-01 -7.47173327e-16 -3.10000000e-01 -3.10000000e-01 
-3.20000000e-01 -3.70000000e-01 -3.20000000e-01 -7.48506600e-16 -3.20000000e-01 -3.20000000e-01 
-3.30000000e-01 -3.70000000e-01 -3.30000000e-01 -7.49833159e-16 -3.30000000e-01 -3.30000000e-01 
-3.40000000e-01 -3.70000000e-01 -3.40000000e-01 -7.51153765e-16 -3.40000000e-01 -3.40000000e-01 
-3.50000000e-01 -3.70000000e-01 -3.50000000e-01 -7.52469073e-16 -3.50000000e-01 -3.50000000e-01 
-3.60000000e-01 -3.70000000e-01 -3.60000000e-01 -7.53779649e-16 -3.60000000e-01 -3.60000000e-01 
-3.70000000e-01 -3.70000000e-01 -3.70000000e-01 -7.55085986e-16 -3.70000000e-01 -3.70000000e-01 
-3.80000000e-01 -3.70000000e-01 -3.80000000e-01 -7.56388516e-16 -3.80000000e-01 -3.80000000e-01 
-3.90000000e-01 -3.70000000e-01 -3.90000000e-01 -7.57687613e-16 -3.90000000e-01 -3.90000000e-01 
-4.00000000e-01 -3.70000000e-01 -4.00000000e-01 -7.58983609e-16 -4.00000000e-01 -4.00000000e-01 
-4.10000000e-01 -3.70000000e-01 -4.10000000e-01 -7.60276796e-16 -4.10000000e-01 -4.10000000e-01 
-4.20000000e-01 -3.70000000e-01 -4.20000000e-01 -7.61567432e-16 -4.20000000e-01 -4.20000000e-01 
-4.30000000e-01 -3.70000000e-01 -4.30000000e-01 -7.62855745e-16 -4.30000000e-01 -4.30000000e-01 
-4.40000000e-01 -3.70000000e-01 -4.40000000e-01 -7.64141939e-16 -4.40000000e-01 -4.40000000e-01 
-4.50000000e-01 -3.70000000e-01 -4.50000000e-01 -7.65426197e-16 -4.50000000e-01 -4.50000000e-01 
-4.60000000e-01 -3.70000000e-01 -4.60000000e-01 -7.66708679e-16 -4.60000000e-01 -4.60000000e-01 
-4.70000000e-01 -3.70000000e-01 -4.70000000e-01 -7.67989532e-16 -4.70000000e-01 -4.70000000e-01 
-4.80000000e-01 -3.70000000e-01 -4.80000000e-01 -7.69268887e-16 -4.80000000e-01 -4.80000000e-01 
-4.90000000e-01 -3.70000000e-01 -4.90000000e-01 -7.70546862e-16 -4.90000000e-01 -4.90000000e-01 
-5.00000000e-01 -3.70000000e-01 -5.00000000e-01 -7.71823563e-16 -5.00000000e-01 -5.00000000e-01 
-5.10000000e-01 -3.70000000e-01 -5.10000000e-01 -7.73099086e-16 -5.10000000e-01 -5.10000000e-01 
-5.20000000e-01 -3.70000000e-01 -5.20000000e-01 -7.74373518e-16 -5.20000000e-01 -5.20000000e-01 
-5.30000000e-01 -3.70000000e-01 -5.30000000e-01 -7.75646940e-16 -5.30000000e-01 -5.30000000e-01 
-5.40000000e-01 -3.70000000e-01 -5.40000000e-01 -7.76919422e-16 -5.40000000e-01 -5.40000000e-01 
-5.50000000e-01 -3.70000000e-01 -5.50000000e-01 -7.78191031e-16 -5.50000000e-01 -5.50000000e-01 
-5.60000000e-01 -3.70000000e-01 -5.60000000e-01 -7.79461826e-16 -5.60000000e-01 -5.60000000e-01 
-5.70000000e-01 -3.70000000e-01 -5.70000000e-01 -7.80731863e-16 -5.70000000e-01 -5.70000000e-01 
-5.80000000e-01 -3.70000000e-01 -5.80000000e-01 -7.82001192e-16 -5.80000000e-01 -5.80000000e-01 
-5.90000000e-01 -3.70000000e-01 -5.90000000e-01 -7.83269859e-16 -5.90000000e-01 -5.90000000e-01 
-6.00000000e-01 -3.70000000e-01 -6.00000000e-01 -7.84537906e-16 -6.00000000e-01 -6.00000000e-01 
-6.10000000e-01 -3.70000000e-01 -6.10000000e-01 -7.85805373e-16 -6.10000000e-01 -6.10000000e-01 
-6.20000000e-01 -3.70000000e-01 -6.20000000e-01 -7.87072294e-16 -6.20000000e-01 -6.20000000e-01 
-6.30000000e-01 -3.70000000e-01 -6.30000000e-01 -7.88338705e-16 -6.30000000e-01 -6.30000000e-01 
-6.40000000e-01 -3.70000000e-01 -6.40000000e-01 -7.89604634e-16 -6.40000000e-01 -6.40000000e-01 
-6.50000000e-01 -3.70000000e-01 -6.50000000e-01 -7.90870111e-16 -6.50000000e-01 -6.50000000e-01 
-6.60000000e-01 -3.70000000e-01 -6.60000000e-01 -7.92135162e-16 -6.60000000e-01 -6.60000000e-01 
-6.70000000e-01 -3.70000000e-01 -6.70000000e-01 -7.93399811e-16 -6.70000000e-01 -6.70000000e-01 
-6.80000000e-01 -3.70000000e-01 -6.80000000e-01 -7.94664080e-16 -6.80000000e-01 -6.80000000e-01 
-6.90000000e-01 -3.70000000e-01 -6.90000000e-01 -7.95927992e-16 -6.90000000e-01 -6.90000000e-01 
-7.00000000e-01 -3.70000000e-01 -7.00000000e-01 -7.97191565e-16 -7.00000000e-01 -7.00000000e-01 
-7.10000000e-01 -3.70000000e-01 -7.10000000e-01 -7.98454817e-16 -7.10000000e-01 -7.10000000e-01 
-7.20000000e-01 -3.70000000e-01 -7.20000000e-01 -7.99717766e-16 -7.20000000e-01 -7.20000000e-01 
-7.30000000e-01 -3.70000000e-01 -7.30000000e-01 -8.00980427e-16 -7.30000000e-01 -7.30000000e-01 
-7.40000000e-01 -3.70000000e-01 -7.40000000e-01 -8.02242816e-16 -7.40000000e-01 -7.40000000e-01 
-7.50000000e-01 -3.70000000e-01 -7.50000000e-01 -8.03504946e-16 -7.50000000e-01 -7.50000000e-01 
-7.60000000e-01 -3.70000000e-01 -7.60000000e-01 -8.04766829e-16 -7.60000000e-01 -7.60000000e-01 
-7.70000000e-01 -3.70000000e-01 -7.70000000e-01 -8.06028480e-16 -7.70000000e-01 -7.70000000e-01 
-7.80000000e-01 -3.70000000e-01 -7.80000000e-01 -8.07289907e-16 -7.80000000e-01 -7.80000000e-01 
-7.90000000e-01 -3.70000000e-01 -7.90000000e-01 -8.08551124e-16 -7.90000000e-01 -7.90000000e-01 
-8.00000000e-01 -3.70000000e-01 -8.00000000e-01 -8.09812138e-16 -8.00000000e-01 -8.00000000e-01 
-8.10000000e-01 -3.70000000e-01 -8.10000000e-01 -8.11072961e-16 -8.10000000e-01 -8.10000000e-01 
-8.20000000e-01 -3.70000000e-01 -8.20000000e-01 -8.12333600e-16 -8.20000000e-01 -8.20000000e-01 
-8.30000000e-01 -3.70000000e-01 -8.30000000e-01 -8.13594065e-16 -8.30000000e-01 -8.30000000e-01 
-8.40000000e-01 -3.70000000e-01 -8.40000000e-01 -8.14854362e-16 -8.40000000e-01 -8.40000000e-01 
-8.50000000e-01 -3.70000000e-01 -8.50000000e-01 -8.16114500e-16 -8.50000000e-01 -8.50000000e-01 
-8.60000000e-01 -3.70000000e-01 -8.60000000e-01 -8.17374486e-16 -8.60000000e-01 -8.60000000e-01 
-8.70000000e-01 -3.70000000e-01 -8.70000000e-01 -8.18634325e-16 -8.70000000e-01 -8.70000000e-01 
-8.80000000e-01 -3.70000000e-01 -8.80000000e-01 -8.19894025e-16 -8.80000000e-01 -8.80000000e-01 
-8.90000000e-01 -3.70000000e-01 -8.90000000e-01 -8.21153592e-16 -8.90000000e-01 -8.90000000e-01 
-9.00000000e-01 -3.70000000e-01 -9.00000000e-01 -8.22413030e-16 -9.00000000e-01 -9.00000000e-01 
-9.10000000e-01 -3.70000000e-01 -9.10000000e-01 -8.23672346e-16 -9.10000000e-01 -9.10000000e-01 
-9.20000000e-01 -3.70000000e-01 -9.20000000e-01 -8.24931544e-16 -9.20000000e-01 -9.20000000e-01 
-9.30000000e-01 -3.70000000e-01 -9.30000000e-01 -8.26190629e-16 -9.30000000e-01 -9.30000000e-01 
-9.40000000e-01 -3.70000000e-01 -9.40000000e-01 -8.27449605e-16 -9.40000000e-01 -9.40000000e-01 
-9.50000000e-01 -3.70000000e-01 -9.50000000e-01 -8.28708478e-16 -9.50000000e-01 -9.50000000e-01 
-9.60000000e-01 -3.70000000e-01 -9.60000000e-01 -8.29967250e-16 -9.60000000e-01 -9.60000000e-01 
-9.70000000e-01 -3.70000000e-01 -9.70000000e-01 -8.31225926e-16 -9.70000000e-01 -9.70000000e-01 
-9.80000000e-01 -3.70000000e-01 -9.80000000e-01 -8.32484510e-16 -9.80000000e-01 -9.80000000e-01 
-9.90000000e-01 -3.70000000e-01 -9.90000000e-01 -8.33743005e-16 -9.90000000e-01 -9.90000000e-01 
-1.00000000e+00 -3.70000000e-01 -1.00000000e+00 -8.35001414e-16 -1.00000000e+00 -1.00000000e+00 
-1.01000000e+00 -3.70000000e-01 -1.01000000e+00 -8.36259741e-16 -1.01000000e+00 -1.01000000e+00 
-1.02000000e+00 -3.70000000e-01 -1.02000000e+00 -8.37517988e-16 -1.02000000e+00 -1.02000000e+00 
-1.03000000e+00 -3.70000000e-01 -1.03000000e+00 -8.38776159e-16 -1.03000000e+00 -1.03000000e+00 
-1.04000000e+00 -3.70000000e-01 -1.04000000e+00 -8.40034256e-16 -1.04000000e+00 -1.04000000e+00 
-1.05000000e+00 -3.70000000e-01 -1.05000000e+00 -8.41292281e-16 -1.05000000e+00 -1.05000000e+00 
-1.06000000e+00 -3.70000000e-01 -1.06000000e+00 -8.42550238e-16 -1.06000000e+00 -1.06000000e+00 
-1.07000000e+00 -3.70000000e-01 -1.07000000e+00 -8.43808129e-16 -1.07000000e+00 -1.07000000e+00 
-1.08000000e+00 -3.70000000e-01 -1.08000000e+00 -8.45065956e-16 -1.08000000e+00 -1.08000000e+00 
-1.09000000e+00 -3.70000000e-01 -1.09000000e+00 -8.46323721e-16 -1.09000000e+00 -1.09000000e+00 
-1.10000000e+00 -3.70000000e-01 -1.10000000e+00 -8.47581427e-16 -1.10000000e+00 -1.10000000e+00 
-1.11000000e+00 -3.70000000e-01 -1.11000000e+00 -8.48839074e-16 -1.11000000e+00 -1.11000000e+00 
-1.12000000e+00 -3.70000000e-01 -1.12000000e+00 -8.50096666e-16 -1.12000000e+00 -1.12000000e+00 
-1.13000000e+00 -3.70000000e-01 -1.13000000e+00 -8.51354204e-16 -1.13000000e+00 -1.13000000e+00 
-1.14000000e+00 -3.70000000e-01 -1.14000000e+00 -8.52611690e-16 -1.14000000e+00 -1.14000000e+00 
-1.15000000e+00 -3.70000000e-01 -1.15000000e+00 -8.53869125e-16 -1.15000000e+00 -1.15000000e+00 
-1.16000000e+00 -3.70000000e-01 -1.16000000e+00 -8.55126512e-16 -1.16000000e+00 -1.16000000e+00 
-1.17000000e+00 -3.70000000e-01 -1.17000000e+00 -8.56383851e-16 -1.17000000e+00 -1.17000000e+00 
-1.18000000e+00 -3.70000000e-01 -1.18000000e+00 -8.57641144e-16 -1.18000000e+00 -1.18000000e+00 
-1.19000000e+00 -3.70000000e-01 -1.19000000e+00 -8.58898393e-16 -1.19000000e+00 -1.19000000e+00 
-1.20000000e+00 -3.70000000e-01 -1.20000000e+00 -8.60155598e-16 -1.20000000e+00 -1.20000000e+00 
-1.21000000e+00 -3.70000000e-01 -1.21000000e+00 -8.61412762e-16 -1.21000000e+00 -1.21000000e+00 
-1.22000000e+00 -3.70000000e-01 -1.22000000e+00 -8.62669886e-16 -1.22000000e+00 -1.22000000e+00 
-1.23000000e+00 -3.70000000e-01 -1.23000000e+00 -8.63926970e-16 -1.23000000e+00 -1.23000000e+00 
-1.24000000e+00 -3.70000000e-01 -1.24000000e+00 -8.65184016e-16 -1.24000000e+00 -1.24000000e+00 
-1.25000000e+00 -3.70000000e-01 -1.25000000e+00 -8.66441025e-16 -1.25000000e+00 -1.25000000e+00 
-1.26000000e+00 -3.70000000e-01 -1.26000000e+00 -8.67697998e-16 -1.26000000e+00 -1.26000000e+00 
-1.27000000e+00 -3.70000000e-01 -1.27000000e+00 -8.68954937e-16 -1.27000000e+00 -1.27000000e+00 
-1.28000000e+00 -3.70000000e-01 -1.28000000e+00 -8.70211841e-16 -1.28000000e+00 -1.28000000e+00 
-1.29000000e+00 -3.70000000e-01 -1.29000000e+00 -8.71468713e-16 -1.29000000e+00 -1.29000000e+00 
-1.30000000e+00 -3.70000000e-01 -1.30000000e+00 -8.72725552e-16 -1.30000000e+00 -1.30000000e+00 
-1.31000000e+00 -3.70000000e-01 -1.31000000e+00 -8.73982361e-16 -1.31000000e+00 -1.31000000e+00 
-1.32000000e+00 -3.70000000e-01 -1.32000000e+00 -8.75239139e-16 -1.32000000e+00 -1.32000000e+00 
-1.33000000e+00 -3.70000000e-01 -1.33000000e+00 -8.76495888e-16 -1.33000000e+00 -1.33000000e+00 
-1.34000000e+00 -3.70000000e-01 -1.34000000e+00 -8.77752609e-16 -1.34000000e+00 -1.34000000e+00 
-1.35000000e+00 -3.70000000e-01 -1.35000000e+00 -8.79009302e-16 -1.35000000e+00 -1.35000000e+00 
-1.36000000e+00 -3.70000000e-01 -1.36000000e+00 -8.80265967e-16 -1.36000000e+00 -1.36000000e+00 
-1.37000000e+00 -3.70000000e-01 -1.37000000e+00 -8.81522606e-16 -1.37000000e+00 -1.37000000e+00 
-1.38000000e+00 -3.70000000e-01 -1.38000000e+00 -8.82779220e-16 -1.38000000e+00 -1.38000000e+00 
-1.39000000e+00 -3.70000000e-01 -1.39000000e+00 -8.84035809e-16 -1.39000000e+00 -1.39000000e+00 
-1.40000000e+00 -3.70000000e-01 -1.40000000e+00 -8.85292373e-16 -1.40000000e+00 -1.40000000e+00 
-1.41000000e+00 -3.70000000e-01 -1.41000000e+00 -8.86548914e-16 -1.41000000e+00 -1.41000000e+00 
-1.42000000e+00 -3.70000000e-01 -1.42000000e+00 -8.87805432e-16 -1.42000000e+00 -1.42000000e+00 
-1.43000000e+00 -3.70000000e-01 -1.43000000e+00 -8.89061927e-16 -1.43000000e+00 -1.43000000e+00 
-1.44000000e+00 -3.70000000e-01 -1.44000000e+00 -8.90318400e-16 -1.44000000e+00 -1.44000000e+00 
-1.45000000e+00 -3.70000000e-01 -1.45000000e+00 -8.91574852e-16 -1.45000000e+00 -1.45000000e+00 
-1.46000000e+00 -3.70000000e-01 -1.46000000e+00 -8.92831283e-16 -1.46000000e+00 -1.46000000e+00 
-1.47000000e+00 -3.70000000e-01 -1.47000000e+00 -8.94087694e-16 -1.47000000e+00 -1.47000000e+00 
-1.48000000e+00 -3.70000000e-01 -1.48000000e+00 -8.95344085e-16 -1.48000000e+00 -1.48000000e+00 
-1.49000000e+00 -3.70000000e-01 -1.49000000e+00 -8.96600456e-16 -1.49000000e+00 -1.49000000e+00 
-1.50000000e+00 -3.70000000e-01 -1.50000000e+00 -8.97856809e-16 -1.50000000e+00 -1.50000000e+00 
-1.51000000e+00 -3.70000000e-01 -1.51000000e+00 -8.99113143e-16 -1.51000000e+00 -1.51000000e+00 
-1.52000000e+00 -3.70000000e-01 -1.52000000e+00 -9.00369460e-16 -1.52000000e+00 -1.52000000e+00 
-1.53000000e+00 -3.70000000e-01 -1.53000000e+00 -9.01625758e-16 -1.53000000e+00 -1.53000000e+00 
-1.54000000e+00 -3.70000000e-01 -1.54000000e+00 -9.02882040e-16 -1.54000000e+00 -1.54000000e+00 
-1.55000000e+00 -3.70000000e-01 -1.55000000e+00 -9.04138305e-16 -1.55000000e+00 -1.55000000e+00 
-1.56000000e+00 -3.70000000e-01 -1.56000000e+00 -9.05394553e-16 -1.56000000e+00 -1.56000000e+00 
-1.57000000e+00 -3.70000000e-01 -1.57000000e+00 -9.06650786e-16 -1.57000000e+00 -1.57000000e+00 
-1.58000000e+00 -3.70000000e-01 -1.58000000e+00 -9.07907003e-16 -1.58000000e+00 -1.58000000e+00 
-1.59000000e+00 -3.70000000e-01 -1.59000000e+00 -9.09163205e-16 -1.59000000e+00 -1.59000000e+00 
-1.60000000e+00 -3.70000000e-01 -1.60000000e+00 -9.10419391e-16 -1.60000000e+00 -1.60000000e+00 
-1.61000000e+00 -3.70000000e-01 -1.61000000e+00 -9.11675564e-16 -1.61000000e+00 -1.61000000e+00 
-1.62000000e+00 -3.70000000e-01 -1.62000000e+00 -9.12931722e-16 -1.62000000e+00 -1.62000000e+00 
-1.63000000e+00 -3.70000000e-01 -1.63000000e+00 -9.14187866e-16 -1.63000000e+00 -1.63000000e+00 
-1.64000000e+00 -3.70000000e-01 -1.64000000e+00 -9.15443996e-16 -1.64000000e+00 -1.64000000e+00 
-1.65000000e+00 -3.70000000e-01 -1.65000000e+00 -9.16700113e-16 -1.65000000e+00 -1.65000000e+00 
-1.66000000e+00 -3.70000000e-01 -1.66000000e+00 -9.17956217e-16 -1.66000000e+00 -1.66000000e+00 
-1.67000000e+00 -3.70000000e-01 -1.67000000e+00 -9.19212308e-16 -1.67000000e+00 -1.67000000e+00 
-1.68000000e+00 -3.70000000e-01 -1.68000000e+00 -9.20468387e-16 -1.68000000e+00 -1.68000000e+00 
-1.69000000e+00 -3.70000000e-01 -1.69000000e+00 -9.21724453e-16 -1.69000000e+00 -1.69000000e+00 
-1.70000000e+00 -3.70000000e-01 -1.70000000e+00 -9.22980508e-16 -1.70000000e+00 -1.70000000e+00 
-1.71000000e+00 -3.70000000e-01 -1.71000000e+00 -9.24236551e-16 -1.71000000e+00 -1.71000000e+00 
-1.72000000e+00 -3.70000000e-01 -1.72000000e+00 -9.25492582e-16 -1.72000000e+00 -1.72000000e+00 
-1.73000000e+00 -3.70000000e-01 -1.73000000e+00 -9.26748602e-16 -1.73000000e+00 -1.73000000e+00 
-1.74000000e+00 -3.70000000e-01 -1.74000000e+00 -9.28004611e-16 -1.74000000e+00 -1.74000000e+00 
-1.75000000e+00 -3.70000000e-01 -1.75000000e+00 -9.29260610e-16 -1.75000000e+00 -1.75000000e+00 
-1.76000000e+00 -3.70000000e-01 -1.76000000e+00 -9.30516597e-16 -1.76000000e+00 -1.76000000e+00 
-1.77000000e+00 -3.70000000e-01 -1.77000000e+00 -9.31772575e-16 -1.77000000e+00 -1.77000000e+00 
-1.78000000e+00 -3.70000000e-01 -1.78000000e+00 -9.33028542e-16 -1.78000000e+00 -1.78000000e+00 
-1.79000000e+00 -3.70000000e-01 -1.79000000e+00 -9.34284499e-16 -1.79000000e+00 -1.79000000e+00 
-1.80000000e+00 -3.70000000e-01 -1.80000000e+00 -9.35540447e-16 -1.80000000e+00 -1.80000000e+00 
-1.81000000e+00 -3.70000000e-01 -1.81000000e+00 -9.36796385e-16 -1.81000000e+00 -1.81000000e+00 
-1.82000000e+00 -3.70000000e-01 -1.82000000e+00 -9.38052313e-16 -1.82000000e+00 -1.82000000e+00 
-1.83000000e+00 -3.70000000e-01 -1.83000000e+00 -9.39308233e-16 -1.83000000e+00 -1.83000000e+00 
-1.84000000e+00 -3.70000000e-01 -1.84000000e+00 -9.40564143e-16 -1.84000000e+00 -1.84000000e+00 
-1.85000000e+00 -3.70000000e-01 -1.85000000e+00 -9.41820045e-16 -1.85000000e+00 -1.85000000e+00 
