 0.00000000e+00 -7.40000000e-01  0.00000000e+00 -0.00000000e+00  0.00000000e+00  0.00000000e+00 
-1.00000000e-02 -7.40000000e-01 -1.00000000e-02 -1.37709771e-12 -1.00000000e-02 -1.00000000e-02 
-2.00000000e-02 -7.40000000e-01 -2.00000000e-02 -1.90319909e-12 -2.00000000e-02 -2.00000000e-02 
-3.00000000e-02 -7.40000000e-01 -3.00000000e-02 -2.13005631e-12 -3.00000000e-02 -3.00000000e-02 
-4.00000000e-02 -7.40000000e-01 -4.00000000e-02 -2.24345564e-12 -4.00000000e-02 -4.00000000e-02 
-5.00000000e-02 -7.40000000e-01 -5.00000000e-02 -2.30780930e-12 -5.00000000e-02 -5.00000000e-02 
-6.00000000e-02 -7.40000000e-01 -6.00000000e-02 -2.34825099e-12 -6.00000000e-02 -6.00000000e-02 
-7.00000000e-02 -7.40000000e-01 -7.00000000e-02 -2.37584180e-12 -7.00000000e-02 -7.00000000e-02 
-8.00000000e-02 -7.40000000e-01 -8.00000000e-02 -2.39597220e-12 -8.00000000e-02 -8.00000000e-02 
-9.00000000e-02 -7.40000000e-01 -9.00000000e-02 -2.41149675e-12 -9.00000000e-02 -9.00000000e-02 
-1.00000000e-01 -7.40000000e-01 -1.00000000e-01 -2.42403269e-12 -1.00000000e-01 -1.00000000e-01 
-1.10000000e-01 -7.40000000e-01 -1.10000000e-01 -2.43454853e-12 -1.10000000e-01 -1.10000000e-01 
-1.20000000e-01 -7.40000000e-01 -1.20000000e-01 -2.44365159e-12 -1.20000000e-01 -1.20000000e-01 
-1.30000000e-01 -7.40000000e-01 -1.30000000e-01 -2.45173778e-12 -1.30000000e-01 -1.30000000e-01 
-1.40000000e-01 -7.40000000e-01 -1.40000000e-01 -2.45907382e-12 -1.40000000e-01 -1.40000000e-01 
-1.50000000e-01 -7.40000000e-01 -1.50000000e-01 -2.46584459e-12 -1.50000000e-01 -1.50000000e-01 
-1.60000000e-01 -7.40000000e-01 -1.60000000e-01 -2.47218144e-12 -1.60000000e-01 -1.60000000e-01 
-1.70000000e-01 -7.40000000e-01 -1.70000000e-01 -2.47817973e-12 -1.70000000e-01 -1.70000000e-01 
-1.80000000e-01 -7.40000000e-01 -1.80000000e-01 -2.48391001e-12 -1.80000000e-01 -1.80000000e-01 
-1.90000000e-01 -7.40000000e-01 -1.90000000e-01 -2.48942538e-12 -1.90000000e-01 -1.90000000e-01 
-2.00000000e-01 -7.40000000e-01 -2.00000000e-01 -2.49476643e-12 -2.00000000e-01 -2.00000000e-01 
-2.10000000e-01 -7.40000000e-01 -2.10000000e-01 -2.49996459e-12 -2.10000000e-01 -2.10000000e-01 
-2.20000000e-01 -7.40000000e-01 -2.20000000e-01 -2.50504452e-12 -2.20000000e-01 -2.20000000e-01 
-2.30000000e-01 -7.40000000e-01 -2.30000000e-01 -2.51002577e-12 -2.30000000e-01 -2.30000000e-01 
-2.40000000e-01 -7.40000000e-01 -2.40000000e-01 -2.51492401e-12 -2.40000000e-01 -2.40000000e-01 
-2.50000000e-01 -7.40000000e-01 -2.50000000e-01 -2.51975191e-12 -2.50000000e-01 -2.50000000e-01 
-2.60000000e-01 -7.40000000e-01 -2.60000000e-01 -2.52451982e-12 -2.60000000e-01 -2.60000000e-01 
-2.70000000e-01 -7.40000000e-01 -2.70000000e-01 -2.52923624e-12 -2.70000000e-01 -2.70000000e-01 
-2.80000000e-01 -7.40000000e-01 -2.80000000e-01 -2.53390823e-12 -2.80000000e-01 -2.80000000e-01 
-2.90000000e-01 -7.40000000e-01 -2.90000000e-01 -2.53854165e-12 -2.90000000e-01 -2.90000000e-01 
-3.00000000e-01 -7.40000000e-01 -3.00000000e-01 -2.54314145e-12 -3.00000000e-01 -3.00000000e-01 
-3.10000000e-01 -7.40000000e-01 -3.10000000e-01 -2.54771179e-12 -3.10000000e-01 -3.10000000e-01 
-3.20000000e-01 -7.40000000e-01 -3.20000000e-01 -2.55225621e-12 -3.20000000e-01 -3.20000000e-01 
-3.30000000e-01 -7.40000000e-01 -3.30000000e-01 -2.55677773e-12 -3.30000000e-01 -3.30000000e-01 
-3.40000000e-01 -7.40000000e-01 -3.40000000e-01 -2.56127896e-12 -3.40000000e-01 -3.40000000e-01 
-3.50000000e-01 -7.40000000e-01 -3.50000000e-01 -2.56576211e-12 -3.50000000e-01 -3.50000000e-01 
-3.60000000e-01 -7.40000000e-01 -3.60000000e-01 -2.57022913e-12 -3.60000000e-01 -3.60000000e-01 
-3.70000000e-01 -7.40000000e-01 -3.70000000e-01 -2.57468169e-12 -3.70000000e-01 -3.70000000e-01 
-3.80000000e-01 -7.40000000e-01 -3.80000000e-01 -2.57912127e-12 -3.80000000e-01 -3.80000000e-01 
-3.90000000e-01 -7.40000000e-01 -3.90000000e-01 -2.58354914e-12 -3.90000000e-01 -3.90000000e-01 
-4.00000000e-01 -7.40000000e-01 -4.00000000e-01 -2.58796644e-12 -4.00000000e-01 -4.00000000e-01 
-4.10000000e-01 -7.40000000e-01 -4.10000000e-01 -2.59237416e-12 -4.10000000e-01 -4.10000000e-01 
-4.20000000e-01 -7.40000000e-01 -4.20000000e-01 -2.59677317e-12 -4.20000000e-01 -4.20000000e-01 
-4.30000000e-01 -7.40000000e-01 -4.30000000e-01 -2.60116427e-12 -4.30000000e-01 -4.30000000e-01 
-4.40000000e-01 -7.40000000e-01 -4.40000000e-01 -2.60554814e-12 -4.40000000e-01 -4.40000000e-01 
-4.50000000e-01 -7.40000000e-01 -4.50000000e-01 -2.60992540e-12 -4.50000000e-01 -4.50000000e-01 
-4.60000000e-01 -7.40000000e-01 -4.60000000e-01 -2.61429661e-12 -4.60000000e-01 -4.60000000e-01 
-4.70000000e-01 -7.40000000e-01 -4.70000000e-01 -2.61866227e-12 -4.70000000e-01 -4.70000000e-01 
-4.80000000e-01 -7.40000000e-01 -4.80000000e-01 -2.62302281e-12 -4.80000000e-01 -4.80000000e-01 
-4.90000000e-01 -7.40000000e-01 -4.90000000e-01 -2.62737865e-12 -4.90000000e-01 -4.90000000e-01 
-5.00000000e-01 -7.40000000e-01 -5.00000000e-01 -2.63173014e-12 -5.00000000e-01 -5.00000000e-01 
-5.10000000e-01 -7.40000000e-01 -5.10000000e-01 -2.63607762e-12 -5.10000000e-01 -5.10000000e-01 
-5.20000000e-01 -7.40000000e-01 -5.20000000e-01 -2.64042138e-12 -5.20000000e-01 -5.20000000e-01 
-5.30000000e-01 -7.40000000e-01 -5.30000000e-01 -2.64476169e-12 -5.30000000e-01 -5.30000000e-01 
-5.40000000e-01 -7.40000000e-01 -5.40000000e-01 -2.64909880e-12 -5.40000000e-01 -5.40000000e-01 
-5.50000000e-01 -7.40000000e-01 -5.50000000e-01 -2.65343293e-12 -5.50000000e-01 -5.50000000e-01 
-5.60000000e-01 -7.40000000e-01 -5.60000000e-01 -2.65776428e-12 -5.60000000e-01 -5.60000000e-01 
-5.70000000e-01 -7.40000000e-01 -5.70000000e-01 -2.66209305e-12 -5.70000000e-01 -5.70000000e-01 
-5.80000000e-01 -7.40000000e-01 -5.80000000e-01 -2.66641940e-12 -5.80000000e-01 -5.80000000e-01 
-5.90000000e-01 -7.40000000e-01 -5.90000000e-01 -2.67074350e-12 -5.90000000e-01 -5.90000000e-01 
-6.00000000e-01 -7.40000000e-01 -6.00000000e-01 -2.67506548e-12 -6.00000000e-01 -6.00000000e-01 
-6.10000000e-01 -7.40000000e-01 -6.10000000e-01 -2.67938548e-12 -6.10000000e-01 -6.10000000e-01 
-6.20000000e-01 -7.40000000e-01 -6.20000000e-01 -2.68370363e-12 -6.20000000e-01 -6.20000000e-01 
-6.30000000e-01 -7.40000000e-01 -6.30000000e-01 -2.68802003e-12 -6.30000000e-01 -6.30000000e-01 
-6.40000000e-01 -7.40000000e-01 -6.40000000e-01 -2.69233479e-12 -6.40000000e-01 -6.40000000e-01 
-6.50000000e-01 -7.40000000e-01 -6.50000000e-01 -2.69664800e-12 -6.50000000e-01 -6.50000000e-01 
-6.60000000e-01 -7.40000000e-01 -6.60000000e-01 -2.70095976e-12 -6.60000000e-01 -6.60000000e-01 
-6.70000000e-01 -7.40000000e-01 -6.70000000e-01 -2.70527016e-12 -6.70000000e-01 -6.70000000e-01 
-6.80000000e-01 -7.40000000e-01 -6.80000000e-01 -2.70957926e-12 -6.80000000e-01 -6.80000000e-01 
-6.90000000e-01 -7.40000000e-01 -6.90000000e-01 -2.71388713e-12 -6.90000000e-01 -6.90000000e-01 
-7.00000000e-01 -7.40000000e-01 -7.00000000e-01 -2.71819386e-12 -7.00000000e-01 -7.00000000e-01 
-7.10000000e-01 -7.40000000e-01 -7.10000000e-01 -2.72249949e-12 -7.10000000e-01 -7.10000000e-01 
-7.20000000e-01 -7.40000000e-01 -7.20000000e-01 -2.72680408e-12 -7.20000000e-01 -7.20000000e-01 
-7.30000000e-01 -7.40000000e-01 -7.30000000e-01 -2.73110770e-12 -7.30000000e-01 -7.30000000e-01 
-7.40000000e-01 -7.40000000e-01 -7.40000000e-01 -2.73541038e-12 -7.40000000e-01 -7.40000000e-01 
-7.50000000e-01 -7.40000000e-01 -7.50000000e-01 -2.73971218e-12 -7.50000000e-01 -7.50000000e-01 
-7.60000000e-01 -7.40000000e-01 -7.60000000e-01 -2.74401314e-12 -7.60000000e-01 -7.60000000e-01 
-7.70000000e-01 -7.40000000e-01 -7.70000000e-01 -2.74831331e-12 -7.70000000e-01 -7.70000000e-01 
-7.80000000e-01 -7.40000000e-01 -7.80000000e-01 -2.75261272e-12 -7.80000000e-01 -7.80000000e-01 
-7.90000000e-01 -7.40000000e-01 -7.90000000e-01 -2.75691140e-12 -7.90000000e-01 -7.90000000e-01 
-8.00000000e-01 -7.40000000e-01 -8.00000000e-01 -2.76120940e-12 -8.00000000e-01 -8.00000000e-01 
-8.10000000e-01 -7.40000000e-01 -8.10000000e-01 -2.76550674e-12 -8.10000000e-01 -8.10000000e-01 
-8.20000000e-01 -7.40000000e-01 -8.20000000e-01 -2.76980346e-12 -8.20000000e-01 -8.20000000e-01 
-8.30000000e-01 -7.40000000e-01 -8.30000000e-01 -2.77409958e-12 -8.30000000e-01 -8.30000000e-01 
-8.40000000e-01 -7.40000000e-01 -8.40000000e-01 -2.77839514e-12 -8.40000000e-01 -8.40000000e-01 
-8.50000000e-01 -7.40000000e-01 -8.50000000e-01 -2.78269015e-12 -8.50000000e-01 -8.50000000e-01 
-8.60000000e-01 -7.40000000e-01 -8.60000000e-01 -2.78698463e-12 -8.60000000e-01 -8.60000000e-01 
-8.70000000e-01 -7.40000000e-01 -8.70000000e-01 -2.79127862e-12 -8.70000000e-01 -8.70000000e-01 
-8.80000000e-01 -7.40000000e-01 -8.80000000e-01 -2.79557214e-12 -8.80000000e-01 -8.80000000e-01 
-8.90000000e-01 -7.40000000e-01 -8.90000000e-01 -2.79986520e-12 -8.90000000e-01 -8.90000000e-01 
-9.00000000e-01 -7.40000000e-01 -9.00000000e-01 -2.80415782e-12 -9.00000000e-01 -9.00000000e-01 
-9.10000000e-01 -7.40000000e-01 -9.10000000e-01 -2.80845003e-12 -9.10000000e-01 -9.10000000e-01 
-9.20000000e-01 -7.40000000e-01 -9.20000000e-01 -2.81274183e-12 -9.20000000e-01 -9.20000000e-01 
-9.30000000e-01 -7.40000000e-01 -9.30000000e-01 -2.81703324e-12 -9.30000000e-01 -9.30000000e-01 
-9.40000000e-01 -7.40000000e-01 -9.40000000e-01 -2.82132429e-12 -9.40000000e-01 -9.40000000e-01 
-9.50000000e-01 -7.40000000e-01 -9.50000000e-01 -2.82561498e-12 -9.50000000e-01 -9.50000000e-01 
-9.60000000e-01 -7.40000000e-01 -9.60000000e-01 -2.82990534e-12 -9.60000000e-01 -9.60000000e-01 
-9.70000000e-01 -7.40000000e-01 -9.70000000e-01 -2.83419536e-12 -9.70000000e-01 -9.70000000e-01 
-9.80000000e-01 -7.40000000e-01 -9.80000000e-01 -2.83848507e-12 -9.80000000e-01 -9.80000000e-01 
-9.90000000e-01 -7.40000000e-01 -9.90000000e-01 -2.84277447e-12 -9.90000000e-01 -9.90000000e-01 
-1.00000000e+00 -7.40000000e-01 -1.00000000e+00 -2.84706358e-12 -1.00000000e+00 -1.00000000e+00 
-1.01000000e+00 -7.40000000e-01 -1.01000000e+00 -2.85135241e-12 -1.01000000e+00 -1.01000000e+00 
-1.02000000e+00 -7.40000000e-01 -1.02000000e+00 -2.85564097e-12 -1.02000000e+00 -1.02000000e+00 
-1.03000000e+00 -7.40000000e-01 -1.03000000e+00 -2.85992927e-12 -1.03000000e+00 -1.03000000e+00 
-1.04000000e+00 -7.40000000e-01 -1.04000000e+00 -2.86421732e-12 -1.04000000e+00 -1.04000000e+00 
-1.05000000e+00 -7.40000000e-01 -1.05000000e+00 -2.86850513e-12 -1.05000000e+00 -1.05000000e+00 
-1.06000000e+00 -7.40000000e-01 -1.06000000e+00 -2.87279270e-12 -1.06000000e+00 -1.06000000e+00 
-1.07000000e+00 -7.40000000e-01 -1.07000000e+00 -2.87708004e-12 -1.07000000e+00 -1.07000000e+00 
-1.08000000e+00 -7.40000000e-01 -1.08000000e+00 -2.88136717e-12 -1.08000000e+00 -1.08000000e+00 
-1.09000000e+00 -7.40000000e-01 -1.09000000e+00 -2.88565408e-12 -1.09000000e+00 -1.09000000e+00 
-1.10000000e+00 -7.40000000e-01 -1.10000000e+00 -2.88994079e-12 -1.10000000e+00 -1.10000000e+00 
-1.11000000e+00 -7.40000000e-01 -1.11000000e+00 -2.89422731e-12 -1.11000000e+00 -1.11000000e+00 
-1.12000000e+00 -7.40000000e-01 -1.12000000e+00 -2.89851364e-12 -1.12000000e+00 -1.12000000e+00 
-1.13000000e+00 -7.40000000e-01 -1.13000000e+00 -2.90279978e-12 -1.13000000e+00 -1.13000000e+00 
-1.14000000e+00 -7.40000000e-01 -1.14000000e+00 -2.90708574e-12 -1.14000000e+00 -1.14000000e+00 
-1.15000000e+00 -7.40000000e-01 -1.15000000e+00 -2.91137153e-12 -1.15000000e+00 -1.15000000e+00 
-1.16000000e+00 -7.40000000e-01 -1.16000000e+00 -2.91565715e-12 -1.16000000e+00 -1.16000000e+00 
-1.17000000e+00 -7.40000000e-01 -1.17000000e+00 -2.91994262e-12 -1.17000000e+00 -1.17000000e+00 
-1.18000000e+00 -7.40000000e-01 -1.18000000e+00 -2.92422792e-12 -1.18000000e+00 -1.18000000e+00 
-1.19000000e+00 -7.40000000e-01 -1.19000000e+00 -2.92851308e-12 -1.19000000e+00 -1.19000000e+00 
-1.20000000e+00 -7.40000000e-01 -1.20000000e+00 -2.93279808e-12 -1.20000000e+00 -1.20000000e+00 
-1.21000000e+00 -7.40000000e-01 -1.21000000e+00 -2.93708295e-12 -1.21000000e+00 -1.21000000e+00 
-1.22000000e+00 -7.40000000e-01 -1.22000000e+00 -2.94136768e-12 -1.22000000e+00 -1.22000000e+00 
-1.23000000e+00 -7.40000000e-01 -1.23000000e+00 -2.94565227e-12 -1.23000000e+00 -1.23000000e+00 
-1.24000000e+00 -7.40000000e-01 -1.24000000e+00 -2.94993673e-12 -1.24000000e+00 -1.24000000e+00 
-1.25000000e+00 -7.40000000e-01 -1.25000000e+00 -2.95422107e-12 -1.25000000e+00 -1.25000000e+00 
-1.26000000e+00 -7.40000000e-01 -1.26000000e+00 -2.95850529e-12 -1.26000000e+00 -1.26000000e+00 
-1.27000000e+00 -7.40000000e-01 -1.27000000e+00 -2.96278938e-12 -1.27000000e+00 -1.27000000e+00 
-1.28000000e+00 -7.40000000e-01 -1.28000000e+00 -2.96707336e-12 -1.28000000e+00 -1.28000000e+00 
-1.29000000e+00 -7.40000000e-01 -1.29000000e+00 -2.97135723e-12 -1.29000000e+00 -1.29000000e+00 
-1.30000000e+00 -7.40000000e-01 -1.30000000e+00 -2.97564099e-12 -1.30000000e+00 -1.30000000e+00 
-1.31000000e+00 -7.40000000e-01 -1.31000000e+00 -2.97992464e-12 -1.31000000e+00 -1.31000000e+00 
-1.32000000e+00 -7.40000000e-01 -1.32000000e+00 -2.98420819e-12 -1.32000000e+00 -1.32000000e+00 
-1.33000000e+00 -7.40000000e-01 -1.33000000e+00 -2.98849164e-12 -1.33000000e+00 -1.33000000e+00 
-1.34000000e+00 -7.40000000e-01 -1.34000000e+00 -2.99277500e-12 -1.34000000e+00 -1.34000000e+00 
-1.35000000e+00 -7.40000000e-01 -1.35000000e+00 -2.99705825e-12 -1.35000000e+00 -1.35000000e+00 
-1.36000000e+00 -7.40000000e-01 -1.36000000e+00 -3.00134142e-12 -1.36000000e+00 -1.36000000e+00 
-1.37000000e+00 -7.40000000e-01 -1.37000000e+00 -3.00562450e-12 -1.37000000e+00 -1.37000000e+00 
-1.38000000e+00 -7.40000000e-01 -1.38000000e+00 -3.00990748e-12 -1.38000000e+00 -1.38000000e+00 
-1.39000000e+00 -7.40000000e-01 -1.39000000e+00 -3.01419039e-12 -1.39000000e+00 -1.39000000e+00 
-1.40000000e+00 -7.40000000e-01 -1.40000000e+00 -3.01847321e-12 -1.40000000e+00 -1.40000000e+00 
-1.41000000e+00 -7.40000000e-01 -1.41000000e+00 -3.02275595e-12 -1.41000000e+00 -1.41000000e+00 
-1.42000000e+00 -7.40000000e-01 -1.42000000e+00 -3.02703861e-12 -1.42000000e+00 -1.42000000e+00 
-1.43000000e+00 -7.40000000e-01 -1.43000000e+00 -3.03132119e-12 -1.43000000e+00 -1.43000000e+00 
-1.44000000e+00 -7.40000000e-01 -1.44000000e+00 -3.03560370e-12 -1.44000000e+00 -1.44000000e+00 
-1.45000000e+00 -7.40000000e-01 -1.45000000e+00 -3.03988614e-12 -1.45000000e+00 -1.45000000e+00 
-1.46000000e+00 -7.40000000e-01 -1.46000000e+00 -3.04416850e-12 -1.46000000e+00 -1.46000000e+00 
-1.47000000e+00 -7.40000000e-01 -1.47000000e+00 -3.04845080e-12 -1.47000000e+00 -1.47000000e+00 
-1.48000000e+00 -7.40000000e-01 -1.48000000e+00 -3.05273303e-12 -1.48000000e+00 -1.48000000e+00 
-1.49000000e+00 -7.40000000e-01 -1.49000000e+00 -3.05701519e-12 -1.49000000e+00 -1.49000000e+00 
-1.50000000e+00 -7.40000000e-01 -1.50000000e+00 -3.06129729e-12 -1.50000000e+00 -1.50000000e+00 
-1.51000000e+00 -7.40000000e-01 -1.51000000e+00 -3.06557933e-12 -1.51000000e+00 -1.51000000e+00 
-1.52000000e+00 -7.40000000e-01 -1.52000000e+00 -3.06986130e-12 -1.52000000e+00 -1.52000000e+00 
-1.53000000e+00 -7.40000000e-01 -1.53000000e+00 -3.07414322e-12 -1.53000000e+00 -1.53000000e+00 
-1.54000000e+00 -7.40000000e-01 -1.54000000e+00 -3.07842507e-12 -1.54000000e+00 -1.54000000e+00 
-1.55000000e+00 -7.40000000e-01 -1.55000000e+00 -3.08270687e-12 -1.55000000e+00 -1.55000000e+00 
-1.56000000e+00 -7.40000000e-01 -1.56000000e+00 -3.08698861e-12 -1.56000000e+00 -1.56000000e+00 
-1.57000000e+00 -7.40000000e-01 -1.57000000e+00 -3.09127030e-12 -1.57000000e+00 -1.57000000e+00 
-1.58000000e+00 -7.40000000e-01 -1.58000000e+00 -3.09555194e-12 -1.58000000e+00 -1.58000000e+00 
-1.59000000e+00 -7.40000000e-01 -1.59000000e+00 -3.09983352e-12 -1.59000000e+00 -1.59000000e+00 
-1.60000000e+00 -7.40000000e-01 -1.60000000e+00 -3.10411505e-12 -1.60000000e+00 -1.60000000e+00 
-1.61000000e+00 -7.40000000e-01 -1.61000000e+00 -3.10839654e-12 -1.61000000e+00 -1.61000000e+00 
-1.62000000e+00 -7.40000000e-01 -1.62000000e+00 -3.11267797e-12 -1.62000000e+00 -1.62000000e+00 
-1.63000000e+00 -7.40000000e-01 -1.63000000e+00 -3.11695936e-12 -1.63000000e+00 -1.63000000e+00 
-1.64000000e+00 -7.40000000e-01 -1.64000000e+00 -3.12124070e-12 -1.64000000e+00 -1.64000000e+00 
-1.65000000e+00 -7.40000000e-01 -1.65000000e+00 -3.12552199e-12 -1.65000000e+00 -1.65000000e+00 
-1.66000000e+00 -7.40000000e-01 -1.66000000e+00 -3.12980324e-12 -1.66000000e+00 -1.66000000e+00 
-1.67000000e+00 -7.40000000e-01 -1.67000000e+00 -3.13408445e-12 -1.67000000e+00 -1.67000000e+00 
-1.68000000e+00 -7.40000000e-01 -1.68000000e+00 -3.13836561e-12 -1.68000000e+00 -1.68000000e+00 
-1.69000000e+00 -7.40000000e-01 -1.69000000e+00 -3.14264673e-12 -1.69000000e+00 -1.69000000e+00 
-1.70000000e+00 -7.40000000e-01 -1.70000000e+00 -3.14692782e-12 -1.70000000e+00 -1.70000000e+00 
-1.71000000e+00 -7.40000000e-01 -1.71000000e+00 -3.15120886e-12 -1.71000000e+00 -1.71000000e+00 
-1.72000000e+00 -7.40000000e-01 -1.72000000e+00 -3.15548986e-12 -1.72000000e+00 -1.72000000e+00 
-1.73000000e+00 -7.40000000e-01 -1.73000000e+00 -3.15977082e-12 -1.73000000e+00 -1.73000000e+00 
-1.74000000e+00 -7.40000000e-01 -1.74000000e+00 -3.16405175e-12 -1.74000000e+00 -1.74000000e+00 
-1.75000000e+00 -7.40000000e-01 -1.75000000e+00 -3.16833264e-12 -1.75000000e+00 -1.75000000e+00 
-1.76000000e+00 -7.40000000e-01 -1.76000000e+00 -3.17261349e-12 -1.76000000e+00 -1.76000000e+00 
-1.77000000e+00 -7.40000000e-01 -1.77000000e+00 -3.17689431e-12 -1.77000000e+00 -1.77000000e+00 
-1.78000000e+00 -7.40000000e-01 -1.78000000e+00 -3.18117509e-12 -1.78000000e+00 -1.78000000e+00 
-1.79000000e+00 -7.40000000e-01 -1.79000000e+00 -3.18545584e-12 -1.79000000e+00 -1.79000000e+00 
-1.80000000e+00 -7.40000000e-01 -1.80000000e+00 -3.18973656e-12 -1.80000000e+00 -1.80000000e+00 
-1.81000000e+00 -7.40000000e-01 -1.81000000e+00 -3.19401725e-12 -1.81000000e+00 -1.81000000e+00 
-1.82000000e+00 -7.40000000e-01 -1.82000000e+00 -3.19829790e-12 -1.82000000e+00 -1.82000000e+00 
-1.83000000e+00 -7.40000000e-01 -1.83000000e+00 -3.20257852e-12 -1.83000000e+00 -1.83000000e+00 
-1.84000000e+00 -7.40000000e-01 -1.84000000e+00 -3.20685911e-12 -1.84000000e+00 -1.84000000e+00 
-1.85000000e+00 -7.40000000e-01 -1.85000000e+00 -3.21113967e-12 -1.85000000e+00 -1.85000000e+00 
