 0.00000000e+00 -1.85000000e+00  0.00000000e+00 -0.00000000e+00  0.00000000e+00  0.00000000e+00 
-1.00000000e-02 -1.85000000e+00 -1.00000000e-02 -1.71564895e-07 -1.00000000e-02 -1.00000000e-02 
-2.00000000e-02 -1.85000000e+00 -2.00000000e-02 -3.41639494e-07 -2.00000000e-02 -2.00000000e-02 
-3.00000000e-02 -1.85000000e+00 -3.00000000e-02 -5.10187366e-07 -3.00000000e-02 -3.00000000e-02 
-4.00000000e-02 -1.85000000e+00 -4.00000000e-02 -6.77177580e-07 -4.00000000e-02 -4.00000000e-02 
-5.00000000e-02 -1.85000000e+00 -5.00000000e-02 -8.42579941e-07 -5.00000000e-02 -5.00000000e-02 
-6.00000000e-02 -1.85000000e+00 -6.00000000e-02 -1.00636408e-06 -6.00000000e-02 -6.00000000e-02 
-7.00000000e-02 -1.85000000e+00 -7.00000000e-02 -1.16849910e-06 -7.00000000e-02 -7.00000000e-02 
-8.00000000e-02 -1.85000000e+00 -8.00000000e-02 -1.32895347e-06 -8.00000000e-02 -8.00000000e-02 
-9.00000000e-02 -1.85000000e+00 -9.00000000e-02 -1.48769487e-06 -9.00000000e-02 -9.00000000e-02 
-1.00000000e-01 -1.85000000e+00 -1.00000000e-01 -1.64469014e-06 -1.00000000e-01 -1.00000000e-01 
-1.10000000e-01 -1.85000000e+00 -1.10000000e-01 -1.79990523e-06 -1.10000000e-01 -1.10000000e-01 
-1.20000000e-01 -1.85000000e+00 -1.20000000e-01 -1.95330514e-06 -1.20000000e-01 -1.20000000e-01 
-1.30000000e-01 -1.85000000e+00 -1.30000000e-01 -2.10485384e-06 -1.30000000e-01 -1.30000000e-01 
-1.40000000e-01 -1.85000000e+00 -1.40000000e-01 -2.25451425e-06 -1.40000000e-01 -1.40000000e-01 
-1.50000000e-01 -1.85000000e+00 -1.50000000e-01 -2.40224819e-06 -1.50000000e-01 -1.50000000e-01 
-1.60000000e-01 -1.85000000e+00 -1.60000000e-01 -2.54801628e-06 -1.60000000e-01 -1.60000000e-01 
-1.70000000e-01 -1.85000000e+00 -1.70000000e-01 -2.69177793e-06 -1.70000000e-01 -1.70000000e-01 
-1.80000000e-01 -1.85000000e+00 -1.80000000e-01 -2.83349124e-06 -1.80000000e-01 -1.80000000e-01 
-1.90000000e-01 -1.85000000e+00 -1.90000000e-01 -2.97311297e-06 -1.90000000e-01 -1.90000000e-01 
-2.00000000e-01 -1.85000000e+00 -2.00000000e-01 -3.11059846e-06 -2.00000000e-01 -2.00000000e-01 
-2.10000000e-01 -1.85000000e+00 -2.10000000e-01 -3.24590153e-06 -2.10000000e-01 -2.10000000e-01 
-2.20000000e-01 -1.85000000e+00 -2.20000000e-01 -3.37897447e-06 -2.20000000e-01 -2.20000000e-01 
-2.30000000e-01 -1.85000000e+00 -2.30000000e-01 -3.50976792e-06 -2.30000000e-01 -2.30000000e-01 
-2.40000000e-01 -1.85000000e+00 -2.40000000e-01 -3.63823080e-06 -2.40000000e-01 -2.40000000e-01 
-2.50000000e-01 -1.85000000e+00 -2.50000000e-01 -3.76431026e-06 -2.50000000e-01 -2.50000000e-01 
-2.60000000e-01 -1.85000000e+00 -2.60000000e-01 -3.88795156e-06 -2.60000000e-01 -2.60000000e-01 
-2.70000000e-01 -1.85000000e+00 -2.70000000e-01 -4.00909807e-06 -2.70000000e-01 -2.70000000e-01 
-2.80000000e-01 -1.85000000e+00 -2.80000000e-01 -4.12769114e-06 -2.80000000e-01 -2.80000000e-01 
-2.90000000e-01 -1.85000000e+00 -2.90000000e-01 -4.24367011e-06 -2.90000000e-01 -2.90000000e-01 
-3.00000000e-01 -1.85000000e+00 -3.00000000e-01 -4.35697224e-06 -3.00000000e-01 -3.00000000e-01 
-3.10000000e-01 -1.85000000e+00 -3.10000000e-01 -4.46753272e-06 -3.10000000e-01 -3.10000000e-01 
-3.20000000e-01 -1.85000000e+00 -3.20000000e-01 -4.57528472e-06 -3.20000000e-01 -3.20000000e-01 
-3.30000000e-01 -1.85000000e+00 -3.30000000e-01 -4.68015946e-06 -3.30000000e-01 -3.30000000e-01 
-3.40000000e-01 -1.85000000e+00 -3.40000000e-01 -4.78208636e-06 -3.40000000e-01 -3.40000000e-01 
-3.50000000e-01 -1.85000000e+00 -3.50000000e-01 -4.88099332e-06 -3.50000000e-01 -3.50000000e-01 
-3.60000000e-01 -1.85000000e+00 -3.60000000e-01 -4.97680703e-06 -3.60000000e-01 -3.60000000e-01 
-3.70000000e-01 -1.85000000e+00 -3.70000000e-01 -5.06945352e-06 -3.70000000e-01 -3.70000000e-01 
-3.80000000e-01 -1.85000000e+00 -3.80000000e-01 -5.15885885e-06 -3.80000000e-01 -3.80000000e-01 
-3.90000000e-01 -1.85000000e+00 -3.90000000e-01 -5.24495000e-06 -3.90000000e-01 -3.90000000e-01 
-4.00000000e-01 -1.85000000e+00 -4.00000000e-01 -5.32765609e-06 -4.00000000e-01 -4.00000000e-01 
-4.10000000e-01 -1.85000000e+00 -4.10000000e-01 -5.40690984e-06 -4.10000000e-01 -4.10000000e-01 
-4.20000000e-01 -1.85000000e+00 -4.20000000e-01 -5.48264937e-06 -4.20000000e-01 -4.20000000e-01 
-4.30000000e-01 -1.85000000e+00 -4.30000000e-01 -5.55482042e-06 -4.30000000e-01 -4.30000000e-01 
-4.40000000e-01 -1.85000000e+00 -4.40000000e-01 -5.62337878e-06 -4.40000000e-01 -4.40000000e-01 
-4.50000000e-01 -1.85000000e+00 -4.50000000e-01 -5.68829303e-06 -4.50000000e-01 -4.50000000e-01 
-4.60000000e-01 -1.85000000e+00 -4.60000000e-01 -5.74954747e-06 -4.60000000e-01 -4.60000000e-01 
-4.70000000e-01 -1.85000000e+00 -4.70000000e-01 -5.80714493e-06 -4.70000000e-01 -4.70000000e-01 
-4.80000000e-01 -1.85000000e+00 -4.80000000e-01 -5.86110942e-06 -4.80000000e-01 -4.80000000e-01 
-4.90000000e-01 -1.85000000e+00 -4.90000000e-01 -5.91148814e-06 -4.90000000e-01 -4.90000000e-01 
-5.00000000e-01 -1.85000000e+00 -5.00000000e-01 -5.95835281e-06 -5.00000000e-01 -5.00000000e-01 
-5.10000000e-01 -1.85000000e+00 -5.10000000e-01 -6.00179987e-06 -5.10000000e-01 -5.10000000e-01 
-5.20000000e-01 -1.85000000e+00 -5.20000000e-01 -6.04194955e-06 -5.20000000e-01 -5.20000000e-01 
-5.30000000e-01 -1.85000000e+00 -5.30000000e-01 -6.07894367e-06 -5.30000000e-01 -5.30000000e-01 
-5.40000000e-01 -1.85000000e+00 -5.40000000e-01 -6.11294247e-06 -5.40000000e-01 -5.40000000e-01 
-5.50000000e-01 -1.85000000e+00 -5.50000000e-01 -6.14412048e-06 -5.50000000e-01 -5.50000000e-01 
-5.60000000e-01 -1.85000000e+00 -5.60000000e-01 -6.17266200e-06 -5.60000000e-01 -5.60000000e-01 
-5.70000000e-01 -1.85000000e+00 -5.70000000e-01 -6.19875642e-06 -5.70000000e-01 -5.70000000e-01 
-5.80000000e-01 -1.85000000e+00 -5.80000000e-01 -6.22259381e-06 -5.80000000e-01 -5.80000000e-01 
-5.90000000e-01 -1.85000000e+00 -5.90000000e-01 -6.24436100e-06 -5.90000000e-01 -5.90000000e-01 
-6.00000000e-01 -1.85000000e+00 -6.00000000e-01 -6.26423836e-06 -6.00000000e-01 -6.00000000e-01 
-6.10000000e-01 -1.85000000e+00 -6.10000000e-01 -6.28239732e-06 -6.10000000e-01 -6.10000000e-01 
-6.20000000e-01 -1.85000000e+00 -6.20000000e-01 -6.29899872e-06 -6.20000000e-01 -6.20000000e-01 
-6.30000000e-01 -1.85000000e+00 -6.30000000e-01 -6.31419173e-06 -6.30000000e-01 -6.30000000e-01 
-6.40000000e-01 -1.85000000e+00 -6.40000000e-01 -6.32811346e-06 -6.40000000e-01 -6.40000000e-01 
-6.50000000e-01 -1.85000000e+00 -6.50000000e-01 -6.34088896e-06 -6.50000000e-01 -6.50000000e-01 
-6.60000000e-01 -1.85000000e+00 -6.60000000e-01 -6.35263160e-06 -6.60000000e-01 -6.60000000e-01 
-6.70000000e-01 -1.85000000e+00 -6.70000000e-01 -6.36344364e-06 -6.70000000e-01 -6.70000000e-01 
-6.80000000e-01 -1.85000000e+00 -6.80000000e-01 -6.37341699e-06 -6.80000000e-01 -6.80000000e-01 
-6.90000000e-01 -1.85000000e+00 -6.90000000e-01 -6.38263401e-06 -6.90000000e-01 -6.90000000e-01 
-7.00000000e-01 -1.85000000e+00 -7.00000000e-01 -6.39116838e-06 -7.00000000e-01 -7.00000000e-01 
-7.10000000e-01 -1.85000000e+00 -7.10000000e-01 -6.39908591e-06 -7.10000000e-01 -7.10000000e-01 
-7.20000000e-01 -1.85000000e+00 -7.20000000e-01 -6.40644537e-06 -7.20000000e-01 -7.20000000e-01 
-7.30000000e-01 -1.85000000e+00 -7.30000000e-01 -6.41329919e-06 -7.30000000e-01 -7.30000000e-01 
-7.40000000e-01 -1.85000000e+00 -7.40000000e-01 -6.41969418e-06 -7.40000000e-01 -7.40000000e-01 
-7.50000000e-01 -1.85000000e+00 -7.50000000e-01 -6.42567213e-06 -7.50000000e-01 -7.50000000e-01 
-7.60000000e-01 -1.85000000e+00 -7.60000000e-01 -6.43127041e-06 -7.60000000e-01 -7.60000000e-01 
-7.70000000e-01 -1.85000000e+00 -7.70000000e-01 -6.43652246e-06 -7.70000000e-01 -7.70000000e-01 
-7.80000000e-01 -1.85000000e+00 -7.80000000e-01 -6.44145821e-06 -7.80000000e-01 -7.80000000e-01 
-7.90000000e-01 -1.85000000e+00 -7.90000000e-01 -6.44610451e-06 -7.90000000e-01 -7.90000000e-01 
-8.00000000e-01 -1.85000000e+00 -8.00000000e-01 -6.45048549e-06 -8.00000000e-01 -8.00000000e-01 
-8.10000000e-01 -1.85000000e+00 -8.10000000e-01 -6.45462284e-06 -8.10000000e-01 -8.10000000e-01 
-8.20000000e-01 -1.85000000e+00 -8.20000000e-01 -6.45853609e-06 -8.20000000e-01 -8.20000000e-01 
-8.30000000e-01 -1.85000000e+00 -8.30000000e-01 -6.46224289e-06 -8.30000000e-01 -8.30000000e-01 
-8.40000000e-01 -1.85000000e+00 -8.40000000e-01 -6.46575916e-06 -8.40000000e-01 -8.40000000e-01 
-8.50000000e-01 -1.85000000e+00 -8.50000000e-01 -6.46909933e-06 -8.50000000e-01 -8.50000000e-01 
-8.60000000e-01 -1.85000000e+00 -8.60000000e-01 -6.47227648e-06 -8.60000000e-01 -8.60000000e-01 
-8.70000000e-01 -1.85000000e+00 -8.70000000e-01 -6.47530248e-06 -8.70000000e-01 -8.70000000e-01 
-8.80000000e-01 -1.85000000e+00 -8.80000000e-01 -6.47818814e-06 -8.80000000e-01 -8.80000000e-01 
-8.90000000e-01 -1.85000000e+00 -8.90000000e-01 -6.48094330e-06 -8.90000000e-01 -8.90000000e-01 
-9.00000000e-01 -1.85000000e+00 -9.00000000e-01 -6.48357694e-06 -9.00000000e-01 -9.00000000e-01 
-9.10000000e-01 -1.85000000e+00 -9.10000000e-01 -6.48609726e-06 -9.10000000e-01 -9.10000000e-01 
-9.20000000e-01 -1.85000000e+00 -9.20000000e-01 -6.48851178e-06 -9.20000000e-01 -9.20000000e-01 
-9.30000000e-01 -1.85000000e+00 -9.30000000e-01 -6.49082739e-06 -9.30000000e-01 -9.30000000e-01 
-9.40000000e-01 -1.85000000e+00 -9.40000000e-01 -6.49305041e-06 -9.40000000e-01 -9.40000000e-01 
-9.50000000e-01 -1.85000000e+00 -9.50000000e-01 -6.49518664e-06 -9.50000000e-01 -9.50000000e-01 
-9.60000000e-01 -1.85000000e+00 -9.60000000e-01 -6.49724145e-06 -9.60000000e-01 -9.60000000e-01 
-9.70000000e-01 -1.85000000e+00 -9.70000000e-01 -6.49921976e-06 -9.70000000e-01 -9.70000000e-01 
-9.80000000e-01 -1.85000000e+00 -9.80000000e-01 -6.50112612e-06 -9.80000000e-01 -9.80000000e-01 
-9.90000000e-01 -1.85000000e+00 -9.90000000e-01 -6.50296475e-06 -9.90000000e-01 -9.90000000e-01 
-1.00000000e+00 -1.85000000e+00 -1.00000000e+00 -6.50473955e-06 -1.00000000e+00 -1.00000000e+00 
-1.01000000e+00 -1.85000000e+00 -1.01000000e+00 -6.50645412e-06 -1.01000000e+00 -1.01000000e+00 
-1.02000000e+00 -1.85000000e+00 -1.02000000e+00 -6.50811181e-06 -1.02000000e+00 -1.02000000e+00 
-1.03000000e+00 -1.85000000e+00 -1.03000000e+00 -6.50971573e-06 -1.03000000e+00 -1.03000000e+00 
-1.04000000e+00 -1.85000000e+00 -1.04000000e+00 -6.51126879e-06 -1.04000000e+00 -1.04000000e+00 
-1.05000000e+00 -1.85000000e+00 -1.05000000e+00 -6.51277366e-06 -1.05000000e+00 -1.05000000e+00 
-1.06000000e+00 -1.85000000e+00 -1.06000000e+00 -6.51423288e-06 -1.06000000e+00 -1.06000000e+00 
-1.07000000e+00 -1.85000000e+00 -1.07000000e+00 -6.51564877e-06 -1.07000000e+00 -1.07000000e+00 
-1.08000000e+00 -1.85000000e+00 -1.08000000e+00 -6.51702353e-06 -1.08000000e+00 -1.08000000e+00 
-1.09000000e+00 -1.85000000e+00 -1.09000000e+00 -6.51835920e-06 -1.09000000e+00 -1.09000000e+00 
-1.10000000e+00 -1.85000000e+00 -1.10000000e+00 -6.51965770e-06 -1.10000000e+00 -1.10000000e+00 
-1.11000000e+00 -1.85000000e+00 -1.11000000e+00 -6.52092083e-06 -1.11000000e+00 -1.11000000e+00 
-1.12000000e+00 -1.85000000e+00 -1.12000000e+00 -6.52215027e-06 -1.12000000e+00 -1.12000000e+00 
-1.13000000e+00 -1.85000000e+00 -1.13000000e+00 -6.52334759e-06 -1.13000000e+00 -1.13000000e+00 
-1.14000000e+00 -1.85000000e+00 -1.14000000e+00 -6.52451429e-06 -1.14000000e+00 -1.14000000e+00 
-1.15000000e+00 -1.85000000e+00 -1.15000000e+00 -6.52565175e-06 -1.15000000e+00 -1.15000000e+00 
-1.16000000e+00 -1.85000000e+00 -1.16000000e+00 -6.52676129e-06 -1.16000000e+00 -1.16000000e+00 
-1.17000000e+00 -1.85000000e+00 -1.17000000e+00 -6.52784415e-06 -1.17000000e+00 -1.17000000e+00 
-1.18000000e+00 -1.85000000e+00 -1.18000000e+00 -6.52890150e-06 -1.18000000e+00 -1.18000000e+00 
-1.19000000e+00 -1.85000000e+00 -1.19000000e+00 -6.52993442e-06 -1.19000000e+00 -1.19000000e+00 
-1.20000000e+00 -1.85000000e+00 -1.20000000e+00 -6.53094397e-06 -1.20000000e+00 -1.20000000e+00 
-1.21000000e+00 -1.85000000e+00 -1.21000000e+00 -6.53193111e-06 -1.21000000e+00 -1.21000000e+00 
-1.22000000e+00 -1.85000000e+00 -1.22000000e+00 -6.53289679e-06 -1.22000000e+00 -1.22000000e+00 
-1.23000000e+00 -1.85000000e+00 -1.23000000e+00 -6.53384187e-06 -1.23000000e+00 -1.23000000e+00 
-1.24000000e+00 -1.85000000e+00 -1.24000000e+00 -6.53476720e-06 -1.24000000e+00 -1.24000000e+00 
-1.25000000e+00 -1.85000000e+00 -1.25000000e+00 -6.53567355e-06 -1.25000000e+00 -1.25000000e+00 
-1.26000000e+00 -1.85000000e+00 -1.26000000e+00 -6.53656167e-06 -1.26000000e+00 -1.26000000e+00 
-1.27000000e+00 -1.85000000e+00 -1.27000000e+00 -6.53743227e-06 -1.27000000e+00 -1.27000000e+00 
-1.28000000e+00 -1.85000000e+00 -1.28000000e+00 -6.53828602e-06 -1.28000000e+00 -1.28000000e+00 
-1.29000000e+00 -1.85000000e+00 -1.29000000e+00 -6.53912357e-06 -1.29000000e+00 -1.29000000e+00 
-1.30000000e+00 -1.85000000e+00 -1.30000000e+00 -6.53994552e-06 -1.30000000e+00 -1.30000000e+00 
-1.31000000e+00 -1.85000000e+00 -1.31000000e+00 -6.54075244e-06 -1.31000000e+00 -1.31000000e+00 
-1.32000000e+00 -1.85000000e+00 -1.32000000e+00 -6.54154489e-06 -1.32000000e+00 -1.32000000e+00 
-1.33000000e+00 -1.85000000e+00 -1.33000000e+00 -6.54232339e-06 -1.33000000e+00 -1.33000000e+00 
-1.34000000e+00 -1.85000000e+00 -1.34000000e+00 -6.54308844e-06 -1.34000000e+00 -1.34000000e+00 
-1.35000000e+00 -1.85000000e+00 -1.35000000e+00 -6.54384051e-06 -1.35000000e+00 -1.35000000e+00 
-1.36000000e+00 -1.85000000e+00 -1.36000000e+00 -6.54458006e-06 -1.36000000e+00 -1.36000000e+00 
-1.37000000e+00 -1.85000000e+00 -1.37000000e+00 -6.54530753e-06 -1.37000000e+00 -1.37000000e+00 
-1.38000000e+00 -1.85000000e+00 -1.38000000e+00 -6.54602331e-06 -1.38000000e+00 -1.38000000e+00 
-1.39000000e+00 -1.85000000e+00 -1.39000000e+00 -6.54672782e-06 -1.39000000e+00 -1.39000000e+00 
-1.40000000e+00 -1.85000000e+00 -1.40000000e+00 -6.54742142e-06 -1.40000000e+00 -1.40000000e+00 
-1.41000000e+00 -1.85000000e+00 -1.41000000e+00 -6.54810447e-06 -1.41000000e+00 -1.41000000e+00 
-1.42000000e+00 -1.85000000e+00 -1.42000000e+00 -6.54877733e-06 -1.42000000e+00 -1.42000000e+00 
-1.43000000e+00 -1.85000000e+00 -1.43000000e+00 -6.54944032e-06 -1.43000000e+00 -1.43000000e+00 
-1.44000000e+00 -1.85000000e+00 -1.44000000e+00 -6.55009376e-06 -1.44000000e+00 -1.44000000e+00 
-1.45000000e+00 -1.85000000e+00 -1.45000000e+00 -6.55073795e-06 -1.45000000e+00 -1.45000000e+00 
-1.46000000e+00 -1.85000000e+00 -1.46000000e+00 -6.55137319e-06 -1.46000000e+00 -1.46000000e+00 
-1.47000000e+00 -1.85000000e+00 -1.47000000e+00 -6.55199974e-06 -1.47000000e+00 -1.47000000e+00 
-1.48000000e+00 -1.85000000e+00 -1.48000000e+00 -6.55261788e-06 -1.48000000e+00 -1.48000000e+00 
-1.49000000e+00 -1.85000000e+00 -1.49000000e+00 -6.55322786e-06 -1.49000000e+00 -1.49000000e+00 
-1.50000000e+00 -1.85000000e+00 -1.50000000e+00 -6.55382993e-06 -1.50000000e+00 -1.50000000e+00 
-1.51000000e+00 -1.85000000e+00 -1.51000000e+00 -6.55442433e-06 -1.51000000e+00 -1.51000000e+00 
-1.52000000e+00 -1.85000000e+00 -1.52000000e+00 -6.55501129e-06 -1.52000000e+00 -1.52000000e+00 
-1.53000000e+00 -1.85000000e+00 -1.53000000e+00 -6.55559101e-06 -1.53000000e+00 -1.53000000e+00 
-1.54000000e+00 -1.85000000e+00 -1.54000000e+00 -6.55616371e-06 -1.54000000e+00 -1.54000000e+00 
-1.55000000e+00 -1.85000000e+00 -1.55000000e+00 -6.55672960e-06 -1.55000000e+00 -1.55000000e+00 
-1.56000000e+00 -1.85000000e+00 -1.56000000e+00 -6.55728887e-06 -1.56000000e+00 -1.56000000e+00 
-1.57000000e+00 -1.85000000e+00 -1.57000000e+00 -6.55784170e-06 -1.57000000e+00 -1.57000000e+00 
-1.58000000e+00 -1.85000000e+00 -1.58000000e+00 -6.55838827e-06 -1.58000000e+00 -1.58000000e+00 
-1.59000000e+00 -1.85000000e+00 -1.59000000e+00 -6.55892876e-06 -1.59000000e+00 -1.59000000e+00 
-1.60000000e+00 -1.85000000e+00 -1.60000000e+00 -6.55946333e-06 -1.60000000e+00 -1.60000000e+00 
-1.61000000e+00 -1.85000000e+00 -1.61000000e+00 -6.55999215e-06 -1.61000000e+00 -1.61000000e+00 
-1.62000000e+00 -1.85000000e+00 -1.62000000e+00 -6.56051538e-06 -1.62000000e+00 -1.62000000e+00 
-1.63000000e+00 -1.85000000e+00 -1.63000000e+00 -6.56103315e-06 -1.63000000e+00 -1.63000000e+00 
-1.64000000e+00 -1.85000000e+00 -1.64000000e+00 -6.56154561e-06 -1.64000000e+00 -1.64000000e+00 
-1.65000000e+00 -1.85000000e+00 -1.65000000e+00 -6.56205291e-06 -1.65000000e+00 -1.65000000e+00 
-1.66000000e+00 -1.85000000e+00 -1.66000000e+00 -6.56255518e-06 -1.66000000e+00 -1.66000000e+00 
-1.67000000e+00 -1.85000000e+00 -1.67000000e+00 -6.56305255e-06 -1.67000000e+00 -1.67000000e+00 
-1.68000000e+00 -1.85000000e+00 -1.68000000e+00 -6.56354514e-06 -1.68000000e+00 -1.68000000e+00 
-1.69000000e+00 -1.85000000e+00 -1.69000000e+00 -6.56403308e-06 -1.69000000e+00 -1.69000000e+00 
-1.70000000e+00 -1.85000000e+00 -1.70000000e+00 -6.56451648e-06 -1.70000000e+00 -1.70000000e+00 
-1.71000000e+00 -1.85000000e+00 -1.71000000e+00 -6.56499546e-06 -1.71000000e+00 -1.71000000e+00 
-1.72000000e+00 -1.85000000e+00 -1.72000000e+00 -6.56547012e-06 -1.72000000e+00 -1.72000000e+00 
-1.73000000e+00 -1.85000000e+00 -1.73000000e+00 -6.56594058e-06 -1.73000000e+00 -1.73000000e+00 
-1.74000000e+00 -1.85000000e+00 -1.74000000e+00 -6.56640693e-06 -1.74000000e+00 -1.74000000e+00 
-1.75000000e+00 -1.85000000e+00 -1.75000000e+00 -6.56686927e-06 -1.75000000e+00 -1.75000000e+00 
-1.76000000e+00 -1.85000000e+00 -1.76000000e+00 -6.56732771e-06 -1.76000000e+00 -1.76000000e+00 
-1.77000000e+00 -1.85000000e+00 -1.77000000e+00 -6.56778232e-06 -1.77000000e+00 -1.77000000e+00 
-1.78000000e+00 -1.85000000e+00 -1.78000000e+00 -6.56823321e-06 -1.78000000e+00 -1.78000000e+00 
-1.79000000e+00 -1.85000000e+00 -1.79000000e+00 -6.56868047e-06 -1.79000000e+00 -1.79000000e+00 
-1.80000000e+00 -1.85000000e+00 -1.80000000e+00 -6.56912416e-06 -1.80000000e+00 -1.80000000e+00 
-1.81000000e+00 -1.85000000e+00 -1.81000000e+00 -6.56956438e-06 -1.81000000e+00 -1.81000000e+00 
-1.82000000e+00 -1.85000000e+00 -1.82000000e+00 -6.57000121e-06 -1.82000000e+00 -1.82000000e+00 
-1.83000000e+00 -1.85000000e+00 -1.83000000e+00 -6.57043473e-06 -1.83000000e+00 -1.83000000e+00 
-1.84000000e+00 -1.85000000e+00 -1.84000000e+00 -6.57086500e-06 -1.84000000e+00 -1.84000000e+00 
-1.85000000e+00 -1.85000000e+00 -1.85000000e+00 -6.57129211e-06 -1.85000000e+00 -1.85000000e+00 
