 v-sweep         run_num         v(drain)        i(vds)          out_vth0        out_u0          out_rdsw        out_nfactor     out_vsat        out_eta0       
 0.00000000e+00  3.00000000e+00  0.00000000e+00 -5.34368451e-43  3.95083642e-01  7.40069000e-02  1.00279000e+02  1.13110000e+01  1.37848000e+05 -1.91127000e-01 
 1.00000000e-02  3.00000000e+00  1.00000000e-02 -2.09102950e-05  3.95083642e-01  7.40069000e-02  1.00279000e+02  1.13110000e+01  1.37848000e+05 -1.91127000e-01 
 2.00000000e-02  3.00000000e+00  2.00000000e-02 -4.09109905e-05  3.95083642e-01  7.40069000e-02  1.00279000e+02  1.13110000e+01  1.37848000e+05 -1.91127000e-01 
 3.00000000e-02  3.00000000e+00  3.00000000e-02 -5.99090390e-05  3.95083642e-01  7.40069000e-02  1.00279000e+02  1.13110000e+01  1.37848000e+05 -1.91127000e-01 
 4.00000000e-02  3.00000000e+00  4.00000000e-02 -7.78638191e-05  3.95083642e-01  7.40069000e-02  1.00279000e+02  1.13110000e+01  1.37848000e+05 -1.91127000e-01 
 5.00000000e-02  3.00000000e+00  5.00000000e-02 -9.47630230e-05  3.95083642e-01  7.40069000e-02  1.00279000e+02  1.13110000e+01  1.37848000e+05 -1.91127000e-01 
 6.00000000e-02  3.00000000e+00  6.00000000e-02 -1.10612295e-04  3.95083642e-01  7.40069000e-02  1.00279000e+02  1.13110000e+01  1.37848000e+05 -1.91127000e-01 
 7.00000000e-02  3.00000000e+00  7.00000000e-02 -1.25430076e-04  3.95083642e-01  7.40069000e-02  1.00279000e+02  1.13110000e+01  1.37848000e+05 -1.91127000e-01 
 8.00000000e-02  3.00000000e+00  8.00000000e-02 -1.39244657e-04  3.95083642e-01  7.40069000e-02  1.00279000e+02  1.13110000e+01  1.37848000e+05 -1.91127000e-01 
 9.00000000e-02  3.00000000e+00  9.00000000e-02 -1.52092194e-04  3.95083642e-01  7.40069000e-02  1.00279000e+02  1.13110000e+01  1.37848000e+05 -1.91127000e-01 
 1.00000000e-01  3.00000000e+00  1.00000000e-01 -1.64015127e-04  3.95083642e-01  7.40069000e-02  1.00279000e+02  1.13110000e+01  1.37848000e+05 -1.91127000e-01 
 1.10000000e-01  3.00000000e+00  1.10000000e-01 -1.75060756e-04  3.95083642e-01  7.40069000e-02  1.00279000e+02  1.13110000e+01  1.37848000e+05 -1.91127000e-01 
 1.20000000e-01  3.00000000e+00  1.20000000e-01 -1.85279874e-04  3.95083642e-01  7.40069000e-02  1.00279000e+02  1.13110000e+01  1.37848000e+05 -1.91127000e-01 
 1.30000000e-01  3.00000000e+00  1.30000000e-01 -1.94725445e-04  3.95083642e-01  7.40069000e-02  1.00279000e+02  1.13110000e+01  1.37848000e+05 -1.91127000e-01 
 1.40000000e-01  3.00000000e+00  1.40000000e-01 -2.03451367e-04  3.95083642e-01  7.40069000e-02  1.00279000e+02  1.13110000e+01  1.37848000e+05 -1.91127000e-01 
 1.50000000e-01  3.00000000e+00  1.50000000e-01 -2.11511346e-04  3.95083642e-01  7.40069000e-02  1.00279000e+02  1.13110000e+01  1.37848000e+05 -1.91127000e-01 
 1.60000000e-01  3.00000000e+00  1.60000000e-01 -2.18957938e-04  3.95083642e-01  7.40069000e-02  1.00279000e+02  1.13110000e+01  1.37848000e+05 -1.91127000e-01 
 1.70000000e-01  3.00000000e+00  1.70000000e-01 -2.25841774e-04  3.95083642e-01  7.40069000e-02  1.00279000e+02  1.13110000e+01  1.37848000e+05 -1.91127000e-01 
 1.80000000e-01  3.00000000e+00  1.80000000e-01 -2.32210971e-04  3.95083642e-01  7.40069000e-02  1.00279000e+02  1.13110000e+01  1.37848000e+05 -1.91127000e-01 
 1.90000000e-01  3.00000000e+00  1.90000000e-01 -2.38110735e-04  3.95083642e-01  7.40069000e-02  1.00279000e+02  1.13110000e+01  1.37848000e+05 -1.91127000e-01 
 2.00000000e-01  3.00000000e+00  2.00000000e-01 -2.43583122e-04  3.95083642e-01  7.40069000e-02  1.00279000e+02  1.13110000e+01  1.37848000e+05 -1.91127000e-01 
 2.10000000e-01  3.00000000e+00  2.10000000e-01 -2.48666942e-04  3.95083642e-01  7.40069000e-02  1.00279000e+02  1.13110000e+01  1.37848000e+05 -1.91127000e-01 
 2.20000000e-01  3.00000000e+00  2.20000000e-01 -2.53397766e-04  3.95083642e-01  7.40069000e-02  1.00279000e+02  1.13110000e+01  1.37848000e+05 -1.91127000e-01 
 2.30000000e-01  3.00000000e+00  2.30000000e-01 -2.57808026e-04  3.95083642e-01  7.40069000e-02  1.00279000e+02  1.13110000e+01  1.37848000e+05 -1.91127000e-01 
 2.40000000e-01  3.00000000e+00  2.40000000e-01 -2.61927160e-04  3.95083642e-01  7.40069000e-02  1.00279000e+02  1.13110000e+01  1.37848000e+05 -1.91127000e-01 
 2.50000000e-01  3.00000000e+00  2.50000000e-01 -2.65781804e-04  3.95083642e-01  7.40069000e-02  1.00279000e+02  1.13110000e+01  1.37848000e+05 -1.91127000e-01 
 2.60000000e-01  3.00000000e+00  2.60000000e-01 -2.69395994e-04  3.95083642e-01  7.40069000e-02  1.00279000e+02  1.13110000e+01  1.37848000e+05 -1.91127000e-01 
 2.70000000e-01  3.00000000e+00  2.70000000e-01 -2.72791386e-04  3.95083642e-01  7.40069000e-02  1.00279000e+02  1.13110000e+01  1.37848000e+05 -1.91127000e-01 
 2.80000000e-01  3.00000000e+00  2.80000000e-01 -2.75987468e-04  3.95083642e-01  7.40069000e-02  1.00279000e+02  1.13110000e+01  1.37848000e+05 -1.91127000e-01 
 2.90000000e-01  3.00000000e+00  2.90000000e-01 -2.79001767e-04  3.95083642e-01  7.40069000e-02  1.00279000e+02  1.13110000e+01  1.37848000e+05 -1.91127000e-01 
 3.00000000e-01  3.00000000e+00  3.00000000e-01 -2.81850042e-04  3.95083642e-01  7.40069000e-02  1.00279000e+02  1.13110000e+01  1.37848000e+05 -1.91127000e-01 
 3.10000000e-01  3.00000000e+00  3.10000000e-01 -2.84546464e-04  3.95083642e-01  7.40069000e-02  1.00279000e+02  1.13110000e+01  1.37848000e+05 -1.91127000e-01 
 3.20000000e-01  3.00000000e+00  3.20000000e-01 -2.87103785e-04  3.95083642e-01  7.40069000e-02  1.00279000e+02  1.13110000e+01  1.37848000e+05 -1.91127000e-01 
 3.30000000e-01  3.00000000e+00  3.30000000e-01 -2.89533487e-04  3.95083642e-01  7.40069000e-02  1.00279000e+02  1.13110000e+01  1.37848000e+05 -1.91127000e-01 
 3.40000000e-01  3.00000000e+00  3.40000000e-01 -2.91845915e-04  3.95083642e-01  7.40069000e-02  1.00279000e+02  1.13110000e+01  1.37848000e+05 -1.91127000e-01 
 3.50000000e-01  3.00000000e+00  3.50000000e-01 -2.94050404e-04  3.95083642e-01  7.40069000e-02  1.00279000e+02  1.13110000e+01  1.37848000e+05 -1.91127000e-01 
 3.60000000e-01  3.00000000e+00  3.60000000e-01 -2.96155386e-04  3.95083642e-01  7.40069000e-02  1.00279000e+02  1.13110000e+01  1.37848000e+05 -1.91127000e-01 
 3.70000000e-01  3.00000000e+00  3.70000000e-01 -2.98168485e-04  3.95083642e-01  7.40069000e-02  1.00279000e+02  1.13110000e+01  1.37848000e+05 -1.91127000e-01 
 3.80000000e-01  3.00000000e+00  3.80000000e-01 -3.00096608e-04  3.95083642e-01  7.40069000e-02  1.00279000e+02  1.13110000e+01  1.37848000e+05 -1.91127000e-01 
 3.90000000e-01  3.00000000e+00  3.90000000e-01 -3.01946018e-04  3.95083642e-01  7.40069000e-02  1.00279000e+02  1.13110000e+01  1.37848000e+05 -1.91127000e-01 
 4.00000000e-01  3.00000000e+00  4.00000000e-01 -3.03722403e-04  3.95083642e-01  7.40069000e-02  1.00279000e+02  1.13110000e+01  1.37848000e+05 -1.91127000e-01 
 4.10000000e-01  3.00000000e+00  4.10000000e-01 -3.05430939e-04  3.95083642e-01  7.40069000e-02  1.00279000e+02  1.13110000e+01  1.37848000e+05 -1.91127000e-01 
 4.20000000e-01  3.00000000e+00  4.20000000e-01 -3.07076340e-04  3.95083642e-01  7.40069000e-02  1.00279000e+02  1.13110000e+01  1.37848000e+05 -1.91127000e-01 
 4.30000000e-01  3.00000000e+00  4.30000000e-01 -3.08662906e-04  3.95083642e-01  7.40069000e-02  1.00279000e+02  1.13110000e+01  1.37848000e+05 -1.91127000e-01 
 4.40000000e-01  3.00000000e+00  4.40000000e-01 -3.10194569e-04  3.95083642e-01  7.40069000e-02  1.00279000e+02  1.13110000e+01  1.37848000e+05 -1.91127000e-01 
 4.50000000e-01  3.00000000e+00  4.50000000e-01 -3.11674925e-04  3.95083642e-01  7.40069000e-02  1.00279000e+02  1.13110000e+01  1.37848000e+05 -1.91127000e-01 
 4.60000000e-01  3.00000000e+00  4.60000000e-01 -3.13107270e-04  3.95083642e-01  7.40069000e-02  1.00279000e+02  1.13110000e+01  1.37848000e+05 -1.91127000e-01 
 4.70000000e-01  3.00000000e+00  4.70000000e-01 -3.14494631e-04  3.95083642e-01  7.40069000e-02  1.00279000e+02  1.13110000e+01  1.37848000e+05 -1.91127000e-01 
 4.80000000e-01  3.00000000e+00  4.80000000e-01 -3.15839787e-04  3.95083642e-01  7.40069000e-02  1.00279000e+02  1.13110000e+01  1.37848000e+05 -1.91127000e-01 
 4.90000000e-01  3.00000000e+00  4.90000000e-01 -3.17145300e-04  3.95083642e-01  7.40069000e-02  1.00279000e+02  1.13110000e+01  1.37848000e+05 -1.91127000e-01 
 5.00000000e-01  3.00000000e+00  5.00000000e-01 -3.18413529e-04  3.95083642e-01  7.40069000e-02  1.00279000e+02  1.13110000e+01  1.37848000e+05 -1.91127000e-01 
 5.10000000e-01  3.00000000e+00  5.10000000e-01 -3.19646653e-04  3.95083642e-01  7.40069000e-02  1.00279000e+02  1.13110000e+01  1.37848000e+05 -1.91127000e-01 
 5.20000000e-01  3.00000000e+00  5.20000000e-01 -3.20846684e-04  3.95083642e-01  7.40069000e-02  1.00279000e+02  1.13110000e+01  1.37848000e+05 -1.91127000e-01 
 5.30000000e-01  3.00000000e+00  5.30000000e-01 -3.22015486e-04  3.95083642e-01  7.40069000e-02  1.00279000e+02  1.13110000e+01  1.37848000e+05 -1.91127000e-01 
 5.40000000e-01  3.00000000e+00  5.40000000e-01 -3.23154787e-04  3.95083642e-01  7.40069000e-02  1.00279000e+02  1.13110000e+01  1.37848000e+05 -1.91127000e-01 
 5.50000000e-01  3.00000000e+00  5.50000000e-01 -3.24266189e-04  3.95083642e-01  7.40069000e-02  1.00279000e+02  1.13110000e+01  1.37848000e+05 -1.91127000e-01 
 5.60000000e-01  3.00000000e+00  5.60000000e-01 -3.25351180e-04  3.95083642e-01  7.40069000e-02  1.00279000e+02  1.13110000e+01  1.37848000e+05 -1.91127000e-01 
 5.70000000e-01  3.00000000e+00  5.70000000e-01 -3.26411145e-04  3.95083642e-01  7.40069000e-02  1.00279000e+02  1.13110000e+01  1.37848000e+05 -1.91127000e-01 
 5.80000000e-01  3.00000000e+00  5.80000000e-01 -3.27447374e-04  3.95083642e-01  7.40069000e-02  1.00279000e+02  1.13110000e+01  1.37848000e+05 -1.91127000e-01 
 5.90000000e-01  3.00000000e+00  5.90000000e-01 -3.28461070e-04  3.95083642e-01  7.40069000e-02  1.00279000e+02  1.13110000e+01  1.37848000e+05 -1.91127000e-01 
 6.00000000e-01  3.00000000e+00  6.00000000e-01 -3.29453353e-04  3.95083642e-01  7.40069000e-02  1.00279000e+02  1.13110000e+01  1.37848000e+05 -1.91127000e-01 
 6.10000000e-01  3.00000000e+00  6.10000000e-01 -3.30425274e-04  3.95083642e-01  7.40069000e-02  1.00279000e+02  1.13110000e+01  1.37848000e+05 -1.91127000e-01 
 6.20000000e-01  3.00000000e+00  6.20000000e-01 -3.31377813e-04  3.95083642e-01  7.40069000e-02  1.00279000e+02  1.13110000e+01  1.37848000e+05 -1.91127000e-01 
 6.30000000e-01  3.00000000e+00  6.30000000e-01 -3.32311889e-04  3.95083642e-01  7.40069000e-02  1.00279000e+02  1.13110000e+01  1.37848000e+05 -1.91127000e-01 
 6.40000000e-01  3.00000000e+00  6.40000000e-01 -3.33228361e-04  3.95083642e-01  7.40069000e-02  1.00279000e+02  1.13110000e+01  1.37848000e+05 -1.91127000e-01 
 6.50000000e-01  3.00000000e+00  6.50000000e-01 -3.34128039e-04  3.95083642e-01  7.40069000e-02  1.00279000e+02  1.13110000e+01  1.37848000e+05 -1.91127000e-01 
 6.60000000e-01  3.00000000e+00  6.60000000e-01 -3.35011681e-04  3.95083642e-01  7.40069000e-02  1.00279000e+02  1.13110000e+01  1.37848000e+05 -1.91127000e-01 
 6.70000000e-01  3.00000000e+00  6.70000000e-01 -3.35879999e-04  3.95083642e-01  7.40069000e-02  1.00279000e+02  1.13110000e+01  1.37848000e+05 -1.91127000e-01 
 6.80000000e-01  3.00000000e+00  6.80000000e-01 -3.36733665e-04  3.95083642e-01  7.40069000e-02  1.00279000e+02  1.13110000e+01  1.37848000e+05 -1.91127000e-01 
 6.90000000e-01  3.00000000e+00  6.90000000e-01 -3.37573310e-04  3.95083642e-01  7.40069000e-02  1.00279000e+02  1.13110000e+01  1.37848000e+05 -1.91127000e-01 
 7.00000000e-01  3.00000000e+00  7.00000000e-01 -3.38399531e-04  3.95083642e-01  7.40069000e-02  1.00279000e+02  1.13110000e+01  1.37848000e+05 -1.91127000e-01 
 7.10000000e-01  3.00000000e+00  7.10000000e-01 -3.39212888e-04  3.95083642e-01  7.40069000e-02  1.00279000e+02  1.13110000e+01  1.37848000e+05 -1.91127000e-01 
 7.20000000e-01  3.00000000e+00  7.20000000e-01 -3.40013913e-04  3.95083642e-01  7.40069000e-02  1.00279000e+02  1.13110000e+01  1.37848000e+05 -1.91127000e-01 
 7.30000000e-01  3.00000000e+00  7.30000000e-01 -3.40803107e-04  3.95083642e-01  7.40069000e-02  1.00279000e+02  1.13110000e+01  1.37848000e+05 -1.91127000e-01 
 7.40000000e-01  3.00000000e+00  7.40000000e-01 -3.41580943e-04  3.95083642e-01  7.40069000e-02  1.00279000e+02  1.13110000e+01  1.37848000e+05 -1.91127000e-01 
 7.50000000e-01  3.00000000e+00  7.50000000e-01 -3.42347871e-04  3.95083642e-01  7.40069000e-02  1.00279000e+02  1.13110000e+01  1.37848000e+05 -1.91127000e-01 
 7.60000000e-01  3.00000000e+00  7.60000000e-01 -3.43104314e-04  3.95083642e-01  7.40069000e-02  1.00279000e+02  1.13110000e+01  1.37848000e+05 -1.91127000e-01 
 7.70000000e-01  3.00000000e+00  7.70000000e-01 -3.43850676e-04  3.95083642e-01  7.40069000e-02  1.00279000e+02  1.13110000e+01  1.37848000e+05 -1.91127000e-01 
 7.80000000e-01  3.00000000e+00  7.80000000e-01 -3.44587338e-04  3.95083642e-01  7.40069000e-02  1.00279000e+02  1.13110000e+01  1.37848000e+05 -1.91127000e-01 
 7.90000000e-01  3.00000000e+00  7.90000000e-01 -3.45314664e-04  3.95083642e-01  7.40069000e-02  1.00279000e+02  1.13110000e+01  1.37848000e+05 -1.91127000e-01 
 8.00000000e-01  3.00000000e+00  8.00000000e-01 -3.46032997e-04  3.95083642e-01  7.40069000e-02  1.00279000e+02  1.13110000e+01  1.37848000e+05 -1.91127000e-01 
 8.10000000e-01  3.00000000e+00  8.10000000e-01 -3.46742664e-04  3.95083642e-01  7.40069000e-02  1.00279000e+02  1.13110000e+01  1.37848000e+05 -1.91127000e-01 
 8.20000000e-01  3.00000000e+00  8.20000000e-01 -3.47443977e-04  3.95083642e-01  7.40069000e-02  1.00279000e+02  1.13110000e+01  1.37848000e+05 -1.91127000e-01 
 8.30000000e-01  3.00000000e+00  8.30000000e-01 -3.48137232e-04  3.95083642e-01  7.40069000e-02  1.00279000e+02  1.13110000e+01  1.37848000e+05 -1.91127000e-01 
 8.40000000e-01  3.00000000e+00  8.40000000e-01 -3.48822710e-04  3.95083642e-01  7.40069000e-02  1.00279000e+02  1.13110000e+01  1.37848000e+05 -1.91127000e-01 
 8.50000000e-01  3.00000000e+00  8.50000000e-01 -3.49500681e-04  3.95083642e-01  7.40069000e-02  1.00279000e+02  1.13110000e+01  1.37848000e+05 -1.91127000e-01 
 8.60000000e-01  3.00000000e+00  8.60000000e-01 -3.50171401e-04  3.95083642e-01  7.40069000e-02  1.00279000e+02  1.13110000e+01  1.37848000e+05 -1.91127000e-01 
 8.70000000e-01  3.00000000e+00  8.70000000e-01 -3.50835114e-04  3.95083642e-01  7.40069000e-02  1.00279000e+02  1.13110000e+01  1.37848000e+05 -1.91127000e-01 
 8.80000000e-01  3.00000000e+00  8.80000000e-01 -3.51492053e-04  3.95083642e-01  7.40069000e-02  1.00279000e+02  1.13110000e+01  1.37848000e+05 -1.91127000e-01 
 8.90000000e-01  3.00000000e+00  8.90000000e-01 -3.52142440e-04  3.95083642e-01  7.40069000e-02  1.00279000e+02  1.13110000e+01  1.37848000e+05 -1.91127000e-01 
 9.00000000e-01  3.00000000e+00  9.00000000e-01 -3.52786490e-04  3.95083642e-01  7.40069000e-02  1.00279000e+02  1.13110000e+01  1.37848000e+05 -1.91127000e-01 
 9.10000000e-01  3.00000000e+00  9.10000000e-01 -3.53424405e-04  3.95083642e-01  7.40069000e-02  1.00279000e+02  1.13110000e+01  1.37848000e+05 -1.91127000e-01 
 9.20000000e-01  3.00000000e+00  9.20000000e-01 -3.54056380e-04  3.95083642e-01  7.40069000e-02  1.00279000e+02  1.13110000e+01  1.37848000e+05 -1.91127000e-01 
 9.30000000e-01  3.00000000e+00  9.30000000e-01 -3.54682601e-04  3.95083642e-01  7.40069000e-02  1.00279000e+02  1.13110000e+01  1.37848000e+05 -1.91127000e-01 
 9.40000000e-01  3.00000000e+00  9.40000000e-01 -3.55303246e-04  3.95083642e-01  7.40069000e-02  1.00279000e+02  1.13110000e+01  1.37848000e+05 -1.91127000e-01 
 9.50000000e-01  3.00000000e+00  9.50000000e-01 -3.55918487e-04  3.95083642e-01  7.40069000e-02  1.00279000e+02  1.13110000e+01  1.37848000e+05 -1.91127000e-01 
 9.60000000e-01  3.00000000e+00  9.60000000e-01 -3.56528487e-04  3.95083642e-01  7.40069000e-02  1.00279000e+02  1.13110000e+01  1.37848000e+05 -1.91127000e-01 
 9.70000000e-01  3.00000000e+00  9.70000000e-01 -3.57133404e-04  3.95083642e-01  7.40069000e-02  1.00279000e+02  1.13110000e+01  1.37848000e+05 -1.91127000e-01 
 9.80000000e-01  3.00000000e+00  9.80000000e-01 -3.57733387e-04  3.95083642e-01  7.40069000e-02  1.00279000e+02  1.13110000e+01  1.37848000e+05 -1.91127000e-01 
 9.90000000e-01  3.00000000e+00  9.90000000e-01 -3.58328581e-04  3.95083642e-01  7.40069000e-02  1.00279000e+02  1.13110000e+01  1.37848000e+05 -1.91127000e-01 
 1.00000000e+00  3.00000000e+00  1.00000000e+00 -3.58919126e-04  3.95083642e-01  7.40069000e-02  1.00279000e+02  1.13110000e+01  1.37848000e+05 -1.91127000e-01 
 1.01000000e+00  3.00000000e+00  1.01000000e+00 -3.59505155e-04  3.95083642e-01  7.40069000e-02  1.00279000e+02  1.13110000e+01  1.37848000e+05 -1.91127000e-01 
 1.02000000e+00  3.00000000e+00  1.02000000e+00 -3.60086795e-04  3.95083642e-01  7.40069000e-02  1.00279000e+02  1.13110000e+01  1.37848000e+05 -1.91127000e-01 
 1.03000000e+00  3.00000000e+00  1.03000000e+00 -3.60664171e-04  3.95083642e-01  7.40069000e-02  1.00279000e+02  1.13110000e+01  1.37848000e+05 -1.91127000e-01 
 1.04000000e+00  3.00000000e+00  1.04000000e+00 -3.61237399e-04  3.95083642e-01  7.40069000e-02  1.00279000e+02  1.13110000e+01  1.37848000e+05 -1.91127000e-01 
 1.05000000e+00  3.00000000e+00  1.05000000e+00 -3.61806596e-04  3.95083642e-01  7.40069000e-02  1.00279000e+02  1.13110000e+01  1.37848000e+05 -1.91127000e-01 
 1.06000000e+00  3.00000000e+00  1.06000000e+00 -3.62371869e-04  3.95083642e-01  7.40069000e-02  1.00279000e+02  1.13110000e+01  1.37848000e+05 -1.91127000e-01 
 1.07000000e+00  3.00000000e+00  1.07000000e+00 -3.62933326e-04  3.95083642e-01  7.40069000e-02  1.00279000e+02  1.13110000e+01  1.37848000e+05 -1.91127000e-01 
 1.08000000e+00  3.00000000e+00  1.08000000e+00 -3.63491067e-04  3.95083642e-01  7.40069000e-02  1.00279000e+02  1.13110000e+01  1.37848000e+05 -1.91127000e-01 
 1.09000000e+00  3.00000000e+00  1.09000000e+00 -3.64045191e-04  3.95083642e-01  7.40069000e-02  1.00279000e+02  1.13110000e+01  1.37848000e+05 -1.91127000e-01 
 1.10000000e+00  3.00000000e+00  1.10000000e+00 -3.64595793e-04  3.95083642e-01  7.40069000e-02  1.00279000e+02  1.13110000e+01  1.37848000e+05 -1.91127000e-01 
 1.11000000e+00  3.00000000e+00  1.11000000e+00 -3.65142964e-04  3.95083642e-01  7.40069000e-02  1.00279000e+02  1.13110000e+01  1.37848000e+05 -1.91127000e-01 
 1.12000000e+00  3.00000000e+00  1.12000000e+00 -3.65686791e-04  3.95083642e-01  7.40069000e-02  1.00279000e+02  1.13110000e+01  1.37848000e+05 -1.91127000e-01 
 1.13000000e+00  3.00000000e+00  1.13000000e+00 -3.66227360e-04  3.95083642e-01  7.40069000e-02  1.00279000e+02  1.13110000e+01  1.37848000e+05 -1.91127000e-01 
 1.14000000e+00  3.00000000e+00  1.14000000e+00 -3.66764752e-04  3.95083642e-01  7.40069000e-02  1.00279000e+02  1.13110000e+01  1.37848000e+05 -1.91127000e-01 
 1.15000000e+00  3.00000000e+00  1.15000000e+00 -3.67299047e-04  3.95083642e-01  7.40069000e-02  1.00279000e+02  1.13110000e+01  1.37848000e+05 -1.91127000e-01 
 1.16000000e+00  3.00000000e+00  1.16000000e+00 -3.67830322e-04  3.95083642e-01  7.40069000e-02  1.00279000e+02  1.13110000e+01  1.37848000e+05 -1.91127000e-01 
 1.17000000e+00  3.00000000e+00  1.17000000e+00 -3.68358649e-04  3.95083642e-01  7.40069000e-02  1.00279000e+02  1.13110000e+01  1.37848000e+05 -1.91127000e-01 
 1.18000000e+00  3.00000000e+00  1.18000000e+00 -3.68884101e-04  3.95083642e-01  7.40069000e-02  1.00279000e+02  1.13110000e+01  1.37848000e+05 -1.91127000e-01 
 1.19000000e+00  3.00000000e+00  1.19000000e+00 -3.69406747e-04  3.95083642e-01  7.40069000e-02  1.00279000e+02  1.13110000e+01  1.37848000e+05 -1.91127000e-01 
 1.20000000e+00  3.00000000e+00  1.20000000e+00 -3.69926654e-04  3.95083642e-01  7.40069000e-02  1.00279000e+02  1.13110000e+01  1.37848000e+05 -1.91127000e-01 
 1.21000000e+00  3.00000000e+00  1.21000000e+00 -3.70443885e-04  3.95083642e-01  7.40069000e-02  1.00279000e+02  1.13110000e+01  1.37848000e+05 -1.91127000e-01 
 1.22000000e+00  3.00000000e+00  1.22000000e+00 -3.70958505e-04  3.95083642e-01  7.40069000e-02  1.00279000e+02  1.13110000e+01  1.37848000e+05 -1.91127000e-01 
 1.23000000e+00  3.00000000e+00  1.23000000e+00 -3.71470573e-04  3.95083642e-01  7.40069000e-02  1.00279000e+02  1.13110000e+01  1.37848000e+05 -1.91127000e-01 
 1.24000000e+00  3.00000000e+00  1.24000000e+00 -3.71980148e-04  3.95083642e-01  7.40069000e-02  1.00279000e+02  1.13110000e+01  1.37848000e+05 -1.91127000e-01 
 1.25000000e+00  3.00000000e+00  1.25000000e+00 -3.72487287e-04  3.95083642e-01  7.40069000e-02  1.00279000e+02  1.13110000e+01  1.37848000e+05 -1.91127000e-01 
 1.26000000e+00  3.00000000e+00  1.26000000e+00 -3.72992045e-04  3.95083642e-01  7.40069000e-02  1.00279000e+02  1.13110000e+01  1.37848000e+05 -1.91127000e-01 
 1.27000000e+00  3.00000000e+00  1.27000000e+00 -3.73494477e-04  3.95083642e-01  7.40069000e-02  1.00279000e+02  1.13110000e+01  1.37848000e+05 -1.91127000e-01 
 1.28000000e+00  3.00000000e+00  1.28000000e+00 -3.73994632e-04  3.95083642e-01  7.40069000e-02  1.00279000e+02  1.13110000e+01  1.37848000e+05 -1.91127000e-01 
 1.29000000e+00  3.00000000e+00  1.29000000e+00 -3.74492563e-04  3.95083642e-01  7.40069000e-02  1.00279000e+02  1.13110000e+01  1.37848000e+05 -1.91127000e-01 
 1.30000000e+00  3.00000000e+00  1.30000000e+00 -3.74988318e-04  3.95083642e-01  7.40069000e-02  1.00279000e+02  1.13110000e+01  1.37848000e+05 -1.91127000e-01 
 1.31000000e+00  3.00000000e+00  1.31000000e+00 -3.75481944e-04  3.95083642e-01  7.40069000e-02  1.00279000e+02  1.13110000e+01  1.37848000e+05 -1.91127000e-01 
 1.32000000e+00  3.00000000e+00  1.32000000e+00 -3.75973487e-04  3.95083642e-01  7.40069000e-02  1.00279000e+02  1.13110000e+01  1.37848000e+05 -1.91127000e-01 
 1.33000000e+00  3.00000000e+00  1.33000000e+00 -3.76462993e-04  3.95083642e-01  7.40069000e-02  1.00279000e+02  1.13110000e+01  1.37848000e+05 -1.91127000e-01 
 1.34000000e+00  3.00000000e+00  1.34000000e+00 -3.76950505e-04  3.95083642e-01  7.40069000e-02  1.00279000e+02  1.13110000e+01  1.37848000e+05 -1.91127000e-01 
 1.35000000e+00  3.00000000e+00  1.35000000e+00 -3.77436066e-04  3.95083642e-01  7.40069000e-02  1.00279000e+02  1.13110000e+01  1.37848000e+05 -1.91127000e-01 
 1.36000000e+00  3.00000000e+00  1.36000000e+00 -3.77919716e-04  3.95083642e-01  7.40069000e-02  1.00279000e+02  1.13110000e+01  1.37848000e+05 -1.91127000e-01 
 1.37000000e+00  3.00000000e+00  1.37000000e+00 -3.78401497e-04  3.95083642e-01  7.40069000e-02  1.00279000e+02  1.13110000e+01  1.37848000e+05 -1.91127000e-01 
 1.38000000e+00  3.00000000e+00  1.38000000e+00 -3.78881448e-04  3.95083642e-01  7.40069000e-02  1.00279000e+02  1.13110000e+01  1.37848000e+05 -1.91127000e-01 
 1.39000000e+00  3.00000000e+00  1.39000000e+00 -3.79359607e-04  3.95083642e-01  7.40069000e-02  1.00279000e+02  1.13110000e+01  1.37848000e+05 -1.91127000e-01 
 1.40000000e+00  3.00000000e+00  1.40000000e+00 -3.79836012e-04  3.95083642e-01  7.40069000e-02  1.00279000e+02  1.13110000e+01  1.37848000e+05 -1.91127000e-01 
 1.41000000e+00  3.00000000e+00  1.41000000e+00 -3.80310700e-04  3.95083642e-01  7.40069000e-02  1.00279000e+02  1.13110000e+01  1.37848000e+05 -1.91127000e-01 
 1.42000000e+00  3.00000000e+00  1.42000000e+00 -3.80783706e-04  3.95083642e-01  7.40069000e-02  1.00279000e+02  1.13110000e+01  1.37848000e+05 -1.91127000e-01 
 1.43000000e+00  3.00000000e+00  1.43000000e+00 -3.81255066e-04  3.95083642e-01  7.40069000e-02  1.00279000e+02  1.13110000e+01  1.37848000e+05 -1.91127000e-01 
 1.44000000e+00  3.00000000e+00  1.44000000e+00 -3.81724815e-04  3.95083642e-01  7.40069000e-02  1.00279000e+02  1.13110000e+01  1.37848000e+05 -1.91127000e-01 
 1.45000000e+00  3.00000000e+00  1.45000000e+00 -3.82192987e-04  3.95083642e-01  7.40069000e-02  1.00279000e+02  1.13110000e+01  1.37848000e+05 -1.91127000e-01 
 1.46000000e+00  3.00000000e+00  1.46000000e+00 -3.82659616e-04  3.95083642e-01  7.40069000e-02  1.00279000e+02  1.13110000e+01  1.37848000e+05 -1.91127000e-01 
 1.47000000e+00  3.00000000e+00  1.47000000e+00 -3.83124734e-04  3.95083642e-01  7.40069000e-02  1.00279000e+02  1.13110000e+01  1.37848000e+05 -1.91127000e-01 
 1.48000000e+00  3.00000000e+00  1.48000000e+00 -3.83588375e-04  3.95083642e-01  7.40069000e-02  1.00279000e+02  1.13110000e+01  1.37848000e+05 -1.91127000e-01 
 1.49000000e+00  3.00000000e+00  1.49000000e+00 -3.84050571e-04  3.95083642e-01  7.40069000e-02  1.00279000e+02  1.13110000e+01  1.37848000e+05 -1.91127000e-01 
 1.50000000e+00  3.00000000e+00  1.50000000e+00 -3.84511354e-04  3.95083642e-01  7.40069000e-02  1.00279000e+02  1.13110000e+01  1.37848000e+05 -1.91127000e-01 
 1.51000000e+00  3.00000000e+00  1.51000000e+00 -3.84970757e-04  3.95083642e-01  7.40069000e-02  1.00279000e+02  1.13110000e+01  1.37848000e+05 -1.91127000e-01 
 1.52000000e+00  3.00000000e+00  1.52000000e+00 -3.85428811e-04  3.95083642e-01  7.40069000e-02  1.00279000e+02  1.13110000e+01  1.37848000e+05 -1.91127000e-01 
 1.53000000e+00  3.00000000e+00  1.53000000e+00 -3.85885550e-04  3.95083642e-01  7.40069000e-02  1.00279000e+02  1.13110000e+01  1.37848000e+05 -1.91127000e-01 
 1.54000000e+00  3.00000000e+00  1.54000000e+00 -3.86341004e-04  3.95083642e-01  7.40069000e-02  1.00279000e+02  1.13110000e+01  1.37848000e+05 -1.91127000e-01 
 1.55000000e+00  3.00000000e+00  1.55000000e+00 -3.86795206e-04  3.95083642e-01  7.40069000e-02  1.00279000e+02  1.13110000e+01  1.37848000e+05 -1.91127000e-01 
 1.56000000e+00  3.00000000e+00  1.56000000e+00 -3.87248190e-04  3.95083642e-01  7.40069000e-02  1.00279000e+02  1.13110000e+01  1.37848000e+05 -1.91127000e-01 
 1.57000000e+00  3.00000000e+00  1.57000000e+00 -3.87699987e-04  3.95083642e-01  7.40069000e-02  1.00279000e+02  1.13110000e+01  1.37848000e+05 -1.91127000e-01 
 1.58000000e+00  3.00000000e+00  1.58000000e+00 -3.88150632e-04  3.95083642e-01  7.40069000e-02  1.00279000e+02  1.13110000e+01  1.37848000e+05 -1.91127000e-01 
 1.59000000e+00  3.00000000e+00  1.59000000e+00 -3.88600158e-04  3.95083642e-01  7.40069000e-02  1.00279000e+02  1.13110000e+01  1.37848000e+05 -1.91127000e-01 
 1.60000000e+00  3.00000000e+00  1.60000000e+00 -3.89048601e-04  3.95083642e-01  7.40069000e-02  1.00279000e+02  1.13110000e+01  1.37848000e+05 -1.91127000e-01 
 1.61000000e+00  3.00000000e+00  1.61000000e+00 -3.89495996e-04  3.95083642e-01  7.40069000e-02  1.00279000e+02  1.13110000e+01  1.37848000e+05 -1.91127000e-01 
 1.62000000e+00  3.00000000e+00  1.62000000e+00 -3.89942379e-04  3.95083642e-01  7.40069000e-02  1.00279000e+02  1.13110000e+01  1.37848000e+05 -1.91127000e-01 
 1.63000000e+00  3.00000000e+00  1.63000000e+00 -3.90387789e-04  3.95083642e-01  7.40069000e-02  1.00279000e+02  1.13110000e+01  1.37848000e+05 -1.91127000e-01 
 1.64000000e+00  3.00000000e+00  1.64000000e+00 -3.90832265e-04  3.95083642e-01  7.40069000e-02  1.00279000e+02  1.13110000e+01  1.37848000e+05 -1.91127000e-01 
 1.65000000e+00  3.00000000e+00  1.65000000e+00 -3.91275846e-04  3.95083642e-01  7.40069000e-02  1.00279000e+02  1.13110000e+01  1.37848000e+05 -1.91127000e-01 
 1.66000000e+00  3.00000000e+00  1.66000000e+00 -3.91718574e-04  3.95083642e-01  7.40069000e-02  1.00279000e+02  1.13110000e+01  1.37848000e+05 -1.91127000e-01 
 1.67000000e+00  3.00000000e+00  1.67000000e+00 -3.92160494e-04  3.95083642e-01  7.40069000e-02  1.00279000e+02  1.13110000e+01  1.37848000e+05 -1.91127000e-01 
 1.68000000e+00  3.00000000e+00  1.68000000e+00 -3.92601651e-04  3.95083642e-01  7.40069000e-02  1.00279000e+02  1.13110000e+01  1.37848000e+05 -1.91127000e-01 
 1.69000000e+00  3.00000000e+00  1.69000000e+00 -3.93042092e-04  3.95083642e-01  7.40069000e-02  1.00279000e+02  1.13110000e+01  1.37848000e+05 -1.91127000e-01 
 1.70000000e+00  3.00000000e+00  1.70000000e+00 -3.93481866e-04  3.95083642e-01  7.40069000e-02  1.00279000e+02  1.13110000e+01  1.37848000e+05 -1.91127000e-01 
 1.71000000e+00  3.00000000e+00  1.71000000e+00 -3.93921027e-04  3.95083642e-01  7.40069000e-02  1.00279000e+02  1.13110000e+01  1.37848000e+05 -1.91127000e-01 
 1.72000000e+00  3.00000000e+00  1.72000000e+00 -3.94359629e-04  3.95083642e-01  7.40069000e-02  1.00279000e+02  1.13110000e+01  1.37848000e+05 -1.91127000e-01 
 1.73000000e+00  3.00000000e+00  1.73000000e+00 -3.94797730e-04  3.95083642e-01  7.40069000e-02  1.00279000e+02  1.13110000e+01  1.37848000e+05 -1.91127000e-01 
 1.74000000e+00  3.00000000e+00  1.74000000e+00 -3.95235390e-04  3.95083642e-01  7.40069000e-02  1.00279000e+02  1.13110000e+01  1.37848000e+05 -1.91127000e-01 
 1.75000000e+00  3.00000000e+00  1.75000000e+00 -3.95672674e-04  3.95083642e-01  7.40069000e-02  1.00279000e+02  1.13110000e+01  1.37848000e+05 -1.91127000e-01 
 1.76000000e+00  3.00000000e+00  1.76000000e+00 -3.96109649e-04  3.95083642e-01  7.40069000e-02  1.00279000e+02  1.13110000e+01  1.37848000e+05 -1.91127000e-01 
 1.77000000e+00  3.00000000e+00  1.77000000e+00 -3.96546387e-04  3.95083642e-01  7.40069000e-02  1.00279000e+02  1.13110000e+01  1.37848000e+05 -1.91127000e-01 
 1.78000000e+00  3.00000000e+00  1.78000000e+00 -3.96982964e-04  3.95083642e-01  7.40069000e-02  1.00279000e+02  1.13110000e+01  1.37848000e+05 -1.91127000e-01 
 1.79000000e+00  3.00000000e+00  1.79000000e+00 -3.97419459e-04  3.95083642e-01  7.40069000e-02  1.00279000e+02  1.13110000e+01  1.37848000e+05 -1.91127000e-01 
 1.80000000e+00  3.00000000e+00  1.80000000e+00 -3.97855958e-04  3.95083642e-01  7.40069000e-02  1.00279000e+02  1.13110000e+01  1.37848000e+05 -1.91127000e-01 
