 v-sweep         run_num         v(drain)        i(vds)          out_vth0        out_u0          out_rdsw        out_nfactor     out_vsat        out_eta0       
 0.00000000e+00  4.00000000e+00  0.00000000e+00 -5.34348065e-43  4.33250575e-01  7.40069000e-02  1.00279000e+02  1.13110000e+01  1.37848000e+05 -1.91127000e-01 
 1.00000000e-02  4.00000000e+00  1.00000000e-02 -1.90172400e-05  4.33250575e-01  7.40069000e-02  1.00279000e+02  1.13110000e+01  1.37848000e+05 -1.91127000e-01 
 2.00000000e-02  4.00000000e+00  2.00000000e-02 -3.71600595e-05  4.33250575e-01  7.40069000e-02  1.00279000e+02  1.13110000e+01  1.37848000e+05 -1.91127000e-01 
 3.00000000e-02  4.00000000e+00  3.00000000e-02 -5.43412677e-05  4.33250575e-01  7.40069000e-02  1.00279000e+02  1.13110000e+01  1.37848000e+05 -1.91127000e-01 
 4.00000000e-02  4.00000000e+00  4.00000000e-02 -7.05258583e-05  4.33250575e-01  7.40069000e-02  1.00279000e+02  1.13110000e+01  1.37848000e+05 -1.91127000e-01 
 5.00000000e-02  4.00000000e+00  5.00000000e-02 -8.57067284e-05  4.33250575e-01  7.40069000e-02  1.00279000e+02  1.13110000e+01  1.37848000e+05 -1.91127000e-01 
 6.00000000e-02  4.00000000e+00  6.00000000e-02 -9.98943344e-05  4.33250575e-01  7.40069000e-02  1.00279000e+02  1.13110000e+01  1.37848000e+05 -1.91127000e-01 
 7.00000000e-02  4.00000000e+00  7.00000000e-02 -1.13111512e-04  4.33250575e-01  7.40069000e-02  1.00279000e+02  1.13110000e+01  1.37848000e+05 -1.91127000e-01 
 8.00000000e-02  4.00000000e+00  8.00000000e-02 -1.25390446e-04  4.33250575e-01  7.40069000e-02  1.00279000e+02  1.13110000e+01  1.37848000e+05 -1.91127000e-01 
 9.00000000e-02  4.00000000e+00  9.00000000e-02 -1.36770569e-04  4.33250575e-01  7.40069000e-02  1.00279000e+02  1.13110000e+01  1.37848000e+05 -1.91127000e-01 
 1.00000000e-01  4.00000000e+00  1.00000000e-01 -1.47296858e-04  4.33250575e-01  7.40069000e-02  1.00279000e+02  1.13110000e+01  1.37848000e+05 -1.91127000e-01 
 1.10000000e-01  4.00000000e+00  1.10000000e-01 -1.57018308e-04  4.33250575e-01  7.40069000e-02  1.00279000e+02  1.13110000e+01  1.37848000e+05 -1.91127000e-01 
 1.20000000e-01  4.00000000e+00  1.20000000e-01 -1.65986502e-04  4.33250575e-01  7.40069000e-02  1.00279000e+02  1.13110000e+01  1.37848000e+05 -1.91127000e-01 
 1.30000000e-01  4.00000000e+00  1.30000000e-01 -1.74254277e-04  4.33250575e-01  7.40069000e-02  1.00279000e+02  1.13110000e+01  1.37848000e+05 -1.91127000e-01 
 1.40000000e-01  4.00000000e+00  1.40000000e-01 -1.81874528e-04  4.33250575e-01  7.40069000e-02  1.00279000e+02  1.13110000e+01  1.37848000e+05 -1.91127000e-01 
 1.50000000e-01  4.00000000e+00  1.50000000e-01 -1.88899173e-04  4.33250575e-01  7.40069000e-02  1.00279000e+02  1.13110000e+01  1.37848000e+05 -1.91127000e-01 
 1.60000000e-01  4.00000000e+00  1.60000000e-01 -1.95378315e-04  4.33250575e-01  7.40069000e-02  1.00279000e+02  1.13110000e+01  1.37848000e+05 -1.91127000e-01 
 1.70000000e-01  4.00000000e+00  1.70000000e-01 -2.01359607e-04  4.33250575e-01  7.40069000e-02  1.00279000e+02  1.13110000e+01  1.37848000e+05 -1.91127000e-01 
 1.80000000e-01  4.00000000e+00  1.80000000e-01 -2.06887811e-04  4.33250575e-01  7.40069000e-02  1.00279000e+02  1.13110000e+01  1.37848000e+05 -1.91127000e-01 
 1.90000000e-01  4.00000000e+00  1.90000000e-01 -2.12004534e-04  4.33250575e-01  7.40069000e-02  1.00279000e+02  1.13110000e+01  1.37848000e+05 -1.91127000e-01 
 2.00000000e-01  4.00000000e+00  2.00000000e-01 -2.16748118e-04  4.33250575e-01  7.40069000e-02  1.00279000e+02  1.13110000e+01  1.37848000e+05 -1.91127000e-01 
 2.10000000e-01  4.00000000e+00  2.10000000e-01 -2.21153637e-04  4.33250575e-01  7.40069000e-02  1.00279000e+02  1.13110000e+01  1.37848000e+05 -1.91127000e-01 
 2.20000000e-01  4.00000000e+00  2.20000000e-01 -2.25252997e-04  4.33250575e-01  7.40069000e-02  1.00279000e+02  1.13110000e+01  1.37848000e+05 -1.91127000e-01 
 2.30000000e-01  4.00000000e+00  2.30000000e-01 -2.29075086e-04  4.33250575e-01  7.40069000e-02  1.00279000e+02  1.13110000e+01  1.37848000e+05 -1.91127000e-01 
 2.40000000e-01  4.00000000e+00  2.40000000e-01 -2.32645968e-04  4.33250575e-01  7.40069000e-02  1.00279000e+02  1.13110000e+01  1.37848000e+05 -1.91127000e-01 
 2.50000000e-01  4.00000000e+00  2.50000000e-01 -2.35989097e-04  4.33250575e-01  7.40069000e-02  1.00279000e+02  1.13110000e+01  1.37848000e+05 -1.91127000e-01 
 2.60000000e-01  4.00000000e+00  2.60000000e-01 -2.39125543e-04  4.33250575e-01  7.40069000e-02  1.00279000e+02  1.13110000e+01  1.37848000e+05 -1.91127000e-01 
 2.70000000e-01  4.00000000e+00  2.70000000e-01 -2.42074207e-04  4.33250575e-01  7.40069000e-02  1.00279000e+02  1.13110000e+01  1.37848000e+05 -1.91127000e-01 
 2.80000000e-01  4.00000000e+00  2.80000000e-01 -2.44852037e-04  4.33250575e-01  7.40069000e-02  1.00279000e+02  1.13110000e+01  1.37848000e+05 -1.91127000e-01 
 2.90000000e-01  4.00000000e+00  2.90000000e-01 -2.47474228e-04  4.33250575e-01  7.40069000e-02  1.00279000e+02  1.13110000e+01  1.37848000e+05 -1.91127000e-01 
 3.00000000e-01  4.00000000e+00  3.00000000e-01 -2.49954404e-04  4.33250575e-01  7.40069000e-02  1.00279000e+02  1.13110000e+01  1.37848000e+05 -1.91127000e-01 
 3.10000000e-01  4.00000000e+00  3.10000000e-01 -2.52304786e-04  4.33250575e-01  7.40069000e-02  1.00279000e+02  1.13110000e+01  1.37848000e+05 -1.91127000e-01 
 3.20000000e-01  4.00000000e+00  3.20000000e-01 -2.54536350e-04  4.33250575e-01  7.40069000e-02  1.00279000e+02  1.13110000e+01  1.37848000e+05 -1.91127000e-01 
 3.30000000e-01  4.00000000e+00  3.30000000e-01 -2.56658957e-04  4.33250575e-01  7.40069000e-02  1.00279000e+02  1.13110000e+01  1.37848000e+05 -1.91127000e-01 
 3.40000000e-01  4.00000000e+00  3.40000000e-01 -2.58681483e-04  4.33250575e-01  7.40069000e-02  1.00279000e+02  1.13110000e+01  1.37848000e+05 -1.91127000e-01 
 3.50000000e-01  4.00000000e+00  3.50000000e-01 -2.60611922e-04  4.33250575e-01  7.40069000e-02  1.00279000e+02  1.13110000e+01  1.37848000e+05 -1.91127000e-01 
 3.60000000e-01  4.00000000e+00  3.60000000e-01 -2.62457488e-04  4.33250575e-01  7.40069000e-02  1.00279000e+02  1.13110000e+01  1.37848000e+05 -1.91127000e-01 
 3.70000000e-01  4.00000000e+00  3.70000000e-01 -2.64224698e-04  4.33250575e-01  7.40069000e-02  1.00279000e+02  1.13110000e+01  1.37848000e+05 -1.91127000e-01 
 3.80000000e-01  4.00000000e+00  3.80000000e-01 -2.65919450e-04  4.33250575e-01  7.40069000e-02  1.00279000e+02  1.13110000e+01  1.37848000e+05 -1.91127000e-01 
 3.90000000e-01  4.00000000e+00  3.90000000e-01 -2.67547088e-04  4.33250575e-01  7.40069000e-02  1.00279000e+02  1.13110000e+01  1.37848000e+05 -1.91127000e-01 
 4.00000000e-01  4.00000000e+00  4.00000000e-01 -2.69112464e-04  4.33250575e-01  7.40069000e-02  1.00279000e+02  1.13110000e+01  1.37848000e+05 -1.91127000e-01 
 4.10000000e-01  4.00000000e+00  4.10000000e-01 -2.70619989e-04  4.33250575e-01  7.40069000e-02  1.00279000e+02  1.13110000e+01  1.37848000e+05 -1.91127000e-01 
 4.20000000e-01  4.00000000e+00  4.20000000e-01 -2.72073679e-04  4.33250575e-01  7.40069000e-02  1.00279000e+02  1.13110000e+01  1.37848000e+05 -1.91127000e-01 
 4.30000000e-01  4.00000000e+00  4.30000000e-01 -2.73477199e-04  4.33250575e-01  7.40069000e-02  1.00279000e+02  1.13110000e+01  1.37848000e+05 -1.91127000e-01 
 4.40000000e-01  4.00000000e+00  4.40000000e-01 -2.74833894e-04  4.33250575e-01  7.40069000e-02  1.00279000e+02  1.13110000e+01  1.37848000e+05 -1.91127000e-01 
 4.50000000e-01  4.00000000e+00  4.50000000e-01 -2.76146827e-04  4.33250575e-01  7.40069000e-02  1.00279000e+02  1.13110000e+01  1.37848000e+05 -1.91127000e-01 
 4.60000000e-01  4.00000000e+00  4.60000000e-01 -2.77418804e-04  4.33250575e-01  7.40069000e-02  1.00279000e+02  1.13110000e+01  1.37848000e+05 -1.91127000e-01 
 4.70000000e-01  4.00000000e+00  4.70000000e-01 -2.78652400e-04  4.33250575e-01  7.40069000e-02  1.00279000e+02  1.13110000e+01  1.37848000e+05 -1.91127000e-01 
 4.80000000e-01  4.00000000e+00  4.80000000e-01 -2.79849982e-04  4.33250575e-01  7.40069000e-02  1.00279000e+02  1.13110000e+01  1.37848000e+05 -1.91127000e-01 
 4.90000000e-01  4.00000000e+00  4.90000000e-01 -2.81013728e-04  4.33250575e-01  7.40069000e-02  1.00279000e+02  1.13110000e+01  1.37848000e+05 -1.91127000e-01 
 5.00000000e-01  4.00000000e+00  5.00000000e-01 -2.82145648e-04  4.33250575e-01  7.40069000e-02  1.00279000e+02  1.13110000e+01  1.37848000e+05 -1.91127000e-01 
 5.10000000e-01  4.00000000e+00  5.10000000e-01 -2.83247593e-04  4.33250575e-01  7.40069000e-02  1.00279000e+02  1.13110000e+01  1.37848000e+05 -1.91127000e-01 
 5.20000000e-01  4.00000000e+00  5.20000000e-01 -2.84321279e-04  4.33250575e-01  7.40069000e-02  1.00279000e+02  1.13110000e+01  1.37848000e+05 -1.91127000e-01 
 5.30000000e-01  4.00000000e+00  5.30000000e-01 -2.85368291e-04  4.33250575e-01  7.40069000e-02  1.00279000e+02  1.13110000e+01  1.37848000e+05 -1.91127000e-01 
 5.40000000e-01  4.00000000e+00  5.40000000e-01 -2.86390099e-04  4.33250575e-01  7.40069000e-02  1.00279000e+02  1.13110000e+01  1.37848000e+05 -1.91127000e-01 
 5.50000000e-01  4.00000000e+00  5.50000000e-01 -2.87388067e-04  4.33250575e-01  7.40069000e-02  1.00279000e+02  1.13110000e+01  1.37848000e+05 -1.91127000e-01 
 5.60000000e-01  4.00000000e+00  5.60000000e-01 -2.88363463e-04  4.33250575e-01  7.40069000e-02  1.00279000e+02  1.13110000e+01  1.37848000e+05 -1.91127000e-01 
 5.70000000e-01  4.00000000e+00  5.70000000e-01 -2.89317467e-04  4.33250575e-01  7.40069000e-02  1.00279000e+02  1.13110000e+01  1.37848000e+05 -1.91127000e-01 
 5.80000000e-01  4.00000000e+00  5.80000000e-01 -2.90251175e-04  4.33250575e-01  7.40069000e-02  1.00279000e+02  1.13110000e+01  1.37848000e+05 -1.91127000e-01 
 5.90000000e-01  4.00000000e+00  5.90000000e-01 -2.91165614e-04  4.33250575e-01  7.40069000e-02  1.00279000e+02  1.13110000e+01  1.37848000e+05 -1.91127000e-01 
 6.00000000e-01  4.00000000e+00  6.00000000e-01 -2.92061737e-04  4.33250575e-01  7.40069000e-02  1.00279000e+02  1.13110000e+01  1.37848000e+05 -1.91127000e-01 
 6.10000000e-01  4.00000000e+00  6.10000000e-01 -2.92940440e-04  4.33250575e-01  7.40069000e-02  1.00279000e+02  1.13110000e+01  1.37848000e+05 -1.91127000e-01 
 6.20000000e-01  4.00000000e+00  6.20000000e-01 -2.93802557e-04  4.33250575e-01  7.40069000e-02  1.00279000e+02  1.13110000e+01  1.37848000e+05 -1.91127000e-01 
 6.30000000e-01  4.00000000e+00  6.30000000e-01 -2.94648872e-04  4.33250575e-01  7.40069000e-02  1.00279000e+02  1.13110000e+01  1.37848000e+05 -1.91127000e-01 
 6.40000000e-01  4.00000000e+00  6.40000000e-01 -2.95480119e-04  4.33250575e-01  7.40069000e-02  1.00279000e+02  1.13110000e+01  1.37848000e+05 -1.91127000e-01 
 6.50000000e-01  4.00000000e+00  6.50000000e-01 -2.96296986e-04  4.33250575e-01  7.40069000e-02  1.00279000e+02  1.13110000e+01  1.37848000e+05 -1.91127000e-01 
 6.60000000e-01  4.00000000e+00  6.60000000e-01 -2.97100121e-04  4.33250575e-01  7.40069000e-02  1.00279000e+02  1.13110000e+01  1.37848000e+05 -1.91127000e-01 
 6.70000000e-01  4.00000000e+00  6.70000000e-01 -2.97890131e-04  4.33250575e-01  7.40069000e-02  1.00279000e+02  1.13110000e+01  1.37848000e+05 -1.91127000e-01 
 6.80000000e-01  4.00000000e+00  6.80000000e-01 -2.98667589e-04  4.33250575e-01  7.40069000e-02  1.00279000e+02  1.13110000e+01  1.37848000e+05 -1.91127000e-01 
 6.90000000e-01  4.00000000e+00  6.90000000e-01 -2.99433035e-04  4.33250575e-01  7.40069000e-02  1.00279000e+02  1.13110000e+01  1.37848000e+05 -1.91127000e-01 
 7.00000000e-01  4.00000000e+00  7.00000000e-01 -3.00186976e-04  4.33250575e-01  7.40069000e-02  1.00279000e+02  1.13110000e+01  1.37848000e+05 -1.91127000e-01 
 7.10000000e-01  4.00000000e+00  7.10000000e-01 -3.00929892e-04  4.33250575e-01  7.40069000e-02  1.00279000e+02  1.13110000e+01  1.37848000e+05 -1.91127000e-01 
 7.20000000e-01  4.00000000e+00  7.20000000e-01 -3.01662236e-04  4.33250575e-01  7.40069000e-02  1.00279000e+02  1.13110000e+01  1.37848000e+05 -1.91127000e-01 
 7.30000000e-01  4.00000000e+00  7.30000000e-01 -3.02384436e-04  4.33250575e-01  7.40069000e-02  1.00279000e+02  1.13110000e+01  1.37848000e+05 -1.91127000e-01 
 7.40000000e-01  4.00000000e+00  7.40000000e-01 -3.03096897e-04  4.33250575e-01  7.40069000e-02  1.00279000e+02  1.13110000e+01  1.37848000e+05 -1.91127000e-01 
 7.50000000e-01  4.00000000e+00  7.50000000e-01 -3.03800002e-04  4.33250575e-01  7.40069000e-02  1.00279000e+02  1.13110000e+01  1.37848000e+05 -1.91127000e-01 
 7.60000000e-01  4.00000000e+00  7.60000000e-01 -3.04494114e-04  4.33250575e-01  7.40069000e-02  1.00279000e+02  1.13110000e+01  1.37848000e+05 -1.91127000e-01 
 7.70000000e-01  4.00000000e+00  7.70000000e-01 -3.05179578e-04  4.33250575e-01  7.40069000e-02  1.00279000e+02  1.13110000e+01  1.37848000e+05 -1.91127000e-01 
 7.80000000e-01  4.00000000e+00  7.80000000e-01 -3.05856719e-04  4.33250575e-01  7.40069000e-02  1.00279000e+02  1.13110000e+01  1.37848000e+05 -1.91127000e-01 
 7.90000000e-01  4.00000000e+00  7.90000000e-01 -3.06525848e-04  4.33250575e-01  7.40069000e-02  1.00279000e+02  1.13110000e+01  1.37848000e+05 -1.91127000e-01 
 8.00000000e-01  4.00000000e+00  8.00000000e-01 -3.07187259e-04  4.33250575e-01  7.40069000e-02  1.00279000e+02  1.13110000e+01  1.37848000e+05 -1.91127000e-01 
 8.10000000e-01  4.00000000e+00  8.10000000e-01 -3.07841232e-04  4.33250575e-01  7.40069000e-02  1.00279000e+02  1.13110000e+01  1.37848000e+05 -1.91127000e-01 
 8.20000000e-01  4.00000000e+00  8.20000000e-01 -3.08488033e-04  4.33250575e-01  7.40069000e-02  1.00279000e+02  1.13110000e+01  1.37848000e+05 -1.91127000e-01 
 8.30000000e-01  4.00000000e+00  8.30000000e-01 -3.09127915e-04  4.33250575e-01  7.40069000e-02  1.00279000e+02  1.13110000e+01  1.37848000e+05 -1.91127000e-01 
 8.40000000e-01  4.00000000e+00  8.40000000e-01 -3.09761121e-04  4.33250575e-01  7.40069000e-02  1.00279000e+02  1.13110000e+01  1.37848000e+05 -1.91127000e-01 
 8.50000000e-01  4.00000000e+00  8.50000000e-01 -3.10387879e-04  4.33250575e-01  7.40069000e-02  1.00279000e+02  1.13110000e+01  1.37848000e+05 -1.91127000e-01 
 8.60000000e-01  4.00000000e+00  8.60000000e-01 -3.11008409e-04  4.33250575e-01  7.40069000e-02  1.00279000e+02  1.13110000e+01  1.37848000e+05 -1.91127000e-01 
 8.70000000e-01  4.00000000e+00  8.70000000e-01 -3.11622920e-04  4.33250575e-01  7.40069000e-02  1.00279000e+02  1.13110000e+01  1.37848000e+05 -1.91127000e-01 
 8.80000000e-01  4.00000000e+00  8.80000000e-01 -3.12231612e-04  4.33250575e-01  7.40069000e-02  1.00279000e+02  1.13110000e+01  1.37848000e+05 -1.91127000e-01 
 8.90000000e-01  4.00000000e+00  8.90000000e-01 -3.12834677e-04  4.33250575e-01  7.40069000e-02  1.00279000e+02  1.13110000e+01  1.37848000e+05 -1.91127000e-01 
 9.00000000e-01  4.00000000e+00  9.00000000e-01 -3.13432295e-04  4.33250575e-01  7.40069000e-02  1.00279000e+02  1.13110000e+01  1.37848000e+05 -1.91127000e-01 
 9.10000000e-01  4.00000000e+00  9.10000000e-01 -3.14024642e-04  4.33250575e-01  7.40069000e-02  1.00279000e+02  1.13110000e+01  1.37848000e+05 -1.91127000e-01 
 9.20000000e-01  4.00000000e+00  9.20000000e-01 -3.14611884e-04  4.33250575e-01  7.40069000e-02  1.00279000e+02  1.13110000e+01  1.37848000e+05 -1.91127000e-01 
 9.30000000e-01  4.00000000e+00  9.30000000e-01 -3.15194181e-04  4.33250575e-01  7.40069000e-02  1.00279000e+02  1.13110000e+01  1.37848000e+05 -1.91127000e-01 
 9.40000000e-01  4.00000000e+00  9.40000000e-01 -3.15771686e-04  4.33250575e-01  7.40069000e-02  1.00279000e+02  1.13110000e+01  1.37848000e+05 -1.91127000e-01 
 9.50000000e-01  4.00000000e+00  9.50000000e-01 -3.16344545e-04  4.33250575e-01  7.40069000e-02  1.00279000e+02  1.13110000e+01  1.37848000e+05 -1.91127000e-01 
 9.60000000e-01  4.00000000e+00  9.60000000e-01 -3.16912899e-04  4.33250575e-01  7.40069000e-02  1.00279000e+02  1.13110000e+01  1.37848000e+05 -1.91127000e-01 
 9.70000000e-01  4.00000000e+00  9.70000000e-01 -3.17476883e-04  4.33250575e-01  7.40069000e-02  1.00279000e+02  1.13110000e+01  1.37848000e+05 -1.91127000e-01 
 9.80000000e-01  4.00000000e+00  9.80000000e-01 -3.18036625e-04  4.33250575e-01  7.40069000e-02  1.00279000e+02  1.13110000e+01  1.37848000e+05 -1.91127000e-01 
 9.90000000e-01  4.00000000e+00  9.90000000e-01 -3.18592250e-04  4.33250575e-01  7.40069000e-02  1.00279000e+02  1.13110000e+01  1.37848000e+05 -1.91127000e-01 
 1.00000000e+00  4.00000000e+00  1.00000000e+00 -3.19143876e-04  4.33250575e-01  7.40069000e-02  1.00279000e+02  1.13110000e+01  1.37848000e+05 -1.91127000e-01 
 1.01000000e+00  4.00000000e+00  1.01000000e+00 -3.19691619e-04  4.33250575e-01  7.40069000e-02  1.00279000e+02  1.13110000e+01  1.37848000e+05 -1.91127000e-01 
 1.02000000e+00  4.00000000e+00  1.02000000e+00 -3.20235589e-04  4.33250575e-01  7.40069000e-02  1.00279000e+02  1.13110000e+01  1.37848000e+05 -1.91127000e-01 
 1.03000000e+00  4.00000000e+00  1.03000000e+00 -3.20775890e-04  4.33250575e-01  7.40069000e-02  1.00279000e+02  1.13110000e+01  1.37848000e+05 -1.91127000e-01 
 1.04000000e+00  4.00000000e+00  1.04000000e+00 -3.21312625e-04  4.33250575e-01  7.40069000e-02  1.00279000e+02  1.13110000e+01  1.37848000e+05 -1.91127000e-01 
 1.05000000e+00  4.00000000e+00  1.05000000e+00 -3.21845892e-04  4.33250575e-01  7.40069000e-02  1.00279000e+02  1.13110000e+01  1.37848000e+05 -1.91127000e-01 
 1.06000000e+00  4.00000000e+00  1.06000000e+00 -3.22375785e-04  4.33250575e-01  7.40069000e-02  1.00279000e+02  1.13110000e+01  1.37848000e+05 -1.91127000e-01 
 1.07000000e+00  4.00000000e+00  1.07000000e+00 -3.22902395e-04  4.33250575e-01  7.40069000e-02  1.00279000e+02  1.13110000e+01  1.37848000e+05 -1.91127000e-01 
 1.08000000e+00  4.00000000e+00  1.08000000e+00 -3.23425808e-04  4.33250575e-01  7.40069000e-02  1.00279000e+02  1.13110000e+01  1.37848000e+05 -1.91127000e-01 
 1.09000000e+00  4.00000000e+00  1.09000000e+00 -3.23946111e-04  4.33250575e-01  7.40069000e-02  1.00279000e+02  1.13110000e+01  1.37848000e+05 -1.91127000e-01 
 1.10000000e+00  4.00000000e+00  1.10000000e+00 -3.24463383e-04  4.33250575e-01  7.40069000e-02  1.00279000e+02  1.13110000e+01  1.37848000e+05 -1.91127000e-01 
 1.11000000e+00  4.00000000e+00  1.11000000e+00 -3.24977703e-04  4.33250575e-01  7.40069000e-02  1.00279000e+02  1.13110000e+01  1.37848000e+05 -1.91127000e-01 
 1.12000000e+00  4.00000000e+00  1.12000000e+00 -3.25489147e-04  4.33250575e-01  7.40069000e-02  1.00279000e+02  1.13110000e+01  1.37848000e+05 -1.91127000e-01 
 1.13000000e+00  4.00000000e+00  1.13000000e+00 -3.25997788e-04  4.33250575e-01  7.40069000e-02  1.00279000e+02  1.13110000e+01  1.37848000e+05 -1.91127000e-01 
 1.14000000e+00  4.00000000e+00  1.14000000e+00 -3.26503696e-04  4.33250575e-01  7.40069000e-02  1.00279000e+02  1.13110000e+01  1.37848000e+05 -1.91127000e-01 
 1.15000000e+00  4.00000000e+00  1.15000000e+00 -3.27006940e-04  4.33250575e-01  7.40069000e-02  1.00279000e+02  1.13110000e+01  1.37848000e+05 -1.91127000e-01 
 1.16000000e+00  4.00000000e+00  1.16000000e+00 -3.27507584e-04  4.33250575e-01  7.40069000e-02  1.00279000e+02  1.13110000e+01  1.37848000e+05 -1.91127000e-01 
 1.17000000e+00  4.00000000e+00  1.17000000e+00 -3.28005693e-04  4.33250575e-01  7.40069000e-02  1.00279000e+02  1.13110000e+01  1.37848000e+05 -1.91127000e-01 
 1.18000000e+00  4.00000000e+00  1.18000000e+00 -3.28501329e-04  4.33250575e-01  7.40069000e-02  1.00279000e+02  1.13110000e+01  1.37848000e+05 -1.91127000e-01 
 1.19000000e+00  4.00000000e+00  1.19000000e+00 -3.28994550e-04  4.33250575e-01  7.40069000e-02  1.00279000e+02  1.13110000e+01  1.37848000e+05 -1.91127000e-01 
 1.20000000e+00  4.00000000e+00  1.20000000e+00 -3.29485414e-04  4.33250575e-01  7.40069000e-02  1.00279000e+02  1.13110000e+01  1.37848000e+05 -1.91127000e-01 
 1.21000000e+00  4.00000000e+00  1.21000000e+00 -3.29973976e-04  4.33250575e-01  7.40069000e-02  1.00279000e+02  1.13110000e+01  1.37848000e+05 -1.91127000e-01 
 1.22000000e+00  4.00000000e+00  1.22000000e+00 -3.30460292e-04  4.33250575e-01  7.40069000e-02  1.00279000e+02  1.13110000e+01  1.37848000e+05 -1.91127000e-01 
 1.23000000e+00  4.00000000e+00  1.23000000e+00 -3.30944412e-04  4.33250575e-01  7.40069000e-02  1.00279000e+02  1.13110000e+01  1.37848000e+05 -1.91127000e-01 
 1.24000000e+00  4.00000000e+00  1.24000000e+00 -3.31426387e-04  4.33250575e-01  7.40069000e-02  1.00279000e+02  1.13110000e+01  1.37848000e+05 -1.91127000e-01 
 1.25000000e+00  4.00000000e+00  1.25000000e+00 -3.31906267e-04  4.33250575e-01  7.40069000e-02  1.00279000e+02  1.13110000e+01  1.37848000e+05 -1.91127000e-01 
 1.26000000e+00  4.00000000e+00  1.26000000e+00 -3.32384098e-04  4.33250575e-01  7.40069000e-02  1.00279000e+02  1.13110000e+01  1.37848000e+05 -1.91127000e-01 
 1.27000000e+00  4.00000000e+00  1.27000000e+00 -3.32859928e-04  4.33250575e-01  7.40069000e-02  1.00279000e+02  1.13110000e+01  1.37848000e+05 -1.91127000e-01 
 1.28000000e+00  4.00000000e+00  1.28000000e+00 -3.33333800e-04  4.33250575e-01  7.40069000e-02  1.00279000e+02  1.13110000e+01  1.37848000e+05 -1.91127000e-01 
 1.29000000e+00  4.00000000e+00  1.29000000e+00 -3.33805758e-04  4.33250575e-01  7.40069000e-02  1.00279000e+02  1.13110000e+01  1.37848000e+05 -1.91127000e-01 
 1.30000000e+00  4.00000000e+00  1.30000000e+00 -3.34275844e-04  4.33250575e-01  7.40069000e-02  1.00279000e+02  1.13110000e+01  1.37848000e+05 -1.91127000e-01 
 1.31000000e+00  4.00000000e+00  1.31000000e+00 -3.34744099e-04  4.33250575e-01  7.40069000e-02  1.00279000e+02  1.13110000e+01  1.37848000e+05 -1.91127000e-01 
 1.32000000e+00  4.00000000e+00  1.32000000e+00 -3.35210563e-04  4.33250575e-01  7.40069000e-02  1.00279000e+02  1.13110000e+01  1.37848000e+05 -1.91127000e-01 
 1.33000000e+00  4.00000000e+00  1.33000000e+00 -3.35675275e-04  4.33250575e-01  7.40069000e-02  1.00279000e+02  1.13110000e+01  1.37848000e+05 -1.91127000e-01 
 1.34000000e+00  4.00000000e+00  1.34000000e+00 -3.36138272e-04  4.33250575e-01  7.40069000e-02  1.00279000e+02  1.13110000e+01  1.37848000e+05 -1.91127000e-01 
 1.35000000e+00  4.00000000e+00  1.35000000e+00 -3.36599591e-04  4.33250575e-01  7.40069000e-02  1.00279000e+02  1.13110000e+01  1.37848000e+05 -1.91127000e-01 
 1.36000000e+00  4.00000000e+00  1.36000000e+00 -3.37059267e-04  4.33250575e-01  7.40069000e-02  1.00279000e+02  1.13110000e+01  1.37848000e+05 -1.91127000e-01 
 1.37000000e+00  4.00000000e+00  1.37000000e+00 -3.37517337e-04  4.33250575e-01  7.40069000e-02  1.00279000e+02  1.13110000e+01  1.37848000e+05 -1.91127000e-01 
 1.38000000e+00  4.00000000e+00  1.38000000e+00 -3.37973832e-04  4.33250575e-01  7.40069000e-02  1.00279000e+02  1.13110000e+01  1.37848000e+05 -1.91127000e-01 
 1.39000000e+00  4.00000000e+00  1.39000000e+00 -3.38428788e-04  4.33250575e-01  7.40069000e-02  1.00279000e+02  1.13110000e+01  1.37848000e+05 -1.91127000e-01 
 1.40000000e+00  4.00000000e+00  1.40000000e+00 -3.38882236e-04  4.33250575e-01  7.40069000e-02  1.00279000e+02  1.13110000e+01  1.37848000e+05 -1.91127000e-01 
 1.41000000e+00  4.00000000e+00  1.41000000e+00 -3.39334209e-04  4.33250575e-01  7.40069000e-02  1.00279000e+02  1.13110000e+01  1.37848000e+05 -1.91127000e-01 
 1.42000000e+00  4.00000000e+00  1.42000000e+00 -3.39784737e-04  4.33250575e-01  7.40069000e-02  1.00279000e+02  1.13110000e+01  1.37848000e+05 -1.91127000e-01 
 1.43000000e+00  4.00000000e+00  1.43000000e+00 -3.40233851e-04  4.33250575e-01  7.40069000e-02  1.00279000e+02  1.13110000e+01  1.37848000e+05 -1.91127000e-01 
 1.44000000e+00  4.00000000e+00  1.44000000e+00 -3.40681581e-04  4.33250575e-01  7.40069000e-02  1.00279000e+02  1.13110000e+01  1.37848000e+05 -1.91127000e-01 
 1.45000000e+00  4.00000000e+00  1.45000000e+00 -3.41127957e-04  4.33250575e-01  7.40069000e-02  1.00279000e+02  1.13110000e+01  1.37848000e+05 -1.91127000e-01 
 1.46000000e+00  4.00000000e+00  1.46000000e+00 -3.41573009e-04  4.33250575e-01  7.40069000e-02  1.00279000e+02  1.13110000e+01  1.37848000e+05 -1.91127000e-01 
 1.47000000e+00  4.00000000e+00  1.47000000e+00 -3.42016765e-04  4.33250575e-01  7.40069000e-02  1.00279000e+02  1.13110000e+01  1.37848000e+05 -1.91127000e-01 
 1.48000000e+00  4.00000000e+00  1.48000000e+00 -3.42459253e-04  4.33250575e-01  7.40069000e-02  1.00279000e+02  1.13110000e+01  1.37848000e+05 -1.91127000e-01 
 1.49000000e+00  4.00000000e+00  1.49000000e+00 -3.42900502e-04  4.33250575e-01  7.40069000e-02  1.00279000e+02  1.13110000e+01  1.37848000e+05 -1.91127000e-01 
 1.50000000e+00  4.00000000e+00  1.50000000e+00 -3.43340541e-04  4.33250575e-01  7.40069000e-02  1.00279000e+02  1.13110000e+01  1.37848000e+05 -1.91127000e-01 
 1.51000000e+00  4.00000000e+00  1.51000000e+00 -3.43779398e-04  4.33250575e-01  7.40069000e-02  1.00279000e+02  1.13110000e+01  1.37848000e+05 -1.91127000e-01 
 1.52000000e+00  4.00000000e+00  1.52000000e+00 -3.44217100e-04  4.33250575e-01  7.40069000e-02  1.00279000e+02  1.13110000e+01  1.37848000e+05 -1.91127000e-01 
 1.53000000e+00  4.00000000e+00  1.53000000e+00 -3.44653676e-04  4.33250575e-01  7.40069000e-02  1.00279000e+02  1.13110000e+01  1.37848000e+05 -1.91127000e-01 
 1.54000000e+00  4.00000000e+00  1.54000000e+00 -3.45089155e-04  4.33250575e-01  7.40069000e-02  1.00279000e+02  1.13110000e+01  1.37848000e+05 -1.91127000e-01 
 1.55000000e+00  4.00000000e+00  1.55000000e+00 -3.45523564e-04  4.33250575e-01  7.40069000e-02  1.00279000e+02  1.13110000e+01  1.37848000e+05 -1.91127000e-01 
 1.56000000e+00  4.00000000e+00  1.56000000e+00 -3.45956933e-04  4.33250575e-01  7.40069000e-02  1.00279000e+02  1.13110000e+01  1.37848000e+05 -1.91127000e-01 
 1.57000000e+00  4.00000000e+00  1.57000000e+00 -3.46389291e-04  4.33250575e-01  7.40069000e-02  1.00279000e+02  1.13110000e+01  1.37848000e+05 -1.91127000e-01 
 1.58000000e+00  4.00000000e+00  1.58000000e+00 -3.46820668e-04  4.33250575e-01  7.40069000e-02  1.00279000e+02  1.13110000e+01  1.37848000e+05 -1.91127000e-01 
 1.59000000e+00  4.00000000e+00  1.59000000e+00 -3.47251093e-04  4.33250575e-01  7.40069000e-02  1.00279000e+02  1.13110000e+01  1.37848000e+05 -1.91127000e-01 
 1.60000000e+00  4.00000000e+00  1.60000000e+00 -3.47680599e-04  4.33250575e-01  7.40069000e-02  1.00279000e+02  1.13110000e+01  1.37848000e+05 -1.91127000e-01 
 1.61000000e+00  4.00000000e+00  1.61000000e+00 -3.48109217e-04  4.33250575e-01  7.40069000e-02  1.00279000e+02  1.13110000e+01  1.37848000e+05 -1.91127000e-01 
 1.62000000e+00  4.00000000e+00  1.62000000e+00 -3.48536980e-04  4.33250575e-01  7.40069000e-02  1.00279000e+02  1.13110000e+01  1.37848000e+05 -1.91127000e-01 
 1.63000000e+00  4.00000000e+00  1.63000000e+00 -3.48963922e-04  4.33250575e-01  7.40069000e-02  1.00279000e+02  1.13110000e+01  1.37848000e+05 -1.91127000e-01 
 1.64000000e+00  4.00000000e+00  1.64000000e+00 -3.49390077e-04  4.33250575e-01  7.40069000e-02  1.00279000e+02  1.13110000e+01  1.37848000e+05 -1.91127000e-01 
 1.65000000e+00  4.00000000e+00  1.65000000e+00 -3.49815483e-04  4.33250575e-01  7.40069000e-02  1.00279000e+02  1.13110000e+01  1.37848000e+05 -1.91127000e-01 
 1.66000000e+00  4.00000000e+00  1.66000000e+00 -3.50240177e-04  4.33250575e-01  7.40069000e-02  1.00279000e+02  1.13110000e+01  1.37848000e+05 -1.91127000e-01 
 1.67000000e+00  4.00000000e+00  1.67000000e+00 -3.50664198e-04  4.33250575e-01  7.40069000e-02  1.00279000e+02  1.13110000e+01  1.37848000e+05 -1.91127000e-01 
 1.68000000e+00  4.00000000e+00  1.68000000e+00 -3.51087588e-04  4.33250575e-01  7.40069000e-02  1.00279000e+02  1.13110000e+01  1.37848000e+05 -1.91127000e-01 
 1.69000000e+00  4.00000000e+00  1.69000000e+00 -3.51510390e-04  4.33250575e-01  7.40069000e-02  1.00279000e+02  1.13110000e+01  1.37848000e+05 -1.91127000e-01 
 1.70000000e+00  4.00000000e+00  1.70000000e+00 -3.51932649e-04  4.33250575e-01  7.40069000e-02  1.00279000e+02  1.13110000e+01  1.37848000e+05 -1.91127000e-01 
 1.71000000e+00  4.00000000e+00  1.71000000e+00 -3.52354413e-04  4.33250575e-01  7.40069000e-02  1.00279000e+02  1.13110000e+01  1.37848000e+05 -1.91127000e-01 
 1.72000000e+00  4.00000000e+00  1.72000000e+00 -3.52775731e-04  4.33250575e-01  7.40069000e-02  1.00279000e+02  1.13110000e+01  1.37848000e+05 -1.91127000e-01 
 1.73000000e+00  4.00000000e+00  1.73000000e+00 -3.53196657e-04  4.33250575e-01  7.40069000e-02  1.00279000e+02  1.13110000e+01  1.37848000e+05 -1.91127000e-01 
 1.74000000e+00  4.00000000e+00  1.74000000e+00 -3.53617246e-04  4.33250575e-01  7.40069000e-02  1.00279000e+02  1.13110000e+01  1.37848000e+05 -1.91127000e-01 
 1.75000000e+00  4.00000000e+00  1.75000000e+00 -3.54037557e-04  4.33250575e-01  7.40069000e-02  1.00279000e+02  1.13110000e+01  1.37848000e+05 -1.91127000e-01 
 1.76000000e+00  4.00000000e+00  1.76000000e+00 -3.54457652e-04  4.33250575e-01  7.40069000e-02  1.00279000e+02  1.13110000e+01  1.37848000e+05 -1.91127000e-01 
 1.77000000e+00  4.00000000e+00  1.77000000e+00 -3.54877596e-04  4.33250575e-01  7.40069000e-02  1.00279000e+02  1.13110000e+01  1.37848000e+05 -1.91127000e-01 
 1.78000000e+00  4.00000000e+00  1.78000000e+00 -3.55297459e-04  4.33250575e-01  7.40069000e-02  1.00279000e+02  1.13110000e+01  1.37848000e+05 -1.91127000e-01 
 1.79000000e+00  4.00000000e+00  1.79000000e+00 -3.55717314e-04  4.33250575e-01  7.40069000e-02  1.00279000e+02  1.13110000e+01  1.37848000e+05 -1.91127000e-01 
 1.80000000e+00  4.00000000e+00  1.80000000e+00 -3.56137239e-04  4.33250575e-01  7.40069000e-02  1.00279000e+02  1.13110000e+01  1.37848000e+05 -1.91127000e-01 
