 0.00000000e+00  1.11000000e+00  0.00000000e+00  0.00000000e+00  0.00000000e+00  0.00000000e+00 
 1.00000000e-02  1.11000000e+00  1.00000000e-02  8.55227478e-05  1.00000000e-02  1.00000000e-02 
 2.00000000e-02  1.11000000e+00  2.00000000e-02  1.67478934e-04  2.00000000e-02  2.00000000e-02 
 3.00000000e-02  1.11000000e+00  3.00000000e-02  2.45291393e-04  3.00000000e-02  3.00000000e-02 
 4.00000000e-02  1.11000000e+00  4.00000000e-02  3.18809742e-04  4.00000000e-02  4.00000000e-02 
 5.00000000e-02  1.11000000e+00  5.00000000e-02  3.88045407e-04  5.00000000e-02  5.00000000e-02 
 6.00000000e-02  1.11000000e+00  6.00000000e-02  4.53090070e-04  6.00000000e-02  6.00000000e-02 
 7.00000000e-02  1.11000000e+00  7.00000000e-02  5.14081498e-04  7.00000000e-02  7.00000000e-02 
 8.00000000e-02  1.11000000e+00  8.00000000e-02  5.71185981e-04  8.00000000e-02  8.00000000e-02 
 9.00000000e-02  1.11000000e+00  9.00000000e-02  6.24587788e-04  9.00000000e-02  9.00000000e-02 
 1.00000000e-01  1.11000000e+00  1.00000000e-01  6.74482013e-04  1.00000000e-01  1.00000000e-01 
 1.10000000e-01  1.11000000e+00  1.10000000e-01  7.21069297e-04  1.10000000e-01  1.10000000e-01 
 1.20000000e-01  1.11000000e+00  1.20000000e-01  7.64551731e-04  1.20000000e-01  1.20000000e-01 
 1.30000000e-01  1.11000000e+00  1.30000000e-01  8.05129584e-04  1.30000000e-01  1.30000000e-01 
 1.40000000e-01  1.11000000e+00  1.40000000e-01  8.42998726e-04  1.40000000e-01  1.40000000e-01 
 1.50000000e-01  1.11000000e+00  1.50000000e-01  8.78348602e-04  1.50000000e-01  1.50000000e-01 
 1.60000000e-01  1.11000000e+00  1.60000000e-01  9.11360718e-04  1.60000000e-01  1.60000000e-01 
 1.70000000e-01  1.11000000e+00  1.70000000e-01  9.42207565e-04  1.70000000e-01  1.70000000e-01 
 1.80000000e-01  1.11000000e+00  1.80000000e-01  9.71051920e-04  1.80000000e-01  1.80000000e-01 
 1.90000000e-01  1.11000000e+00  1.90000000e-01  9.98046470e-04  1.90000000e-01  1.90000000e-01 
 2.00000000e-01  1.11000000e+00  2.00000000e-01  1.02333371e-03  2.00000000e-01  2.00000000e-01 
 2.10000000e-01  1.11000000e+00  2.10000000e-01  1.04704603e-03  2.10000000e-01  2.10000000e-01 
 2.20000000e-01  1.11000000e+00  2.20000000e-01  1.06930601e-03  2.20000000e-01  2.20000000e-01 
 2.30000000e-01  1.11000000e+00  2.30000000e-01  1.09022676e-03  2.30000000e-01  2.30000000e-01 
 2.40000000e-01  1.11000000e+00  2.40000000e-01  1.10991246e-03  2.40000000e-01  2.40000000e-01 
 2.50000000e-01  1.11000000e+00  2.50000000e-01  1.12845880e-03  2.50000000e-01  2.50000000e-01 
 2.60000000e-01  1.11000000e+00  2.60000000e-01  1.14595360e-03  2.60000000e-01  2.60000000e-01 
 2.70000000e-01  1.11000000e+00  2.70000000e-01  1.16247732e-03  2.70000000e-01  2.70000000e-01 
 2.80000000e-01  1.11000000e+00  2.80000000e-01  1.17810364e-03  2.80000000e-01  2.80000000e-01 
 2.90000000e-01  1.11000000e+00  2.90000000e-01  1.19290000e-03  2.90000000e-01  2.90000000e-01 
 3.00000000e-01  1.11000000e+00  3.00000000e-01  1.20692810e-03  3.00000000e-01  3.00000000e-01 
 3.10000000e-01  1.11000000e+00  3.10000000e-01  1.22024437e-03  3.10000000e-01  3.10000000e-01 
 3.20000000e-01  1.11000000e+00  3.20000000e-01  1.23290048e-03  3.20000000e-01  3.20000000e-01 
 3.30000000e-01  1.11000000e+00  3.30000000e-01  1.24494369e-03  3.30000000e-01  3.30000000e-01 
 3.40000000e-01  1.11000000e+00  3.40000000e-01  1.25641730e-03  3.40000000e-01  3.40000000e-01 
 3.50000000e-01  1.11000000e+00  3.50000000e-01  1.26736097e-03  3.50000000e-01  3.50000000e-01 
 3.60000000e-01  1.11000000e+00  3.60000000e-01  1.27781108e-03  3.60000000e-01  3.60000000e-01 
 3.70000000e-01  1.11000000e+00  3.70000000e-01  1.28780098e-03  3.70000000e-01  3.70000000e-01 
 3.80000000e-01  1.11000000e+00  3.80000000e-01  1.29736132e-03  3.80000000e-01  3.80000000e-01 
 3.90000000e-01  1.11000000e+00  3.90000000e-01  1.30652027e-03  3.90000000e-01  3.90000000e-01 
 4.00000000e-01  1.11000000e+00  4.00000000e-01  1.31530372e-03  4.00000000e-01  4.00000000e-01 
 4.10000000e-01  1.11000000e+00  4.10000000e-01  1.32373552e-03  4.10000000e-01  4.10000000e-01 
 4.20000000e-01  1.11000000e+00  4.20000000e-01  1.33183768e-03  4.20000000e-01  4.20000000e-01 
 4.30000000e-01  1.11000000e+00  4.30000000e-01  1.33963047e-03  4.30000000e-01  4.30000000e-01 
 4.40000000e-01  1.11000000e+00  4.40000000e-01  1.34713262e-03  4.40000000e-01  4.40000000e-01 
 4.50000000e-01  1.11000000e+00  4.50000000e-01  1.35436145e-03  4.50000000e-01  4.50000000e-01 
 4.60000000e-01  1.11000000e+00  4.60000000e-01  1.36133299e-03  4.60000000e-01  4.60000000e-01 
 4.70000000e-01  1.11000000e+00  4.70000000e-01  1.36806209e-03  4.70000000e-01  4.70000000e-01 
 4.80000000e-01  1.11000000e+00  4.80000000e-01  1.37456252e-03  4.80000000e-01  4.80000000e-01 
 4.90000000e-01  1.11000000e+00  4.90000000e-01  1.38084706e-03  4.90000000e-01  4.90000000e-01 
 5.00000000e-01  1.11000000e+00  5.00000000e-01  1.38692759e-03  5.00000000e-01  5.00000000e-01 
 5.10000000e-01  1.11000000e+00  5.10000000e-01  1.39281515e-03  5.10000000e-01  5.10000000e-01 
 5.20000000e-01  1.11000000e+00  5.20000000e-01  1.39852004e-03  5.20000000e-01  5.20000000e-01 
 5.30000000e-01  1.11000000e+00  5.30000000e-01  1.40405184e-03  5.30000000e-01  5.30000000e-01 
 5.40000000e-01  1.11000000e+00  5.40000000e-01  1.40941949e-03  5.40000000e-01  5.40000000e-01 
 5.50000000e-01  1.11000000e+00  5.50000000e-01  1.41463135e-03  5.50000000e-01  5.50000000e-01 
 5.60000000e-01  1.11000000e+00  5.60000000e-01  1.41969522e-03  5.60000000e-01  5.60000000e-01 
 5.70000000e-01  1.11000000e+00  5.70000000e-01  1.42461842e-03  5.70000000e-01  5.70000000e-01 
 5.80000000e-01  1.11000000e+00  5.80000000e-01  1.42940777e-03  5.80000000e-01  5.80000000e-01 
 5.90000000e-01  1.11000000e+00  5.90000000e-01  1.43406970e-03  5.90000000e-01  5.90000000e-01 
 6.00000000e-01  1.11000000e+00  6.00000000e-01  1.43861021e-03  6.00000000e-01  6.00000000e-01 
 6.10000000e-01  1.11000000e+00  6.10000000e-01  1.44303495e-03  6.10000000e-01  6.10000000e-01 
 6.20000000e-01  1.11000000e+00  6.20000000e-01  1.44734924e-03  6.20000000e-01  6.20000000e-01 
 6.30000000e-01  1.11000000e+00  6.30000000e-01  1.45155805e-03  6.30000000e-01  6.30000000e-01 
 6.40000000e-01  1.11000000e+00  6.40000000e-01  1.45566608e-03  6.40000000e-01  6.40000000e-01 
 6.50000000e-01  1.11000000e+00  6.50000000e-01  1.45967777e-03  6.50000000e-01  6.50000000e-01 
 6.60000000e-01  1.11000000e+00  6.60000000e-01  1.46359728e-03  6.60000000e-01  6.60000000e-01 
 6.70000000e-01  1.11000000e+00  6.70000000e-01  1.46742855e-03  6.70000000e-01  6.70000000e-01 
 6.80000000e-01  1.11000000e+00  6.80000000e-01  1.47117529e-03  6.80000000e-01  6.80000000e-01 
 6.90000000e-01  1.11000000e+00  6.90000000e-01  1.47484102e-03  6.90000000e-01  6.90000000e-01 
 7.00000000e-01  1.11000000e+00  7.00000000e-01  1.47842906e-03  7.00000000e-01  7.00000000e-01 
 7.10000000e-01  1.11000000e+00  7.10000000e-01  1.48194254e-03  7.10000000e-01  7.10000000e-01 
 7.20000000e-01  1.11000000e+00  7.20000000e-01  1.48538445e-03  7.20000000e-01  7.20000000e-01 
 7.30000000e-01  1.11000000e+00  7.30000000e-01  1.48875761e-03  7.30000000e-01  7.30000000e-01 
 7.40000000e-01  1.11000000e+00  7.40000000e-01  1.49206468e-03  7.40000000e-01  7.40000000e-01 
 7.50000000e-01  1.11000000e+00  7.50000000e-01  1.49530820e-03  7.50000000e-01  7.50000000e-01 
 7.60000000e-01  1.11000000e+00  7.60000000e-01  1.49849058e-03  7.60000000e-01  7.60000000e-01 
 7.70000000e-01  1.11000000e+00  7.70000000e-01  1.50161411e-03  7.70000000e-01  7.70000000e-01 
 7.80000000e-01  1.11000000e+00  7.80000000e-01  1.50468096e-03  7.80000000e-01  7.80000000e-01 
 7.90000000e-01  1.11000000e+00  7.90000000e-01  1.50769320e-03  7.90000000e-01  7.90000000e-01 
 8.00000000e-01  1.11000000e+00  8.00000000e-01  1.51065280e-03  8.00000000e-01  8.00000000e-01 
 8.10000000e-01  1.11000000e+00  8.10000000e-01  1.51356163e-03  8.10000000e-01  8.10000000e-01 
 8.20000000e-01  1.11000000e+00  8.20000000e-01  1.51642148e-03  8.20000000e-01  8.20000000e-01 
 8.30000000e-01  1.11000000e+00  8.30000000e-01  1.51923406e-03  8.30000000e-01  8.30000000e-01 
 8.40000000e-01  1.11000000e+00  8.40000000e-01  1.52200098e-03  8.40000000e-01  8.40000000e-01 
 8.50000000e-01  1.11000000e+00  8.50000000e-01  1.52472380e-03  8.50000000e-01  8.50000000e-01 
 8.60000000e-01  1.11000000e+00  8.60000000e-01  1.52740399e-03  8.60000000e-01  8.60000000e-01 
 8.70000000e-01  1.11000000e+00  8.70000000e-01  1.53004298e-03  8.70000000e-01  8.70000000e-01 
 8.80000000e-01  1.11000000e+00  8.80000000e-01  1.53264210e-03  8.80000000e-01  8.80000000e-01 
 8.90000000e-01  1.11000000e+00  8.90000000e-01  1.53520267e-03  8.90000000e-01  8.90000000e-01 
 9.00000000e-01  1.11000000e+00  9.00000000e-01  1.53772590e-03  9.00000000e-01  9.00000000e-01 
 9.10000000e-01  1.11000000e+00  9.10000000e-01  1.54021299e-03  9.10000000e-01  9.10000000e-01 
 9.20000000e-01  1.11000000e+00  9.20000000e-01  1.54266507e-03  9.20000000e-01  9.20000000e-01 
 9.30000000e-01  1.11000000e+00  9.30000000e-01  1.54508322e-03  9.30000000e-01  9.30000000e-01 
 9.40000000e-01  1.11000000e+00  9.40000000e-01  1.54746849e-03  9.40000000e-01  9.40000000e-01 
 9.50000000e-01  1.11000000e+00  9.50000000e-01  1.54982188e-03  9.50000000e-01  9.50000000e-01 
 9.60000000e-01  1.11000000e+00  9.60000000e-01  1.55214434e-03  9.60000000e-01  9.60000000e-01 
 9.70000000e-01  1.11000000e+00  9.70000000e-01  1.55443680e-03  9.70000000e-01  9.70000000e-01 
 9.80000000e-01  1.11000000e+00  9.80000000e-01  1.55670013e-03  9.80000000e-01  9.80000000e-01 
 9.90000000e-01  1.11000000e+00  9.90000000e-01  1.55893518e-03  9.90000000e-01  9.90000000e-01 
 1.00000000e+00  1.11000000e+00  1.00000000e+00  1.56114277e-03  1.00000000e+00  1.00000000e+00 
 1.01000000e+00  1.11000000e+00  1.01000000e+00  1.56332369e-03  1.01000000e+00  1.01000000e+00 
 1.02000000e+00  1.11000000e+00  1.02000000e+00  1.56547868e-03  1.02000000e+00  1.02000000e+00 
 1.03000000e+00  1.11000000e+00  1.03000000e+00  1.56760847e-03  1.03000000e+00  1.03000000e+00 
 1.04000000e+00  1.11000000e+00  1.04000000e+00  1.56971376e-03  1.04000000e+00  1.04000000e+00 
 1.05000000e+00  1.11000000e+00  1.05000000e+00  1.57179522e-03  1.05000000e+00  1.05000000e+00 
 1.06000000e+00  1.11000000e+00  1.06000000e+00  1.57385350e-03  1.06000000e+00  1.06000000e+00 
 1.07000000e+00  1.11000000e+00  1.07000000e+00  1.57588922e-03  1.07000000e+00  1.07000000e+00 
 1.08000000e+00  1.11000000e+00  1.08000000e+00  1.57790298e-03  1.08000000e+00  1.08000000e+00 
 1.09000000e+00  1.11000000e+00  1.09000000e+00  1.57989536e-03  1.09000000e+00  1.09000000e+00 
 1.10000000e+00  1.11000000e+00  1.10000000e+00  1.58186692e-03  1.10000000e+00  1.10000000e+00 
 1.11000000e+00  1.11000000e+00  1.11000000e+00  1.58381819e-03  1.11000000e+00  1.11000000e+00 
 1.12000000e+00  1.11000000e+00  1.12000000e+00  1.58574971e-03  1.12000000e+00  1.12000000e+00 
 1.13000000e+00  1.11000000e+00  1.13000000e+00  1.58766197e-03  1.13000000e+00  1.13000000e+00 
 1.14000000e+00  1.11000000e+00  1.14000000e+00  1.58955545e-03  1.14000000e+00  1.14000000e+00 
 1.15000000e+00  1.11000000e+00  1.15000000e+00  1.59143063e-03  1.15000000e+00  1.15000000e+00 
 1.16000000e+00  1.11000000e+00  1.16000000e+00  1.59328795e-03  1.16000000e+00  1.16000000e+00 
 1.17000000e+00  1.11000000e+00  1.17000000e+00  1.59512786e-03  1.17000000e+00  1.17000000e+00 
 1.18000000e+00  1.11000000e+00  1.18000000e+00  1.59695078e-03  1.18000000e+00  1.18000000e+00 
 1.19000000e+00  1.11000000e+00  1.19000000e+00  1.59875711e-03  1.19000000e+00  1.19000000e+00 
 1.20000000e+00  1.11000000e+00  1.20000000e+00  1.60054726e-03  1.20000000e+00  1.20000000e+00 
 1.21000000e+00  1.11000000e+00  1.21000000e+00  1.60232160e-03  1.21000000e+00  1.21000000e+00 
 1.22000000e+00  1.11000000e+00  1.22000000e+00  1.60408051e-03  1.22000000e+00  1.22000000e+00 
 1.23000000e+00  1.11000000e+00  1.23000000e+00  1.60582434e-03  1.23000000e+00  1.23000000e+00 
 1.24000000e+00  1.11000000e+00  1.24000000e+00  1.60755345e-03  1.24000000e+00  1.24000000e+00 
 1.25000000e+00  1.11000000e+00  1.25000000e+00  1.60926817e-03  1.25000000e+00  1.25000000e+00 
 1.26000000e+00  1.11000000e+00  1.26000000e+00  1.61096883e-03  1.26000000e+00  1.26000000e+00 
 1.27000000e+00  1.11000000e+00  1.27000000e+00  1.61265574e-03  1.27000000e+00  1.27000000e+00 
 1.28000000e+00  1.11000000e+00  1.28000000e+00  1.61432921e-03  1.28000000e+00  1.28000000e+00 
 1.29000000e+00  1.11000000e+00  1.29000000e+00  1.61598953e-03  1.29000000e+00  1.29000000e+00 
 1.30000000e+00  1.11000000e+00  1.30000000e+00  1.61763701e-03  1.30000000e+00  1.30000000e+00 
 1.31000000e+00  1.11000000e+00  1.31000000e+00  1.61927191e-03  1.31000000e+00  1.31000000e+00 
 1.32000000e+00  1.11000000e+00  1.32000000e+00  1.62089451e-03  1.32000000e+00  1.32000000e+00 
 1.33000000e+00  1.11000000e+00  1.33000000e+00  1.62250507e-03  1.33000000e+00  1.33000000e+00 
 1.34000000e+00  1.11000000e+00  1.34000000e+00  1.62410384e-03  1.34000000e+00  1.34000000e+00 
 1.35000000e+00  1.11000000e+00  1.35000000e+00  1.62569109e-03  1.35000000e+00  1.35000000e+00 
 1.36000000e+00  1.11000000e+00  1.36000000e+00  1.62726704e-03  1.36000000e+00  1.36000000e+00 
 1.37000000e+00  1.11000000e+00  1.37000000e+00  1.62883193e-03  1.37000000e+00  1.37000000e+00 
 1.38000000e+00  1.11000000e+00  1.38000000e+00  1.63038600e-03  1.38000000e+00  1.38000000e+00 
 1.39000000e+00  1.11000000e+00  1.39000000e+00  1.63192946e-03  1.39000000e+00  1.39000000e+00 
 1.40000000e+00  1.11000000e+00  1.40000000e+00  1.63346253e-03  1.40000000e+00  1.40000000e+00 
 1.41000000e+00  1.11000000e+00  1.41000000e+00  1.63498541e-03  1.41000000e+00  1.41000000e+00 
 1.42000000e+00  1.11000000e+00  1.42000000e+00  1.63649832e-03  1.42000000e+00  1.42000000e+00 
 1.43000000e+00  1.11000000e+00  1.43000000e+00  1.63800144e-03  1.43000000e+00  1.43000000e+00 
 1.44000000e+00  1.11000000e+00  1.44000000e+00  1.63949498e-03  1.44000000e+00  1.44000000e+00 
 1.45000000e+00  1.11000000e+00  1.45000000e+00  1.64097912e-03  1.45000000e+00  1.45000000e+00 
 1.46000000e+00  1.11000000e+00  1.46000000e+00  1.64245405e-03  1.46000000e+00  1.46000000e+00 
 1.47000000e+00  1.11000000e+00  1.47000000e+00  1.64391993e-03  1.47000000e+00  1.47000000e+00 
 1.48000000e+00  1.11000000e+00  1.48000000e+00  1.64537695e-03  1.48000000e+00  1.48000000e+00 
 1.49000000e+00  1.11000000e+00  1.49000000e+00  1.64682528e-03  1.49000000e+00  1.49000000e+00 
 1.50000000e+00  1.11000000e+00  1.50000000e+00  1.64826507e-03  1.50000000e+00  1.50000000e+00 
 1.51000000e+00  1.11000000e+00  1.51000000e+00  1.64969650e-03  1.51000000e+00  1.51000000e+00 
 1.52000000e+00  1.11000000e+00  1.52000000e+00  1.65111971e-03  1.52000000e+00  1.52000000e+00 
 1.53000000e+00  1.11000000e+00  1.53000000e+00  1.65253485e-03  1.53000000e+00  1.53000000e+00 
 1.54000000e+00  1.11000000e+00  1.54000000e+00  1.65394209e-03  1.54000000e+00  1.54000000e+00 
 1.55000000e+00  1.11000000e+00  1.55000000e+00  1.65534156e-03  1.55000000e+00  1.55000000e+00 
 1.56000000e+00  1.11000000e+00  1.56000000e+00  1.65673340e-03  1.56000000e+00  1.56000000e+00 
 1.57000000e+00  1.11000000e+00  1.57000000e+00  1.65811775e-03  1.57000000e+00  1.57000000e+00 
 1.58000000e+00  1.11000000e+00  1.58000000e+00  1.65949475e-03  1.58000000e+00  1.58000000e+00 
 1.59000000e+00  1.11000000e+00  1.59000000e+00  1.66086453e-03  1.59000000e+00  1.59000000e+00 
 1.60000000e+00  1.11000000e+00  1.60000000e+00  1.66222722e-03  1.60000000e+00  1.60000000e+00 
 1.61000000e+00  1.11000000e+00  1.61000000e+00  1.66358294e-03  1.61000000e+00  1.61000000e+00 
 1.62000000e+00  1.11000000e+00  1.62000000e+00  1.66493181e-03  1.62000000e+00  1.62000000e+00 
 1.63000000e+00  1.11000000e+00  1.63000000e+00  1.66627396e-03  1.63000000e+00  1.63000000e+00 
 1.64000000e+00  1.11000000e+00  1.64000000e+00  1.66760951e-03  1.64000000e+00  1.64000000e+00 
 1.65000000e+00  1.11000000e+00  1.65000000e+00  1.66893856e-03  1.65000000e+00  1.65000000e+00 
 1.66000000e+00  1.11000000e+00  1.66000000e+00  1.67026124e-03  1.66000000e+00  1.66000000e+00 
 1.67000000e+00  1.11000000e+00  1.67000000e+00  1.67157764e-03  1.67000000e+00  1.67000000e+00 
 1.68000000e+00  1.11000000e+00  1.68000000e+00  1.67288789e-03  1.68000000e+00  1.68000000e+00 
 1.69000000e+00  1.11000000e+00  1.69000000e+00  1.67419208e-03  1.69000000e+00  1.69000000e+00 
 1.70000000e+00  1.11000000e+00  1.70000000e+00  1.67549031e-03  1.70000000e+00  1.70000000e+00 
 1.71000000e+00  1.11000000e+00  1.71000000e+00  1.67678270e-03  1.71000000e+00  1.71000000e+00 
 1.72000000e+00  1.11000000e+00  1.72000000e+00  1.67806934e-03  1.72000000e+00  1.72000000e+00 
 1.73000000e+00  1.11000000e+00  1.73000000e+00  1.67935032e-03  1.73000000e+00  1.73000000e+00 
 1.74000000e+00  1.11000000e+00  1.74000000e+00  1.68062574e-03  1.74000000e+00  1.74000000e+00 
 1.75000000e+00  1.11000000e+00  1.75000000e+00  1.68189570e-03  1.75000000e+00  1.75000000e+00 
 1.76000000e+00  1.11000000e+00  1.76000000e+00  1.68316030e-03  1.76000000e+00  1.76000000e+00 
 1.77000000e+00  1.11000000e+00  1.77000000e+00  1.68441961e-03  1.77000000e+00  1.77000000e+00 
 1.78000000e+00  1.11000000e+00  1.78000000e+00  1.68567373e-03  1.78000000e+00  1.78000000e+00 
 1.79000000e+00  1.11000000e+00  1.79000000e+00  1.68692275e-03  1.79000000e+00  1.79000000e+00 
 1.80000000e+00  1.11000000e+00  1.80000000e+00  1.68816676e-03  1.80000000e+00  1.80000000e+00 
 1.81000000e+00  1.11000000e+00  1.81000000e+00  1.68940584e-03  1.81000000e+00  1.81000000e+00 
 1.82000000e+00  1.11000000e+00  1.82000000e+00  1.69064007e-03  1.82000000e+00  1.82000000e+00 
 1.83000000e+00  1.11000000e+00  1.83000000e+00  1.69186955e-03  1.83000000e+00  1.83000000e+00 
 1.84000000e+00  1.11000000e+00  1.84000000e+00  1.69309435e-03  1.84000000e+00  1.84000000e+00 
 1.85000000e+00  1.11000000e+00  1.85000000e+00  1.69431455e-03  1.85000000e+00  1.85000000e+00 
