 0.00000000e+00  7.40000000e-01  0.00000000e+00  0.00000000e+00  0.00000000e+00  0.00000000e+00 
 1.00000000e-02  7.40000000e-01  1.00000000e-02  1.15633774e-05  1.00000000e-02  1.00000000e-02 
 2.00000000e-02  7.40000000e-01  2.00000000e-02  2.19955490e-05  2.00000000e-02  2.00000000e-02 
 3.00000000e-02  7.40000000e-01  3.00000000e-02  3.12744303e-05  3.00000000e-02  3.00000000e-02 
 4.00000000e-02  7.40000000e-01  4.00000000e-02  3.94952158e-05  4.00000000e-02  4.00000000e-02 
 5.00000000e-02  7.40000000e-01  5.00000000e-02  4.67754119e-05  5.00000000e-02  5.00000000e-02 
 6.00000000e-02  7.40000000e-01  6.00000000e-02  5.32313800e-05  6.00000000e-02  6.00000000e-02 
 7.00000000e-02  7.40000000e-01  7.00000000e-02  5.89704950e-05  7.00000000e-02  7.00000000e-02 
 8.00000000e-02  7.40000000e-01  8.00000000e-02  6.40885952e-05  8.00000000e-02  8.00000000e-02 
 9.00000000e-02  7.40000000e-01  9.00000000e-02  6.86696344e-05  9.00000000e-02  9.00000000e-02 
 1.00000000e-01  7.40000000e-01  1.00000000e-01  7.27863214e-05  1.00000000e-01  1.00000000e-01 
 1.10000000e-01  7.40000000e-01  1.10000000e-01  7.65011815e-05  1.10000000e-01  1.10000000e-01 
 1.20000000e-01  7.40000000e-01  1.20000000e-01  7.98677562e-05  1.20000000e-01  1.20000000e-01 
 1.30000000e-01  7.40000000e-01  1.30000000e-01  8.29317913e-05  1.30000000e-01  1.30000000e-01 
 1.40000000e-01  7.40000000e-01  1.40000000e-01  8.57323409e-05  1.40000000e-01  1.40000000e-01 
 1.50000000e-01  7.40000000e-01  1.50000000e-01  8.83027566e-05  1.50000000e-01  1.50000000e-01 
 1.60000000e-01  7.40000000e-01  1.60000000e-01  9.06715508e-05  1.60000000e-01  1.60000000e-01 
 1.70000000e-01  7.40000000e-01  1.70000000e-01  9.28631405e-05  1.70000000e-01  1.70000000e-01 
 1.80000000e-01  7.40000000e-01  1.80000000e-01  9.48984804e-05  1.80000000e-01  1.80000000e-01 
 1.90000000e-01  7.40000000e-01  1.90000000e-01  9.67955982e-05  1.90000000e-01  1.90000000e-01 
 2.00000000e-01  7.40000000e-01  2.00000000e-01  9.85700453e-05  2.00000000e-01  2.00000000e-01 
 2.10000000e-01  7.40000000e-01  2.10000000e-01  1.00235275e-04  2.10000000e-01  2.10000000e-01 
 2.20000000e-01  7.40000000e-01  2.20000000e-01  1.01802962e-04  2.20000000e-01  2.20000000e-01 
 2.30000000e-01  7.40000000e-01  2.30000000e-01  1.03283264e-04  2.30000000e-01  2.30000000e-01 
 2.40000000e-01  7.40000000e-01  2.40000000e-01  1.04685049e-04  2.40000000e-01  2.40000000e-01 
 2.50000000e-01  7.40000000e-01  2.50000000e-01  1.06016081e-04  2.50000000e-01  2.50000000e-01 
 2.60000000e-01  7.40000000e-01  2.60000000e-01  1.07283181e-04  2.60000000e-01  2.60000000e-01 
 2.70000000e-01  7.40000000e-01  2.70000000e-01  1.08492353e-04  2.70000000e-01  2.70000000e-01 
 2.80000000e-01  7.40000000e-01  2.80000000e-01  1.09648902e-04  2.80000000e-01  2.80000000e-01 
 2.90000000e-01  7.40000000e-01  2.90000000e-01  1.10757529e-04  2.90000000e-01  2.90000000e-01 
 3.00000000e-01  7.40000000e-01  3.00000000e-01  1.11822407e-04  3.00000000e-01  3.00000000e-01 
 3.10000000e-01  7.40000000e-01  3.10000000e-01  1.12847255e-04  3.10000000e-01  3.10000000e-01 
 3.20000000e-01  7.40000000e-01  3.20000000e-01  1.13835394e-04  3.20000000e-01  3.20000000e-01 
 3.30000000e-01  7.40000000e-01  3.30000000e-01  1.14789797e-04  3.30000000e-01  3.30000000e-01 
 3.40000000e-01  7.40000000e-01  3.40000000e-01  1.15713131e-04  3.40000000e-01  3.40000000e-01 
 3.50000000e-01  7.40000000e-01  3.50000000e-01  1.16607798e-04  3.50000000e-01  3.50000000e-01 
 3.60000000e-01  7.40000000e-01  3.60000000e-01  1.17475961e-04  3.60000000e-01  3.60000000e-01 
 3.70000000e-01  7.40000000e-01  3.70000000e-01  1.18319578e-04  3.70000000e-01  3.70000000e-01 
 3.80000000e-01  7.40000000e-01  3.80000000e-01  1.19140419e-04  3.80000000e-01  3.80000000e-01 
 3.90000000e-01  7.40000000e-01  3.90000000e-01  1.19940093e-04  3.90000000e-01  3.90000000e-01 
 4.00000000e-01  7.40000000e-01  4.00000000e-01  1.20720062e-04  4.00000000e-01  4.00000000e-01 
 4.10000000e-01  7.40000000e-01  4.10000000e-01  1.21481660e-04  4.10000000e-01  4.10000000e-01 
 4.20000000e-01  7.40000000e-01  4.20000000e-01  1.22226101e-04  4.20000000e-01  4.20000000e-01 
 4.30000000e-01  7.40000000e-01  4.30000000e-01  1.22954500e-04  4.30000000e-01  4.30000000e-01 
 4.40000000e-01  7.40000000e-01  4.40000000e-01  1.23667875e-04  4.40000000e-01  4.40000000e-01 
 4.50000000e-01  7.40000000e-01  4.50000000e-01  1.24367163e-04  4.50000000e-01  4.50000000e-01 
 4.60000000e-01  7.40000000e-01  4.60000000e-01  1.25053224e-04  4.60000000e-01  4.60000000e-01 
 4.70000000e-01  7.40000000e-01  4.70000000e-01  1.25726849e-04  4.70000000e-01  4.70000000e-01 
 4.80000000e-01  7.40000000e-01  4.80000000e-01  1.26388769e-04  4.80000000e-01  4.80000000e-01 
 4.90000000e-01  7.40000000e-01  4.90000000e-01  1.27039659e-04  4.90000000e-01  4.90000000e-01 
 5.00000000e-01  7.40000000e-01  5.00000000e-01  1.27680143e-04  5.00000000e-01  5.00000000e-01 
 5.10000000e-01  7.40000000e-01  5.10000000e-01  1.28310798e-04  5.10000000e-01  5.10000000e-01 
 5.20000000e-01  7.40000000e-01  5.20000000e-01  1.28932162e-04  5.20000000e-01  5.20000000e-01 
 5.30000000e-01  7.40000000e-01  5.30000000e-01  1.29544731e-04  5.30000000e-01  5.30000000e-01 
 5.40000000e-01  7.40000000e-01  5.40000000e-01  1.30148969e-04  5.40000000e-01  5.40000000e-01 
 5.50000000e-01  7.40000000e-01  5.50000000e-01  1.30745308e-04  5.50000000e-01  5.50000000e-01 
 5.60000000e-01  7.40000000e-01  5.60000000e-01  1.31334148e-04  5.60000000e-01  5.60000000e-01 
 5.70000000e-01  7.40000000e-01  5.70000000e-01  1.31915865e-04  5.70000000e-01  5.70000000e-01 
 5.80000000e-01  7.40000000e-01  5.80000000e-01  1.32490810e-04  5.80000000e-01  5.80000000e-01 
 5.90000000e-01  7.40000000e-01  5.90000000e-01  1.33059310e-04  5.90000000e-01  5.90000000e-01 
 6.00000000e-01  7.40000000e-01  6.00000000e-01  1.33621672e-04  6.00000000e-01  6.00000000e-01 
 6.10000000e-01  7.40000000e-01  6.10000000e-01  1.34178184e-04  6.10000000e-01  6.10000000e-01 
 6.20000000e-01  7.40000000e-01  6.20000000e-01  1.34729116e-04  6.20000000e-01  6.20000000e-01 
 6.30000000e-01  7.40000000e-01  6.30000000e-01  1.35274722e-04  6.30000000e-01  6.30000000e-01 
 6.40000000e-01  7.40000000e-01  6.40000000e-01  1.35815239e-04  6.40000000e-01  6.40000000e-01 
 6.50000000e-01  7.40000000e-01  6.50000000e-01  1.36350893e-04  6.50000000e-01  6.50000000e-01 
 6.60000000e-01  7.40000000e-01  6.60000000e-01  1.36881894e-04  6.60000000e-01  6.60000000e-01 
 6.70000000e-01  7.40000000e-01  6.70000000e-01  1.37408442e-04  6.70000000e-01  6.70000000e-01 
 6.80000000e-01  7.40000000e-01  6.80000000e-01  1.37930724e-04  6.80000000e-01  6.80000000e-01 
 6.90000000e-01  7.40000000e-01  6.90000000e-01  1.38448918e-04  6.90000000e-01  6.90000000e-01 
 7.00000000e-01  7.40000000e-01  7.00000000e-01  1.38963192e-04  7.00000000e-01  7.00000000e-01 
 7.10000000e-01  7.40000000e-01  7.10000000e-01  1.39473704e-04  7.10000000e-01  7.10000000e-01 
 7.20000000e-01  7.40000000e-01  7.20000000e-01  1.39980604e-04  7.20000000e-01  7.20000000e-01 
 7.30000000e-01  7.40000000e-01  7.30000000e-01  1.40484034e-04  7.30000000e-01  7.30000000e-01 
 7.40000000e-01  7.40000000e-01  7.40000000e-01  1.40984130e-04  7.40000000e-01  7.40000000e-01 
 7.50000000e-01  7.40000000e-01  7.50000000e-01  1.41481019e-04  7.50000000e-01  7.50000000e-01 
 7.60000000e-01  7.40000000e-01  7.60000000e-01  1.41974822e-04  7.60000000e-01  7.60000000e-01 
 7.70000000e-01  7.40000000e-01  7.70000000e-01  1.42465655e-04  7.70000000e-01  7.70000000e-01 
 7.80000000e-01  7.40000000e-01  7.80000000e-01  1.42953627e-04  7.80000000e-01  7.80000000e-01 
 7.90000000e-01  7.40000000e-01  7.90000000e-01  1.43438842e-04  7.90000000e-01  7.90000000e-01 
 8.00000000e-01  7.40000000e-01  8.00000000e-01  1.43921400e-04  8.00000000e-01  8.00000000e-01 
 8.10000000e-01  7.40000000e-01  8.10000000e-01  1.44401394e-04  8.10000000e-01  8.10000000e-01 
 8.20000000e-01  7.40000000e-01  8.20000000e-01  1.44878916e-04  8.20000000e-01  8.20000000e-01 
 8.30000000e-01  7.40000000e-01  8.30000000e-01  1.45354050e-04  8.30000000e-01  8.30000000e-01 
 8.40000000e-01  7.40000000e-01  8.40000000e-01  1.45826879e-04  8.40000000e-01  8.40000000e-01 
 8.50000000e-01  7.40000000e-01  8.50000000e-01  1.46297480e-04  8.50000000e-01  8.50000000e-01 
 8.60000000e-01  7.40000000e-01  8.60000000e-01  1.46765929e-04  8.60000000e-01  8.60000000e-01 
 8.70000000e-01  7.40000000e-01  8.70000000e-01  1.47232296e-04  8.70000000e-01  8.70000000e-01 
 8.80000000e-01  7.40000000e-01  8.80000000e-01  1.47696650e-04  8.80000000e-01  8.80000000e-01 
 8.90000000e-01  7.40000000e-01  8.90000000e-01  1.48159056e-04  8.90000000e-01  8.90000000e-01 
 9.00000000e-01  7.40000000e-01  9.00000000e-01  1.48619576e-04  9.00000000e-01  9.00000000e-01 
 9.10000000e-01  7.40000000e-01  9.10000000e-01  1.49078270e-04  9.10000000e-01  9.10000000e-01 
 9.20000000e-01  7.40000000e-01  9.20000000e-01  1.49535195e-04  9.20000000e-01  9.20000000e-01 
 9.30000000e-01  7.40000000e-01  9.30000000e-01  1.49990406e-04  9.30000000e-01  9.30000000e-01 
 9.40000000e-01  7.40000000e-01  9.40000000e-01  1.50443956e-04  9.40000000e-01  9.40000000e-01 
 9.50000000e-01  7.40000000e-01  9.50000000e-01  1.50895896e-04  9.50000000e-01  9.50000000e-01 
 9.60000000e-01  7.40000000e-01  9.60000000e-01  1.51346272e-04  9.60000000e-01  9.60000000e-01 
 9.70000000e-01  7.40000000e-01  9.70000000e-01  1.51795133e-04  9.70000000e-01  9.70000000e-01 
 9.80000000e-01  7.40000000e-01  9.80000000e-01  1.52242522e-04  9.80000000e-01  9.80000000e-01 
 9.90000000e-01  7.40000000e-01  9.90000000e-01  1.52688483e-04  9.90000000e-01  9.90000000e-01 
 1.00000000e+00  7.40000000e-01  1.00000000e+00  1.53133057e-04  1.00000000e+00  1.00000000e+00 
 1.01000000e+00  7.40000000e-01  1.01000000e+00  1.53576283e-04  1.01000000e+00  1.01000000e+00 
 1.02000000e+00  7.40000000e-01  1.02000000e+00  1.54018200e-04  1.02000000e+00  1.02000000e+00 
 1.03000000e+00  7.40000000e-01  1.03000000e+00  1.54458845e-04  1.03000000e+00  1.03000000e+00 
 1.04000000e+00  7.40000000e-01  1.04000000e+00  1.54898252e-04  1.04000000e+00  1.04000000e+00 
 1.05000000e+00  7.40000000e-01  1.05000000e+00  1.55336455e-04  1.05000000e+00  1.05000000e+00 
 1.06000000e+00  7.40000000e-01  1.06000000e+00  1.55773489e-04  1.06000000e+00  1.06000000e+00 
 1.07000000e+00  7.40000000e-01  1.07000000e+00  1.56209383e-04  1.07000000e+00  1.07000000e+00 
 1.08000000e+00  7.40000000e-01  1.08000000e+00  1.56644170e-04  1.08000000e+00  1.08000000e+00 
 1.09000000e+00  7.40000000e-01  1.09000000e+00  1.57077877e-04  1.09000000e+00  1.09000000e+00 
 1.10000000e+00  7.40000000e-01  1.10000000e+00  1.57510534e-04  1.10000000e+00  1.10000000e+00 
 1.11000000e+00  7.40000000e-01  1.11000000e+00  1.57942168e-04  1.11000000e+00  1.11000000e+00 
 1.12000000e+00  7.40000000e-01  1.12000000e+00  1.58372805e-04  1.12000000e+00  1.12000000e+00 
 1.13000000e+00  7.40000000e-01  1.13000000e+00  1.58802472e-04  1.13000000e+00  1.13000000e+00 
 1.14000000e+00  7.40000000e-01  1.14000000e+00  1.59231191e-04  1.14000000e+00  1.14000000e+00 
 1.15000000e+00  7.40000000e-01  1.15000000e+00  1.59658989e-04  1.15000000e+00  1.15000000e+00 
 1.16000000e+00  7.40000000e-01  1.16000000e+00  1.60085886e-04  1.16000000e+00  1.16000000e+00 
 1.17000000e+00  7.40000000e-01  1.17000000e+00  1.60511907e-04  1.17000000e+00  1.17000000e+00 
 1.18000000e+00  7.40000000e-01  1.18000000e+00  1.60937072e-04  1.18000000e+00  1.18000000e+00 
 1.19000000e+00  7.40000000e-01  1.19000000e+00  1.61361402e-04  1.19000000e+00  1.19000000e+00 
 1.20000000e+00  7.40000000e-01  1.20000000e+00  1.61784918e-04  1.20000000e+00  1.20000000e+00 
 1.21000000e+00  7.40000000e-01  1.21000000e+00  1.62207638e-04  1.21000000e+00  1.21000000e+00 
 1.22000000e+00  7.40000000e-01  1.22000000e+00  1.62629582e-04  1.22000000e+00  1.22000000e+00 
 1.23000000e+00  7.40000000e-01  1.23000000e+00  1.63050769e-04  1.23000000e+00  1.23000000e+00 
 1.24000000e+00  7.40000000e-01  1.24000000e+00  1.63471216e-04  1.24000000e+00  1.24000000e+00 
 1.25000000e+00  7.40000000e-01  1.25000000e+00  1.63890940e-04  1.25000000e+00  1.25000000e+00 
 1.26000000e+00  7.40000000e-01  1.26000000e+00  1.64309958e-04  1.26000000e+00  1.26000000e+00 
 1.27000000e+00  7.40000000e-01  1.27000000e+00  1.64728285e-04  1.27000000e+00  1.27000000e+00 
 1.28000000e+00  7.40000000e-01  1.28000000e+00  1.65145939e-04  1.28000000e+00  1.28000000e+00 
 1.29000000e+00  7.40000000e-01  1.29000000e+00  1.65562934e-04  1.29000000e+00  1.29000000e+00 
 1.30000000e+00  7.40000000e-01  1.30000000e+00  1.65979285e-04  1.30000000e+00  1.30000000e+00 
 1.31000000e+00  7.40000000e-01  1.31000000e+00  1.66395005e-04  1.31000000e+00  1.31000000e+00 
 1.32000000e+00  7.40000000e-01  1.32000000e+00  1.66810110e-04  1.32000000e+00  1.32000000e+00 
 1.33000000e+00  7.40000000e-01  1.33000000e+00  1.67224613e-04  1.33000000e+00  1.33000000e+00 
 1.34000000e+00  7.40000000e-01  1.34000000e+00  1.67638526e-04  1.34000000e+00  1.34000000e+00 
 1.35000000e+00  7.40000000e-01  1.35000000e+00  1.68051862e-04  1.35000000e+00  1.35000000e+00 
 1.36000000e+00  7.40000000e-01  1.36000000e+00  1.68464635e-04  1.36000000e+00  1.36000000e+00 
 1.37000000e+00  7.40000000e-01  1.37000000e+00  1.68876856e-04  1.37000000e+00  1.37000000e+00 
 1.38000000e+00  7.40000000e-01  1.38000000e+00  1.69288536e-04  1.38000000e+00  1.38000000e+00 
 1.39000000e+00  7.40000000e-01  1.39000000e+00  1.69699687e-04  1.39000000e+00  1.39000000e+00 
 1.40000000e+00  7.40000000e-01  1.40000000e+00  1.70110321e-04  1.40000000e+00  1.40000000e+00 
 1.41000000e+00  7.40000000e-01  1.41000000e+00  1.70520448e-04  1.41000000e+00  1.41000000e+00 
 1.42000000e+00  7.40000000e-01  1.42000000e+00  1.70930078e-04  1.42000000e+00  1.42000000e+00 
 1.43000000e+00  7.40000000e-01  1.43000000e+00  1.71339221e-04  1.43000000e+00  1.43000000e+00 
 1.44000000e+00  7.40000000e-01  1.44000000e+00  1.71747889e-04  1.44000000e+00  1.44000000e+00 
 1.45000000e+00  7.40000000e-01  1.45000000e+00  1.72156090e-04  1.45000000e+00  1.45000000e+00 
 1.46000000e+00  7.40000000e-01  1.46000000e+00  1.72563833e-04  1.46000000e+00  1.46000000e+00 
 1.47000000e+00  7.40000000e-01  1.47000000e+00  1.72971129e-04  1.47000000e+00  1.47000000e+00 
 1.48000000e+00  7.40000000e-01  1.48000000e+00  1.73377985e-04  1.48000000e+00  1.48000000e+00 
 1.49000000e+00  7.40000000e-01  1.49000000e+00  1.73784412e-04  1.49000000e+00  1.49000000e+00 
 1.50000000e+00  7.40000000e-01  1.50000000e+00  1.74190416e-04  1.50000000e+00  1.50000000e+00 
 1.51000000e+00  7.40000000e-01  1.51000000e+00  1.74596008e-04  1.51000000e+00  1.51000000e+00 
 1.52000000e+00  7.40000000e-01  1.52000000e+00  1.75001193e-04  1.52000000e+00  1.52000000e+00 
 1.53000000e+00  7.40000000e-01  1.53000000e+00  1.75405982e-04  1.53000000e+00  1.53000000e+00 
 1.54000000e+00  7.40000000e-01  1.54000000e+00  1.75810381e-04  1.54000000e+00  1.54000000e+00 
 1.55000000e+00  7.40000000e-01  1.55000000e+00  1.76214398e-04  1.55000000e+00  1.55000000e+00 
 1.56000000e+00  7.40000000e-01  1.56000000e+00  1.76618040e-04  1.56000000e+00  1.56000000e+00 
 1.57000000e+00  7.40000000e-01  1.57000000e+00  1.77021315e-04  1.57000000e+00  1.57000000e+00 
 1.58000000e+00  7.40000000e-01  1.58000000e+00  1.77424229e-04  1.58000000e+00  1.58000000e+00 
 1.59000000e+00  7.40000000e-01  1.59000000e+00  1.77826790e-04  1.59000000e+00  1.59000000e+00 
 1.60000000e+00  7.40000000e-01  1.60000000e+00  1.78229005e-04  1.60000000e+00  1.60000000e+00 
 1.61000000e+00  7.40000000e-01  1.61000000e+00  1.78630879e-04  1.61000000e+00  1.61000000e+00 
 1.62000000e+00  7.40000000e-01  1.62000000e+00  1.79032420e-04  1.62000000e+00  1.62000000e+00 
 1.63000000e+00  7.40000000e-01  1.63000000e+00  1.79433634e-04  1.63000000e+00  1.63000000e+00 
 1.64000000e+00  7.40000000e-01  1.64000000e+00  1.79834526e-04  1.64000000e+00  1.64000000e+00 
 1.65000000e+00  7.40000000e-01  1.65000000e+00  1.80235104e-04  1.65000000e+00  1.65000000e+00 
 1.66000000e+00  7.40000000e-01  1.66000000e+00  1.80635373e-04  1.66000000e+00  1.66000000e+00 
 1.67000000e+00  7.40000000e-01  1.67000000e+00  1.81035340e-04  1.67000000e+00  1.67000000e+00 
 1.68000000e+00  7.40000000e-01  1.68000000e+00  1.81435009e-04  1.68000000e+00  1.68000000e+00 
 1.69000000e+00  7.40000000e-01  1.69000000e+00  1.81834387e-04  1.69000000e+00  1.69000000e+00 
 1.70000000e+00  7.40000000e-01  1.70000000e+00  1.82233479e-04  1.70000000e+00  1.70000000e+00 
 1.71000000e+00  7.40000000e-01  1.71000000e+00  1.82632291e-04  1.71000000e+00  1.71000000e+00 
 1.72000000e+00  7.40000000e-01  1.72000000e+00  1.83030829e-04  1.72000000e+00  1.72000000e+00 
 1.73000000e+00  7.40000000e-01  1.73000000e+00  1.83429097e-04  1.73000000e+00  1.73000000e+00 
 1.74000000e+00  7.40000000e-01  1.74000000e+00  1.83827102e-04  1.74000000e+00  1.74000000e+00 
 1.75000000e+00  7.40000000e-01  1.75000000e+00  1.84224848e-04  1.75000000e+00  1.75000000e+00 
 1.76000000e+00  7.40000000e-01  1.76000000e+00  1.84622340e-04  1.76000000e+00  1.76000000e+00 
 1.77000000e+00  7.40000000e-01  1.77000000e+00  1.85019585e-04  1.77000000e+00  1.77000000e+00 
 1.78000000e+00  7.40000000e-01  1.78000000e+00  1.85416586e-04  1.78000000e+00  1.78000000e+00 
 1.79000000e+00  7.40000000e-01  1.79000000e+00  1.85813350e-04  1.79000000e+00  1.79000000e+00 
 1.80000000e+00  7.40000000e-01  1.80000000e+00  1.86209881e-04  1.80000000e+00  1.80000000e+00 
 1.81000000e+00  7.40000000e-01  1.81000000e+00  1.86606184e-04  1.81000000e+00  1.81000000e+00 
 1.82000000e+00  7.40000000e-01  1.82000000e+00  1.87002265e-04  1.82000000e+00  1.82000000e+00 
 1.83000000e+00  7.40000000e-01  1.83000000e+00  1.87398127e-04  1.83000000e+00  1.83000000e+00 
 1.84000000e+00  7.40000000e-01  1.84000000e+00  1.87793778e-04  1.84000000e+00  1.84000000e+00 
 1.85000000e+00  7.40000000e-01  1.85000000e+00  1.88189220e-04  1.85000000e+00  1.85000000e+00 
