 0.00000000e+00  1.85000000e+00  0.00000000e+00  0.00000000e+00  0.00000000e+00  0.00000000e+00 
 1.00000000e-02  1.85000000e+00  1.00000000e-02  1.72490399e-04  1.00000000e-02  1.00000000e-02 
 2.00000000e-02  1.85000000e+00  2.00000000e-02  3.41326264e-04  2.00000000e-02  2.00000000e-02 
 3.00000000e-02  1.85000000e+00  3.00000000e-02  5.05972413e-04  3.00000000e-02  3.00000000e-02 
 4.00000000e-02  1.85000000e+00  4.00000000e-02  6.66131680e-04  4.00000000e-02  4.00000000e-02 
 5.00000000e-02  1.85000000e+00  5.00000000e-02  8.21626436e-04  5.00000000e-02  5.00000000e-02 
 6.00000000e-02  1.85000000e+00  6.00000000e-02  9.72348233e-04  6.00000000e-02  6.00000000e-02 
 7.00000000e-02  1.85000000e+00  7.00000000e-02  1.11823326e-03  7.00000000e-02  7.00000000e-02 
 8.00000000e-02  1.85000000e+00  8.00000000e-02  1.25924921e-03  8.00000000e-02  8.00000000e-02 
 9.00000000e-02  1.85000000e+00  9.00000000e-02  1.39538778e-03  9.00000000e-02  9.00000000e-02 
 1.00000000e-01  1.85000000e+00  1.00000000e-01  1.52666022e-03  1.00000000e-01  1.00000000e-01 
 1.10000000e-01  1.85000000e+00  1.10000000e-01  1.65309449e-03  1.10000000e-01  1.10000000e-01 
 1.20000000e-01  1.85000000e+00  1.20000000e-01  1.77473349e-03  1.20000000e-01  1.20000000e-01 
 1.30000000e-01  1.85000000e+00  1.30000000e-01  1.89163370e-03  1.30000000e-01  1.30000000e-01 
 1.40000000e-01  1.85000000e+00  1.40000000e-01  2.00386425e-03  1.40000000e-01  1.40000000e-01 
 1.50000000e-01  1.85000000e+00  1.50000000e-01  2.11150603e-03  1.50000000e-01  1.50000000e-01 
 1.60000000e-01  1.85000000e+00  1.60000000e-01  2.21465087e-03  1.60000000e-01  1.60000000e-01 
 1.70000000e-01  1.85000000e+00  1.70000000e-01  2.31340065e-03  1.70000000e-01  1.70000000e-01 
 1.80000000e-01  1.85000000e+00  1.80000000e-01  2.40786645e-03  1.80000000e-01  1.80000000e-01 
 1.90000000e-01  1.85000000e+00  1.90000000e-01  2.49816749e-03  1.90000000e-01  1.90000000e-01 
 2.00000000e-01  1.85000000e+00  2.00000000e-01  2.58443008e-03  2.00000000e-01  2.00000000e-01 
 2.10000000e-01  1.85000000e+00  2.10000000e-01  2.66678651e-03  2.10000000e-01  2.10000000e-01 
 2.20000000e-01  1.85000000e+00  2.20000000e-01  2.74537386e-03  2.20000000e-01  2.20000000e-01 
 2.30000000e-01  1.85000000e+00  2.30000000e-01  2.82033284e-03  2.30000000e-01  2.30000000e-01 
 2.40000000e-01  1.85000000e+00  2.40000000e-01  2.89180656e-03  2.40000000e-01  2.40000000e-01 
 2.50000000e-01  1.85000000e+00  2.50000000e-01  2.95993949e-03  2.50000000e-01  2.50000000e-01 
 2.60000000e-01  1.85000000e+00  2.60000000e-01  3.02487629e-03  2.60000000e-01  2.60000000e-01 
 2.70000000e-01  1.85000000e+00  2.70000000e-01  3.08676086e-03  2.70000000e-01  2.70000000e-01 
 2.80000000e-01  1.85000000e+00  2.80000000e-01  3.14573544e-03  2.80000000e-01  2.80000000e-01 
 2.90000000e-01  1.85000000e+00  2.90000000e-01  3.20193980e-03  2.90000000e-01  2.90000000e-01 
 3.00000000e-01  1.85000000e+00  3.00000000e-01  3.25551055e-03  3.00000000e-01  3.00000000e-01 
 3.10000000e-01  1.85000000e+00  3.10000000e-01  3.30658055e-03  3.10000000e-01  3.10000000e-01 
 3.20000000e-01  1.85000000e+00  3.20000000e-01  3.35527848e-03  3.20000000e-01  3.20000000e-01 
 3.30000000e-01  1.85000000e+00  3.30000000e-01  3.40172842e-03  3.30000000e-01  3.30000000e-01 
 3.40000000e-01  1.85000000e+00  3.40000000e-01  3.44604963e-03  3.40000000e-01  3.40000000e-01 
 3.50000000e-01  1.85000000e+00  3.50000000e-01  3.48835630e-03  3.50000000e-01  3.50000000e-01 
 3.60000000e-01  1.85000000e+00  3.60000000e-01  3.52875754e-03  3.60000000e-01  3.60000000e-01 
 3.70000000e-01  1.85000000e+00  3.70000000e-01  3.56735724e-03  3.70000000e-01  3.70000000e-01 
 3.80000000e-01  1.85000000e+00  3.80000000e-01  3.60425415e-03  3.80000000e-01  3.80000000e-01 
 3.90000000e-01  1.85000000e+00  3.90000000e-01  3.63954194e-03  3.90000000e-01  3.90000000e-01 
 4.00000000e-01  1.85000000e+00  4.00000000e-01  3.67330927e-03  4.00000000e-01  4.00000000e-01 
 4.10000000e-01  1.85000000e+00  4.10000000e-01  3.70563997e-03  4.10000000e-01  4.10000000e-01 
 4.20000000e-01  1.85000000e+00  4.20000000e-01  3.73661318e-03  4.20000000e-01  4.20000000e-01 
 4.30000000e-01  1.85000000e+00  4.30000000e-01  3.76630353e-03  4.30000000e-01  4.30000000e-01 
 4.40000000e-01  1.85000000e+00  4.40000000e-01  3.79478133e-03  4.40000000e-01  4.40000000e-01 
 4.50000000e-01  1.85000000e+00  4.50000000e-01  3.82211276e-03  4.50000000e-01  4.50000000e-01 
 4.60000000e-01  1.85000000e+00  4.60000000e-01  3.84836008e-03  4.60000000e-01  4.60000000e-01 
 4.70000000e-01  1.85000000e+00  4.70000000e-01  3.87358187e-03  4.70000000e-01  4.70000000e-01 
 4.80000000e-01  1.85000000e+00  4.80000000e-01  3.89783313e-03  4.80000000e-01  4.80000000e-01 
 4.90000000e-01  1.85000000e+00  4.90000000e-01  3.92116561e-03  4.90000000e-01  4.90000000e-01 
 5.00000000e-01  1.85000000e+00  5.00000000e-01  3.94362788e-03  5.00000000e-01  5.00000000e-01 
 5.10000000e-01  1.85000000e+00  5.10000000e-01  3.96526559e-03  5.10000000e-01  5.10000000e-01 
 5.20000000e-01  1.85000000e+00  5.20000000e-01  3.98612162e-03  5.20000000e-01  5.20000000e-01 
 5.30000000e-01  1.85000000e+00  5.30000000e-01  4.00623628e-03  5.30000000e-01  5.30000000e-01 
 5.40000000e-01  1.85000000e+00  5.40000000e-01  4.02564740e-03  5.40000000e-01  5.40000000e-01 
 5.50000000e-01  1.85000000e+00  5.50000000e-01  4.04439057e-03  5.50000000e-01  5.50000000e-01 
 5.60000000e-01  1.85000000e+00  5.60000000e-01  4.06249923e-03  5.60000000e-01  5.60000000e-01 
 5.70000000e-01  1.85000000e+00  5.70000000e-01  4.08000483e-03  5.70000000e-01  5.70000000e-01 
 5.80000000e-01  1.85000000e+00  5.80000000e-01  4.09693694e-03  5.80000000e-01  5.80000000e-01 
 5.90000000e-01  1.85000000e+00  5.90000000e-01  4.11332339e-03  5.90000000e-01  5.90000000e-01 
 6.00000000e-01  1.85000000e+00  6.00000000e-01  4.12919036e-03  6.00000000e-01  6.00000000e-01 
 6.10000000e-01  1.85000000e+00  6.10000000e-01  4.14456253e-03  6.10000000e-01  6.10000000e-01 
 6.20000000e-01  1.85000000e+00  6.20000000e-01  4.15946311e-03  6.20000000e-01  6.20000000e-01 
 6.30000000e-01  1.85000000e+00  6.30000000e-01  4.17391402e-03  6.30000000e-01  6.30000000e-01 
 6.40000000e-01  1.85000000e+00  6.40000000e-01  4.18793588e-03  6.40000000e-01  6.40000000e-01 
 6.50000000e-01  1.85000000e+00  6.50000000e-01  4.20154818e-03  6.50000000e-01  6.50000000e-01 
 6.60000000e-01  1.85000000e+00  6.60000000e-01  4.21476928e-03  6.60000000e-01  6.60000000e-01 
 6.70000000e-01  1.85000000e+00  6.70000000e-01  4.22761655e-03  6.70000000e-01  6.70000000e-01 
 6.80000000e-01  1.85000000e+00  6.80000000e-01  4.24010637e-03  6.80000000e-01  6.80000000e-01 
 6.90000000e-01  1.85000000e+00  6.90000000e-01  4.25225423e-03  6.90000000e-01  6.90000000e-01 
 7.00000000e-01  1.85000000e+00  7.00000000e-01  4.26407479e-03  7.00000000e-01  7.00000000e-01 
 7.10000000e-01  1.85000000e+00  7.10000000e-01  4.27558192e-03  7.10000000e-01  7.10000000e-01 
 7.20000000e-01  1.85000000e+00  7.20000000e-01  4.28678873e-03  7.20000000e-01  7.20000000e-01 
 7.30000000e-01  1.85000000e+00  7.30000000e-01  4.29770765e-03  7.30000000e-01  7.30000000e-01 
 7.40000000e-01  1.85000000e+00  7.40000000e-01  4.30835046e-03  7.40000000e-01  7.40000000e-01 
 7.50000000e-01  1.85000000e+00  7.50000000e-01  4.31872832e-03  7.50000000e-01  7.50000000e-01 
 7.60000000e-01  1.85000000e+00  7.60000000e-01  4.32885183e-03  7.60000000e-01  7.60000000e-01 
 7.70000000e-01  1.85000000e+00  7.70000000e-01  4.33873105e-03  7.70000000e-01  7.70000000e-01 
 7.80000000e-01  1.85000000e+00  7.80000000e-01  4.34837551e-03  7.80000000e-01  7.80000000e-01 
 7.90000000e-01  1.85000000e+00  7.90000000e-01  4.35779428e-03  7.90000000e-01  7.90000000e-01 
 8.00000000e-01  1.85000000e+00  8.00000000e-01  4.36699600e-03  8.00000000e-01  8.00000000e-01 
 8.10000000e-01  1.85000000e+00  8.10000000e-01  4.37598884e-03  8.10000000e-01  8.10000000e-01 
 8.20000000e-01  1.85000000e+00  8.20000000e-01  4.38478062e-03  8.20000000e-01  8.20000000e-01 
 8.30000000e-01  1.85000000e+00  8.30000000e-01  4.39337876e-03  8.30000000e-01  8.30000000e-01 
 8.40000000e-01  1.85000000e+00  8.40000000e-01  4.40179033e-03  8.40000000e-01  8.40000000e-01 
 8.50000000e-01  1.85000000e+00  8.50000000e-01  4.41002206e-03  8.50000000e-01  8.50000000e-01 
 8.60000000e-01  1.85000000e+00  8.60000000e-01  4.41808039e-03  8.60000000e-01  8.60000000e-01 
 8.70000000e-01  1.85000000e+00  8.70000000e-01  4.42597144e-03  8.70000000e-01  8.70000000e-01 
 8.80000000e-01  1.85000000e+00  8.80000000e-01  4.43370106e-03  8.80000000e-01  8.80000000e-01 
 8.90000000e-01  1.85000000e+00  8.90000000e-01  4.44127482e-03  8.90000000e-01  8.90000000e-01 
 9.00000000e-01  1.85000000e+00  9.00000000e-01  4.44869805e-03  9.00000000e-01  9.00000000e-01 
 9.10000000e-01  1.85000000e+00  9.10000000e-01  4.45597586e-03  9.10000000e-01  9.10000000e-01 
 9.20000000e-01  1.85000000e+00  9.20000000e-01  4.46311311e-03  9.20000000e-01  9.20000000e-01 
 9.30000000e-01  1.85000000e+00  9.30000000e-01  4.47011445e-03  9.30000000e-01  9.30000000e-01 
 9.40000000e-01  1.85000000e+00  9.40000000e-01  4.47698433e-03  9.40000000e-01  9.40000000e-01 
 9.50000000e-01  1.85000000e+00  9.50000000e-01  4.48372704e-03  9.50000000e-01  9.50000000e-01 
 9.60000000e-01  1.85000000e+00  9.60000000e-01  4.49034664e-03  9.60000000e-01  9.60000000e-01 
 9.70000000e-01  1.85000000e+00  9.70000000e-01  4.49684704e-03  9.70000000e-01  9.70000000e-01 
 9.80000000e-01  1.85000000e+00  9.80000000e-01  4.50323201e-03  9.80000000e-01  9.80000000e-01 
 9.90000000e-01  1.85000000e+00  9.90000000e-01  4.50950512e-03  9.90000000e-01  9.90000000e-01 
 1.00000000e+00  1.85000000e+00  1.00000000e+00  4.51566983e-03  1.00000000e+00  1.00000000e+00 
 1.01000000e+00  1.85000000e+00  1.01000000e+00  4.52172945e-03  1.01000000e+00  1.01000000e+00 
 1.02000000e+00  1.85000000e+00  1.02000000e+00  4.52768715e-03  1.02000000e+00  1.02000000e+00 
 1.03000000e+00  1.85000000e+00  1.03000000e+00  4.53354597e-03  1.03000000e+00  1.03000000e+00 
 1.04000000e+00  1.85000000e+00  1.04000000e+00  4.53930886e-03  1.04000000e+00  1.04000000e+00 
 1.05000000e+00  1.85000000e+00  1.05000000e+00  4.54497861e-03  1.05000000e+00  1.05000000e+00 
 1.06000000e+00  1.85000000e+00  1.06000000e+00  4.55055793e-03  1.06000000e+00  1.06000000e+00 
 1.07000000e+00  1.85000000e+00  1.07000000e+00  4.55604944e-03  1.07000000e+00  1.07000000e+00 
 1.08000000e+00  1.85000000e+00  1.08000000e+00  4.56145562e-03  1.08000000e+00  1.08000000e+00 
 1.09000000e+00  1.85000000e+00  1.09000000e+00  4.56677889e-03  1.09000000e+00  1.09000000e+00 
 1.10000000e+00  1.85000000e+00  1.10000000e+00  4.57202156e-03  1.10000000e+00  1.10000000e+00 
 1.11000000e+00  1.85000000e+00  1.11000000e+00  4.57718587e-03  1.11000000e+00  1.11000000e+00 
 1.12000000e+00  1.85000000e+00  1.12000000e+00  4.58227397e-03  1.12000000e+00  1.12000000e+00 
 1.13000000e+00  1.85000000e+00  1.13000000e+00  4.58728792e-03  1.13000000e+00  1.13000000e+00 
 1.14000000e+00  1.85000000e+00  1.14000000e+00  4.59222974e-03  1.14000000e+00  1.14000000e+00 
 1.15000000e+00  1.85000000e+00  1.15000000e+00  4.59710133e-03  1.15000000e+00  1.15000000e+00 
 1.16000000e+00  1.85000000e+00  1.16000000e+00  4.60190457e-03  1.16000000e+00  1.16000000e+00 
 1.17000000e+00  1.85000000e+00  1.17000000e+00  4.60664123e-03  1.17000000e+00  1.17000000e+00 
 1.18000000e+00  1.85000000e+00  1.18000000e+00  4.61131306e-03  1.18000000e+00  1.18000000e+00 
 1.19000000e+00  1.85000000e+00  1.19000000e+00  4.61592171e-03  1.19000000e+00  1.19000000e+00 
 1.20000000e+00  1.85000000e+00  1.20000000e+00  4.62046881e-03  1.20000000e+00  1.20000000e+00 
 1.21000000e+00  1.85000000e+00  1.21000000e+00  4.62495592e-03  1.21000000e+00  1.21000000e+00 
 1.22000000e+00  1.85000000e+00  1.22000000e+00  4.62938452e-03  1.22000000e+00  1.22000000e+00 
 1.23000000e+00  1.85000000e+00  1.23000000e+00  4.63375609e-03  1.23000000e+00  1.23000000e+00 
 1.24000000e+00  1.85000000e+00  1.24000000e+00  4.63807202e-03  1.24000000e+00  1.24000000e+00 
 1.25000000e+00  1.85000000e+00  1.25000000e+00  4.64233369e-03  1.25000000e+00  1.25000000e+00 
 1.26000000e+00  1.85000000e+00  1.26000000e+00  4.64654239e-03  1.26000000e+00  1.26000000e+00 
 1.27000000e+00  1.85000000e+00  1.27000000e+00  4.65069941e-03  1.27000000e+00  1.27000000e+00 
 1.28000000e+00  1.85000000e+00  1.28000000e+00  4.65480597e-03  1.28000000e+00  1.28000000e+00 
 1.29000000e+00  1.85000000e+00  1.29000000e+00  4.65886328e-03  1.29000000e+00  1.29000000e+00 
 1.30000000e+00  1.85000000e+00  1.30000000e+00  4.66287248e-03  1.30000000e+00  1.30000000e+00 
 1.31000000e+00  1.85000000e+00  1.31000000e+00  4.66683469e-03  1.31000000e+00  1.31000000e+00 
 1.32000000e+00  1.85000000e+00  1.32000000e+00  4.67075100e-03  1.32000000e+00  1.32000000e+00 
 1.33000000e+00  1.85000000e+00  1.33000000e+00  4.67462246e-03  1.33000000e+00  1.33000000e+00 
 1.34000000e+00  1.85000000e+00  1.34000000e+00  4.67845009e-03  1.34000000e+00  1.34000000e+00 
 1.35000000e+00  1.85000000e+00  1.35000000e+00  4.68223486e-03  1.35000000e+00  1.35000000e+00 
 1.36000000e+00  1.85000000e+00  1.36000000e+00  4.68597775e-03  1.36000000e+00  1.36000000e+00 
 1.37000000e+00  1.85000000e+00  1.37000000e+00  4.68967967e-03  1.37000000e+00  1.37000000e+00 
 1.38000000e+00  1.85000000e+00  1.38000000e+00  4.69334153e-03  1.38000000e+00  1.38000000e+00 
 1.39000000e+00  1.85000000e+00  1.39000000e+00  4.69696421e-03  1.39000000e+00  1.39000000e+00 
 1.40000000e+00  1.85000000e+00  1.40000000e+00  4.70054855e-03  1.40000000e+00  1.40000000e+00 
 1.41000000e+00  1.85000000e+00  1.41000000e+00  4.70409537e-03  1.41000000e+00  1.41000000e+00 
 1.42000000e+00  1.85000000e+00  1.42000000e+00  4.70760548e-03  1.42000000e+00  1.42000000e+00 
 1.43000000e+00  1.85000000e+00  1.43000000e+00  4.71107965e-03  1.43000000e+00  1.43000000e+00 
 1.44000000e+00  1.85000000e+00  1.44000000e+00  4.71451864e-03  1.44000000e+00  1.44000000e+00 
 1.45000000e+00  1.85000000e+00  1.45000000e+00  4.71792317e-03  1.45000000e+00  1.45000000e+00 
 1.46000000e+00  1.85000000e+00  1.46000000e+00  4.72129398e-03  1.46000000e+00  1.46000000e+00 
 1.47000000e+00  1.85000000e+00  1.47000000e+00  4.72463174e-03  1.47000000e+00  1.47000000e+00 
 1.48000000e+00  1.85000000e+00  1.48000000e+00  4.72793713e-03  1.48000000e+00  1.48000000e+00 
 1.49000000e+00  1.85000000e+00  1.49000000e+00  4.73121080e-03  1.49000000e+00  1.49000000e+00 
 1.50000000e+00  1.85000000e+00  1.50000000e+00  4.73445340e-03  1.50000000e+00  1.50000000e+00 
 1.51000000e+00  1.85000000e+00  1.51000000e+00  4.73766555e-03  1.51000000e+00  1.51000000e+00 
 1.52000000e+00  1.85000000e+00  1.52000000e+00  4.74084784e-03  1.52000000e+00  1.52000000e+00 
 1.53000000e+00  1.85000000e+00  1.53000000e+00  4.74400087e-03  1.53000000e+00  1.53000000e+00 
 1.54000000e+00  1.85000000e+00  1.54000000e+00  4.74712520e-03  1.54000000e+00  1.54000000e+00 
 1.55000000e+00  1.85000000e+00  1.55000000e+00  4.75022140e-03  1.55000000e+00  1.55000000e+00 
 1.56000000e+00  1.85000000e+00  1.56000000e+00  4.75329001e-03  1.56000000e+00  1.56000000e+00 
 1.57000000e+00  1.85000000e+00  1.57000000e+00  4.75633155e-03  1.57000000e+00  1.57000000e+00 
 1.58000000e+00  1.85000000e+00  1.58000000e+00  4.75934654e-03  1.58000000e+00  1.58000000e+00 
 1.59000000e+00  1.85000000e+00  1.59000000e+00  4.76233548e-03  1.59000000e+00  1.59000000e+00 
 1.60000000e+00  1.85000000e+00  1.60000000e+00  4.76529887e-03  1.60000000e+00  1.60000000e+00 
 1.61000000e+00  1.85000000e+00  1.61000000e+00  4.76823717e-03  1.61000000e+00  1.61000000e+00 
 1.62000000e+00  1.85000000e+00  1.62000000e+00  4.77115086e-03  1.62000000e+00  1.62000000e+00 
 1.63000000e+00  1.85000000e+00  1.63000000e+00  4.77404038e-03  1.63000000e+00  1.63000000e+00 
 1.64000000e+00  1.85000000e+00  1.64000000e+00  4.77690618e-03  1.64000000e+00  1.64000000e+00 
 1.65000000e+00  1.85000000e+00  1.65000000e+00  4.77974869e-03  1.65000000e+00  1.65000000e+00 
 1.66000000e+00  1.85000000e+00  1.66000000e+00  4.78256834e-03  1.66000000e+00  1.66000000e+00 
 1.67000000e+00  1.85000000e+00  1.67000000e+00  4.78536553e-03  1.67000000e+00  1.67000000e+00 
 1.68000000e+00  1.85000000e+00  1.68000000e+00  4.78814066e-03  1.68000000e+00  1.68000000e+00 
 1.69000000e+00  1.85000000e+00  1.69000000e+00  4.79089413e-03  1.69000000e+00  1.69000000e+00 
 1.70000000e+00  1.85000000e+00  1.70000000e+00  4.79362632e-03  1.70000000e+00  1.70000000e+00 
 1.71000000e+00  1.85000000e+00  1.71000000e+00  4.79633761e-03  1.71000000e+00  1.71000000e+00 
 1.72000000e+00  1.85000000e+00  1.72000000e+00  4.79902836e-03  1.72000000e+00  1.72000000e+00 
 1.73000000e+00  1.85000000e+00  1.73000000e+00  4.80169893e-03  1.73000000e+00  1.73000000e+00 
 1.74000000e+00  1.85000000e+00  1.74000000e+00  4.80434967e-03  1.74000000e+00  1.74000000e+00 
 1.75000000e+00  1.85000000e+00  1.75000000e+00  4.80698093e-03  1.75000000e+00  1.75000000e+00 
 1.76000000e+00  1.85000000e+00  1.76000000e+00  4.80959303e-03  1.76000000e+00  1.76000000e+00 
 1.77000000e+00  1.85000000e+00  1.77000000e+00  4.81218631e-03  1.77000000e+00  1.77000000e+00 
 1.78000000e+00  1.85000000e+00  1.78000000e+00  4.81476109e-03  1.78000000e+00  1.78000000e+00 
 1.79000000e+00  1.85000000e+00  1.79000000e+00  4.81731768e-03  1.79000000e+00  1.79000000e+00 
 1.80000000e+00  1.85000000e+00  1.80000000e+00  4.81985639e-03  1.80000000e+00  1.80000000e+00 
 1.81000000e+00  1.85000000e+00  1.81000000e+00  4.82237753e-03  1.81000000e+00  1.81000000e+00 
 1.82000000e+00  1.85000000e+00  1.82000000e+00  4.82488138e-03  1.82000000e+00  1.82000000e+00 
 1.83000000e+00  1.85000000e+00  1.83000000e+00  4.82736825e-03  1.83000000e+00  1.83000000e+00 
 1.84000000e+00  1.85000000e+00  1.84000000e+00  4.82983842e-03  1.84000000e+00  1.84000000e+00 
 1.85000000e+00  1.85000000e+00  1.85000000e+00  4.83229217e-03  1.85000000e+00  1.85000000e+00 
