 0.00000000e+00  1.48000000e+00  0.00000000e+00  0.00000000e+00  0.00000000e+00  0.00000000e+00 
 1.00000000e-02  1.48000000e+00  1.00000000e-02  1.38564786e-04  1.00000000e-02  1.00000000e-02 
 2.00000000e-02  1.48000000e+00  2.00000000e-02  2.73163816e-04  2.00000000e-02  2.00000000e-02 
 3.00000000e-02  1.48000000e+00  3.00000000e-02  4.03133739e-04  3.00000000e-02  3.00000000e-02 
 4.00000000e-02  1.48000000e+00  4.00000000e-02  5.28183832e-04  4.00000000e-02  4.00000000e-02 
 5.00000000e-02  1.48000000e+00  5.00000000e-02  6.48186114e-04  5.00000000e-02  5.00000000e-02 
 6.00000000e-02  1.48000000e+00  6.00000000e-02  7.63100498e-04  6.00000000e-02  6.00000000e-02 
 7.00000000e-02  1.48000000e+00  7.00000000e-02  8.72941814e-04  7.00000000e-02  7.00000000e-02 
 8.00000000e-02  1.48000000e+00  8.00000000e-02  9.77763091e-04  8.00000000e-02  8.00000000e-02 
 9.00000000e-02  1.48000000e+00  9.00000000e-02  1.07764608e-03  9.00000000e-02  9.00000000e-02 
 1.00000000e-01  1.48000000e+00  1.00000000e-01  1.17269528e-03  1.00000000e-01  1.00000000e-01 
 1.10000000e-01  1.48000000e+00  1.10000000e-01  1.26303380e-03  1.10000000e-01  1.10000000e-01 
 1.20000000e-01  1.48000000e+00  1.20000000e-01  1.34880014e-03  1.20000000e-01  1.20000000e-01 
 1.30000000e-01  1.48000000e+00  1.30000000e-01  1.43014545e-03  1.30000000e-01  1.30000000e-01 
 1.40000000e-01  1.48000000e+00  1.40000000e-01  1.50723109e-03  1.40000000e-01  1.40000000e-01 
 1.50000000e-01  1.48000000e+00  1.50000000e-01  1.58022633e-03  1.50000000e-01  1.50000000e-01 
 1.60000000e-01  1.48000000e+00  1.60000000e-01  1.64930618e-03  1.60000000e-01  1.60000000e-01 
 1.70000000e-01  1.48000000e+00  1.70000000e-01  1.71464929e-03  1.70000000e-01  1.70000000e-01 
 1.80000000e-01  1.48000000e+00  1.80000000e-01  1.77643606e-03  1.80000000e-01  1.80000000e-01 
 1.90000000e-01  1.48000000e+00  1.90000000e-01  1.83484682e-03  1.90000000e-01  1.90000000e-01 
 2.00000000e-01  1.48000000e+00  2.00000000e-01  1.89006024e-03  2.00000000e-01  2.00000000e-01 
 2.10000000e-01  1.48000000e+00  2.10000000e-01  1.94225192e-03  2.10000000e-01  2.10000000e-01 
 2.20000000e-01  1.48000000e+00  2.20000000e-01  1.99159318e-03  2.20000000e-01  2.20000000e-01 
 2.30000000e-01  1.48000000e+00  2.30000000e-01  2.03825008e-03  2.30000000e-01  2.30000000e-01 
 2.40000000e-01  1.48000000e+00  2.40000000e-01  2.08238261e-03  2.40000000e-01  2.40000000e-01 
 2.50000000e-01  1.48000000e+00  2.50000000e-01  2.12414413e-03  2.50000000e-01  2.50000000e-01 
 2.60000000e-01  1.48000000e+00  2.60000000e-01  2.16368090e-03  2.60000000e-01  2.60000000e-01 
 2.70000000e-01  1.48000000e+00  2.70000000e-01  2.20113190e-03  2.70000000e-01  2.70000000e-01 
 2.80000000e-01  1.48000000e+00  2.80000000e-01  2.23662864e-03  2.80000000e-01  2.80000000e-01 
 2.90000000e-01  1.48000000e+00  2.90000000e-01  2.27029519e-03  2.90000000e-01  2.90000000e-01 
 3.00000000e-01  1.48000000e+00  3.00000000e-01  2.30224828e-03  3.00000000e-01  3.00000000e-01 
 3.10000000e-01  1.48000000e+00  3.10000000e-01  2.33259747e-03  3.10000000e-01  3.10000000e-01 
 3.20000000e-01  1.48000000e+00  3.20000000e-01  2.36144537e-03  3.20000000e-01  3.20000000e-01 
 3.30000000e-01  1.48000000e+00  3.30000000e-01  2.38888790e-03  3.30000000e-01  3.30000000e-01 
 3.40000000e-01  1.48000000e+00  3.40000000e-01  2.41501464e-03  3.40000000e-01  3.40000000e-01 
 3.50000000e-01  1.48000000e+00  3.50000000e-01  2.43990912e-03  3.50000000e-01  3.50000000e-01 
 3.60000000e-01  1.48000000e+00  3.60000000e-01  2.46364916e-03  3.60000000e-01  3.60000000e-01 
 3.70000000e-01  1.48000000e+00  3.70000000e-01  2.48630721e-03  3.70000000e-01  3.70000000e-01 
 3.80000000e-01  1.48000000e+00  3.80000000e-01  2.50795068e-03  3.80000000e-01  3.80000000e-01 
 3.90000000e-01  1.48000000e+00  3.90000000e-01  2.52864229e-03  3.90000000e-01  3.90000000e-01 
 4.00000000e-01  1.48000000e+00  4.00000000e-01  2.54844036e-03  4.00000000e-01  4.00000000e-01 
 4.10000000e-01  1.48000000e+00  4.10000000e-01  2.56739910e-03  4.10000000e-01  4.10000000e-01 
 4.20000000e-01  1.48000000e+00  4.20000000e-01  2.58556895e-03  4.20000000e-01  4.20000000e-01 
 4.30000000e-01  1.48000000e+00  4.30000000e-01  2.60299680e-03  4.30000000e-01  4.30000000e-01 
 4.40000000e-01  1.48000000e+00  4.40000000e-01  2.61972627e-03  4.40000000e-01  4.40000000e-01 
 4.50000000e-01  1.48000000e+00  4.50000000e-01  2.63579797e-03  4.50000000e-01  4.50000000e-01 
 4.60000000e-01  1.48000000e+00  4.60000000e-01  2.65124967e-03  4.60000000e-01  4.60000000e-01 
 4.70000000e-01  1.48000000e+00  4.70000000e-01  2.66611658e-03  4.70000000e-01  4.70000000e-01 
 4.80000000e-01  1.48000000e+00  4.80000000e-01  2.68043146e-03  4.80000000e-01  4.80000000e-01 
 4.90000000e-01  1.48000000e+00  4.90000000e-01  2.69422489e-03  4.90000000e-01  4.90000000e-01 
 5.00000000e-01  1.48000000e+00  5.00000000e-01  2.70752537e-03  5.00000000e-01  5.00000000e-01 
 5.10000000e-01  1.48000000e+00  5.10000000e-01  2.72035949e-03  5.10000000e-01  5.10000000e-01 
 5.20000000e-01  1.48000000e+00  5.20000000e-01  2.73275211e-03  5.20000000e-01  5.20000000e-01 
 5.30000000e-01  1.48000000e+00  5.30000000e-01  2.74472644e-03  5.30000000e-01  5.30000000e-01 
 5.40000000e-01  1.48000000e+00  5.40000000e-01  2.75630417e-03  5.40000000e-01  5.40000000e-01 
 5.50000000e-01  1.48000000e+00  5.50000000e-01  2.76750561e-03  5.50000000e-01  5.50000000e-01 
 5.60000000e-01  1.48000000e+00  5.60000000e-01  2.77834978e-03  5.60000000e-01  5.60000000e-01 
 5.70000000e-01  1.48000000e+00  5.70000000e-01  2.78885449e-03  5.70000000e-01  5.70000000e-01 
 5.80000000e-01  1.48000000e+00  5.80000000e-01  2.79903644e-03  5.80000000e-01  5.80000000e-01 
 5.90000000e-01  1.48000000e+00  5.90000000e-01  2.80891131e-03  5.90000000e-01  5.90000000e-01 
 6.00000000e-01  1.48000000e+00  6.00000000e-01  2.81849379e-03  6.00000000e-01  6.00000000e-01 
 6.10000000e-01  1.48000000e+00  6.10000000e-01  2.82779772e-03  6.10000000e-01  6.10000000e-01 
 6.20000000e-01  1.48000000e+00  6.20000000e-01  2.83683609e-03  6.20000000e-01  6.20000000e-01 
 6.30000000e-01  1.48000000e+00  6.30000000e-01  2.84562113e-03  6.30000000e-01  6.30000000e-01 
 6.40000000e-01  1.48000000e+00  6.40000000e-01  2.85416434e-03  6.40000000e-01  6.40000000e-01 
 6.50000000e-01  1.48000000e+00  6.50000000e-01  2.86247657e-03  6.50000000e-01  6.50000000e-01 
 6.60000000e-01  1.48000000e+00  6.60000000e-01  2.87056804e-03  6.60000000e-01  6.60000000e-01 
 6.70000000e-01  1.48000000e+00  6.70000000e-01  2.87844840e-03  6.70000000e-01  6.70000000e-01 
 6.80000000e-01  1.48000000e+00  6.80000000e-01  2.88612675e-03  6.80000000e-01  6.80000000e-01 
 6.90000000e-01  1.48000000e+00  6.90000000e-01  2.89361170e-03  6.90000000e-01  6.90000000e-01 
 7.00000000e-01  1.48000000e+00  7.00000000e-01  2.90091137e-03  7.00000000e-01  7.00000000e-01 
 7.10000000e-01  1.48000000e+00  7.10000000e-01  2.90803346e-03  7.10000000e-01  7.10000000e-01 
 7.20000000e-01  1.48000000e+00  7.20000000e-01  2.91498524e-03  7.20000000e-01  7.20000000e-01 
 7.30000000e-01  1.48000000e+00  7.30000000e-01  2.92177360e-03  7.30000000e-01  7.30000000e-01 
 7.40000000e-01  1.48000000e+00  7.40000000e-01  2.92840507e-03  7.40000000e-01  7.40000000e-01 
 7.50000000e-01  1.48000000e+00  7.50000000e-01  2.93488586e-03  7.50000000e-01  7.50000000e-01 
 7.60000000e-01  1.48000000e+00  7.60000000e-01  2.94122183e-03  7.60000000e-01  7.60000000e-01 
 7.70000000e-01  1.48000000e+00  7.70000000e-01  2.94741857e-03  7.70000000e-01  7.70000000e-01 
 7.80000000e-01  1.48000000e+00  7.80000000e-01  2.95348137e-03  7.80000000e-01  7.80000000e-01 
 7.90000000e-01  1.48000000e+00  7.90000000e-01  2.95941526e-03  7.90000000e-01  7.90000000e-01 
 8.00000000e-01  1.48000000e+00  8.00000000e-01  2.96522505e-03  8.00000000e-01  8.00000000e-01 
 8.10000000e-01  1.48000000e+00  8.10000000e-01  2.97091528e-03  8.10000000e-01  8.10000000e-01 
 8.20000000e-01  1.48000000e+00  8.20000000e-01  2.97649030e-03  8.20000000e-01  8.20000000e-01 
 8.30000000e-01  1.48000000e+00  8.30000000e-01  2.98195423e-03  8.30000000e-01  8.30000000e-01 
 8.40000000e-01  1.48000000e+00  8.40000000e-01  2.98731102e-03  8.40000000e-01  8.40000000e-01 
 8.50000000e-01  1.48000000e+00  8.50000000e-01  2.99256442e-03  8.50000000e-01  8.50000000e-01 
 8.60000000e-01  1.48000000e+00  8.60000000e-01  2.99771800e-03  8.60000000e-01  8.60000000e-01 
 8.70000000e-01  1.48000000e+00  8.70000000e-01  3.00277521e-03  8.70000000e-01  8.70000000e-01 
 8.80000000e-01  1.48000000e+00  8.80000000e-01  3.00773928e-03  8.80000000e-01  8.80000000e-01 
 8.90000000e-01  1.48000000e+00  8.90000000e-01  3.01261336e-03  8.90000000e-01  8.90000000e-01 
 9.00000000e-01  1.48000000e+00  9.00000000e-01  3.01740041e-03  9.00000000e-01  9.00000000e-01 
 9.10000000e-01  1.48000000e+00  9.10000000e-01  3.02210330e-03  9.10000000e-01  9.10000000e-01 
 9.20000000e-01  1.48000000e+00  9.20000000e-01  3.02672474e-03  9.20000000e-01  9.20000000e-01 
 9.30000000e-01  1.48000000e+00  9.30000000e-01  3.03126735e-03  9.30000000e-01  9.30000000e-01 
 9.40000000e-01  1.48000000e+00  9.40000000e-01  3.03573364e-03  9.40000000e-01  9.40000000e-01 
 9.50000000e-01  1.48000000e+00  9.50000000e-01  3.04012600e-03  9.50000000e-01  9.50000000e-01 
 9.60000000e-01  1.48000000e+00  9.60000000e-01  3.04444671e-03  9.60000000e-01  9.60000000e-01 
 9.70000000e-01  1.48000000e+00  9.70000000e-01  3.04869800e-03  9.70000000e-01  9.70000000e-01 
 9.80000000e-01  1.48000000e+00  9.80000000e-01  3.05288196e-03  9.80000000e-01  9.80000000e-01 
 9.90000000e-01  1.48000000e+00  9.90000000e-01  3.05700063e-03  9.90000000e-01  9.90000000e-01 
 1.00000000e+00  1.48000000e+00  1.00000000e+00  3.06105595e-03  1.00000000e+00  1.00000000e+00 
 1.01000000e+00  1.48000000e+00  1.01000000e+00  3.06504979e-03  1.01000000e+00  1.01000000e+00 
 1.02000000e+00  1.48000000e+00  1.02000000e+00  3.06898395e-03  1.02000000e+00  1.02000000e+00 
 1.03000000e+00  1.48000000e+00  1.03000000e+00  3.07286015e-03  1.03000000e+00  1.03000000e+00 
 1.04000000e+00  1.48000000e+00  1.04000000e+00  3.07668005e-03  1.04000000e+00  1.04000000e+00 
 1.05000000e+00  1.48000000e+00  1.05000000e+00  3.08044525e-03  1.05000000e+00  1.05000000e+00 
 1.06000000e+00  1.48000000e+00  1.06000000e+00  3.08415728e-03  1.06000000e+00  1.06000000e+00 
 1.07000000e+00  1.48000000e+00  1.07000000e+00  3.08781763e-03  1.07000000e+00  1.07000000e+00 
 1.08000000e+00  1.48000000e+00  1.08000000e+00  3.09142770e-03  1.08000000e+00  1.08000000e+00 
 1.09000000e+00  1.48000000e+00  1.09000000e+00  3.09498889e-03  1.09000000e+00  1.09000000e+00 
 1.10000000e+00  1.48000000e+00  1.10000000e+00  3.09850251e-03  1.10000000e+00  1.10000000e+00 
 1.11000000e+00  1.48000000e+00  1.11000000e+00  3.10196982e-03  1.11000000e+00  1.11000000e+00 
 1.12000000e+00  1.48000000e+00  1.12000000e+00  3.10539207e-03  1.12000000e+00  1.12000000e+00 
 1.13000000e+00  1.48000000e+00  1.13000000e+00  3.10877042e-03  1.13000000e+00  1.13000000e+00 
 1.14000000e+00  1.48000000e+00  1.14000000e+00  3.11210604e-03  1.14000000e+00  1.14000000e+00 
 1.15000000e+00  1.48000000e+00  1.15000000e+00  3.11540001e-03  1.15000000e+00  1.15000000e+00 
 1.16000000e+00  1.48000000e+00  1.16000000e+00  3.11865341e-03  1.16000000e+00  1.16000000e+00 
 1.17000000e+00  1.48000000e+00  1.17000000e+00  3.12186726e-03  1.17000000e+00  1.17000000e+00 
 1.18000000e+00  1.48000000e+00  1.18000000e+00  3.12504256e-03  1.18000000e+00  1.18000000e+00 
 1.19000000e+00  1.48000000e+00  1.19000000e+00  3.12818026e-03  1.19000000e+00  1.19000000e+00 
 1.20000000e+00  1.48000000e+00  1.20000000e+00  3.13128129e-03  1.20000000e+00  1.20000000e+00 
 1.21000000e+00  1.48000000e+00  1.21000000e+00  3.13434656e-03  1.21000000e+00  1.21000000e+00 
 1.22000000e+00  1.48000000e+00  1.22000000e+00  3.13737692e-03  1.22000000e+00  1.22000000e+00 
 1.23000000e+00  1.48000000e+00  1.23000000e+00  3.14037322e-03  1.23000000e+00  1.23000000e+00 
 1.24000000e+00  1.48000000e+00  1.24000000e+00  3.14333627e-03  1.24000000e+00  1.24000000e+00 
 1.25000000e+00  1.48000000e+00  1.25000000e+00  3.14626685e-03  1.25000000e+00  1.25000000e+00 
 1.26000000e+00  1.48000000e+00  1.26000000e+00  3.14916573e-03  1.26000000e+00  1.26000000e+00 
 1.27000000e+00  1.48000000e+00  1.27000000e+00  3.15203364e-03  1.27000000e+00  1.27000000e+00 
 1.28000000e+00  1.48000000e+00  1.28000000e+00  3.15487129e-03  1.28000000e+00  1.28000000e+00 
 1.29000000e+00  1.48000000e+00  1.29000000e+00  3.15767939e-03  1.29000000e+00  1.29000000e+00 
 1.30000000e+00  1.48000000e+00  1.30000000e+00  3.16045859e-03  1.30000000e+00  1.30000000e+00 
 1.31000000e+00  1.48000000e+00  1.31000000e+00  3.16320956e-03  1.31000000e+00  1.31000000e+00 
 1.32000000e+00  1.48000000e+00  1.32000000e+00  3.16593291e-03  1.32000000e+00  1.32000000e+00 
 1.33000000e+00  1.48000000e+00  1.33000000e+00  3.16862926e-03  1.33000000e+00  1.33000000e+00 
 1.34000000e+00  1.48000000e+00  1.34000000e+00  3.17129921e-03  1.34000000e+00  1.34000000e+00 
 1.35000000e+00  1.48000000e+00  1.35000000e+00  3.17394333e-03  1.35000000e+00  1.35000000e+00 
 1.36000000e+00  1.48000000e+00  1.36000000e+00  3.17656217e-03  1.36000000e+00  1.36000000e+00 
 1.37000000e+00  1.48000000e+00  1.37000000e+00  3.17915628e-03  1.37000000e+00  1.37000000e+00 
 1.38000000e+00  1.48000000e+00  1.38000000e+00  3.18172619e-03  1.38000000e+00  1.38000000e+00 
 1.39000000e+00  1.48000000e+00  1.39000000e+00  3.18427241e-03  1.39000000e+00  1.39000000e+00 
 1.40000000e+00  1.48000000e+00  1.40000000e+00  3.18679543e-03  1.40000000e+00  1.40000000e+00 
 1.41000000e+00  1.48000000e+00  1.41000000e+00  3.18929573e-03  1.41000000e+00  1.41000000e+00 
 1.42000000e+00  1.48000000e+00  1.42000000e+00  3.19177379e-03  1.42000000e+00  1.42000000e+00 
 1.43000000e+00  1.48000000e+00  1.43000000e+00  3.19423007e-03  1.43000000e+00  1.43000000e+00 
 1.44000000e+00  1.48000000e+00  1.44000000e+00  3.19666499e-03  1.44000000e+00  1.44000000e+00 
 1.45000000e+00  1.48000000e+00  1.45000000e+00  3.19907901e-03  1.45000000e+00  1.45000000e+00 
 1.46000000e+00  1.48000000e+00  1.46000000e+00  3.20147253e-03  1.46000000e+00  1.46000000e+00 
 1.47000000e+00  1.48000000e+00  1.47000000e+00  3.20384596e-03  1.47000000e+00  1.47000000e+00 
 1.48000000e+00  1.48000000e+00  1.48000000e+00  3.20619971e-03  1.48000000e+00  1.48000000e+00 
 1.49000000e+00  1.48000000e+00  1.49000000e+00  3.20853415e-03  1.49000000e+00  1.49000000e+00 
 1.50000000e+00  1.48000000e+00  1.50000000e+00  3.21084966e-03  1.50000000e+00  1.50000000e+00 
 1.51000000e+00  1.48000000e+00  1.51000000e+00  3.21314662e-03  1.51000000e+00  1.51000000e+00 
 1.52000000e+00  1.48000000e+00  1.52000000e+00  3.21542537e-03  1.52000000e+00  1.52000000e+00 
 1.53000000e+00  1.48000000e+00  1.53000000e+00  3.21768627e-03  1.53000000e+00  1.53000000e+00 
 1.54000000e+00  1.48000000e+00  1.54000000e+00  3.21992965e-03  1.54000000e+00  1.54000000e+00 
 1.55000000e+00  1.48000000e+00  1.55000000e+00  3.22215584e-03  1.55000000e+00  1.55000000e+00 
 1.56000000e+00  1.48000000e+00  1.56000000e+00  3.22436517e-03  1.56000000e+00  1.56000000e+00 
 1.57000000e+00  1.48000000e+00  1.57000000e+00  3.22655795e-03  1.57000000e+00  1.57000000e+00 
 1.58000000e+00  1.48000000e+00  1.58000000e+00  3.22873448e-03  1.58000000e+00  1.58000000e+00 
 1.59000000e+00  1.48000000e+00  1.59000000e+00  3.23089506e-03  1.59000000e+00  1.59000000e+00 
 1.60000000e+00  1.48000000e+00  1.60000000e+00  3.23304000e-03  1.60000000e+00  1.60000000e+00 
 1.61000000e+00  1.48000000e+00  1.61000000e+00  3.23516955e-03  1.61000000e+00  1.61000000e+00 
 1.62000000e+00  1.48000000e+00  1.62000000e+00  3.23728402e-03  1.62000000e+00  1.62000000e+00 
 1.63000000e+00  1.48000000e+00  1.63000000e+00  3.23938366e-03  1.63000000e+00  1.63000000e+00 
 1.64000000e+00  1.48000000e+00  1.64000000e+00  3.24146875e-03  1.64000000e+00  1.64000000e+00 
 1.65000000e+00  1.48000000e+00  1.65000000e+00  3.24353953e-03  1.65000000e+00  1.65000000e+00 
 1.66000000e+00  1.48000000e+00  1.66000000e+00  3.24559627e-03  1.66000000e+00  1.66000000e+00 
 1.67000000e+00  1.48000000e+00  1.67000000e+00  3.24763921e-03  1.67000000e+00  1.67000000e+00 
 1.68000000e+00  1.48000000e+00  1.68000000e+00  3.24966858e-03  1.68000000e+00  1.68000000e+00 
 1.69000000e+00  1.48000000e+00  1.69000000e+00  3.25168464e-03  1.69000000e+00  1.69000000e+00 
 1.70000000e+00  1.48000000e+00  1.70000000e+00  3.25368760e-03  1.70000000e+00  1.70000000e+00 
 1.71000000e+00  1.48000000e+00  1.71000000e+00  3.25567770e-03  1.71000000e+00  1.71000000e+00 
 1.72000000e+00  1.48000000e+00  1.72000000e+00  3.25765515e-03  1.72000000e+00  1.72000000e+00 
 1.73000000e+00  1.48000000e+00  1.73000000e+00  3.25962017e-03  1.73000000e+00  1.73000000e+00 
 1.74000000e+00  1.48000000e+00  1.74000000e+00  3.26157298e-03  1.74000000e+00  1.74000000e+00 
 1.75000000e+00  1.48000000e+00  1.75000000e+00  3.26351378e-03  1.75000000e+00  1.75000000e+00 
 1.76000000e+00  1.48000000e+00  1.76000000e+00  3.26544277e-03  1.76000000e+00  1.76000000e+00 
 1.77000000e+00  1.48000000e+00  1.77000000e+00  3.26736016e-03  1.77000000e+00  1.77000000e+00 
 1.78000000e+00  1.48000000e+00  1.78000000e+00  3.26926614e-03  1.78000000e+00  1.78000000e+00 
 1.79000000e+00  1.48000000e+00  1.79000000e+00  3.27116091e-03  1.79000000e+00  1.79000000e+00 
 1.80000000e+00  1.48000000e+00  1.80000000e+00  3.27304465e-03  1.80000000e+00  1.80000000e+00 
 1.81000000e+00  1.48000000e+00  1.81000000e+00  3.27491755e-03  1.81000000e+00  1.81000000e+00 
 1.82000000e+00  1.48000000e+00  1.82000000e+00  3.27677980e-03  1.82000000e+00  1.82000000e+00 
 1.83000000e+00  1.48000000e+00  1.83000000e+00  3.27863157e-03  1.83000000e+00  1.83000000e+00 
 1.84000000e+00  1.48000000e+00  1.84000000e+00  3.28047304e-03  1.84000000e+00  1.84000000e+00 
 1.85000000e+00  1.48000000e+00  1.85000000e+00  3.28230439e-03  1.85000000e+00  1.85000000e+00 
