 0.00000000e+00  1.85000000e+00  0.00000000e+00 -8.62043215e-12  0.00000000e+00  1.85000000e+00 
-1.00000000e-02  1.84000000e+00 -1.00000000e-02 -9.99484139e-12 -1.00000000e-02  1.85000000e+00 
-2.00000000e-02  1.83000000e+00 -2.00000000e-02 -1.15883062e-11 -2.00000000e-02  1.85000000e+00 
-3.00000000e-02  1.82000000e+00 -3.00000000e-02 -1.34357213e-11 -3.00000000e-02  1.85000000e+00 
-4.00000000e-02  1.81000000e+00 -4.00000000e-02 -1.55775356e-11 -4.00000000e-02  1.85000000e+00 
-5.00000000e-02  1.80000000e+00 -5.00000000e-02 -1.80606347e-11 -5.00000000e-02  1.85000000e+00 
-6.00000000e-02  1.79000000e+00 -6.00000000e-02 -2.09393640e-11 -6.00000000e-02  1.85000000e+00 
-7.00000000e-02  1.78000000e+00 -7.00000000e-02 -2.42767136e-11 -7.00000000e-02  1.85000000e+00 
-8.00000000e-02  1.77000000e+00 -8.00000000e-02 -2.81456917e-11 -8.00000000e-02  1.85000000e+00 
-9.00000000e-02  1.76000000e+00 -9.00000000e-02 -3.26309144e-11 -9.00000000e-02  1.85000000e+00 
-1.00000000e-01  1.75000000e+00 -1.00000000e-01 -3.78304484e-11 -1.00000000e-01  1.85000000e+00 
-1.10000000e-01  1.74000000e+00 -1.10000000e-01 -4.38579445e-11 -1.10000000e-01  1.85000000e+00 
-1.20000000e-01  1.73000000e+00 -1.20000000e-01 -5.08451089e-11 -1.20000000e-01  1.85000000e+00 
-1.30000000e-01  1.72000000e+00 -1.30000000e-01 -5.89445648e-11 -1.30000000e-01  1.85000000e+00 
-1.40000000e-01  1.71000000e+00 -1.40000000e-01 -6.83331659e-11 -1.40000000e-01  1.85000000e+00 
-1.50000000e-01  1.70000000e+00 -1.50000000e-01 -7.92158330e-11 -1.50000000e-01  1.85000000e+00 
-1.60000000e-01  1.69000000e+00 -1.60000000e-01 -9.18299952e-11 -1.60000000e-01  1.85000000e+00 
-1.70000000e-01  1.68000000e+00 -1.70000000e-01 -1.06450731e-10 -1.70000000e-01  1.85000000e+00 
-1.80000000e-01  1.67000000e+00 -1.80000000e-01 -1.23396717e-10 -1.80000000e-01  1.85000000e+00 
-1.90000000e-01  1.66000000e+00 -1.90000000e-01 -1.43037116e-10 -1.90000000e-01  1.85000000e+00 
-2.00000000e-01  1.65000000e+00 -2.00000000e-01 -1.65799538e-10 -2.00000000e-01  1.85000000e+00 
-2.10000000e-01  1.64000000e+00 -2.10000000e-01 -1.92179262e-10 -2.10000000e-01  1.85000000e+00 
-2.20000000e-01  1.63000000e+00 -2.20000000e-01 -2.22749891e-10 -2.20000000e-01  1.85000000e+00 
-2.30000000e-01  1.62000000e+00 -2.30000000e-01 -2.58175678e-10 -2.30000000e-01  1.85000000e+00 
-2.40000000e-01  1.61000000e+00 -2.40000000e-01 -2.99225778e-10 -2.40000000e-01  1.85000000e+00 
-2.50000000e-01  1.60000000e+00 -2.50000000e-01 -3.46790723e-10 -2.50000000e-01  1.85000000e+00 
-2.60000000e-01  1.59000000e+00 -2.60000000e-01 -4.01901453e-10 -2.60000000e-01  1.85000000e+00 
-2.70000000e-01  1.58000000e+00 -2.70000000e-01 -4.65751316e-10 -2.70000000e-01  1.85000000e+00 
-2.80000000e-01  1.57000000e+00 -2.80000000e-01 -5.39721466e-10 -2.80000000e-01  1.85000000e+00 
-2.90000000e-01  1.56000000e+00 -2.90000000e-01 -6.25410200e-10 -2.90000000e-01  1.85000000e+00 
-3.00000000e-01  1.55000000e+00 -3.00000000e-01 -7.24666816e-10 -3.00000000e-01  1.85000000e+00 
-3.10000000e-01  1.54000000e+00 -3.10000000e-01 -8.39630686e-10 -3.10000000e-01  1.85000000e+00 
-3.20000000e-01  1.53000000e+00 -3.20000000e-01 -9.72776323e-10 -3.20000000e-01  1.85000000e+00 
-3.30000000e-01  1.52000000e+00 -3.30000000e-01 -1.12696535e-09 -3.30000000e-01  1.85000000e+00 
-3.40000000e-01  1.51000000e+00 -3.40000000e-01 -1.30550641e-09 -3.40000000e-01  1.85000000e+00 
-3.50000000e-01  1.50000000e+00 -3.50000000e-01 -1.51222415e-09 -3.50000000e-01  1.85000000e+00 
-3.60000000e-01  1.49000000e+00 -3.60000000e-01 -1.75153860e-09 -3.60000000e-01  1.85000000e+00 
-3.70000000e-01  1.48000000e+00 -3.70000000e-01 -2.02855678e-09 -3.70000000e-01  1.85000000e+00 
-3.80000000e-01  1.47000000e+00 -3.80000000e-01 -2.34917781e-09 -3.80000000e-01  1.85000000e+00 
-3.90000000e-01  1.46000000e+00 -3.90000000e-01 -2.72021384e-09 -3.90000000e-01  1.85000000e+00 
-4.00000000e-01  1.45000000e+00 -4.00000000e-01 -3.14952903e-09 -4.00000000e-01  1.85000000e+00 
-4.10000000e-01  1.44000000e+00 -4.10000000e-01 -3.64619898e-09 -4.10000000e-01  1.85000000e+00 
-4.20000000e-01  1.43000000e+00 -4.20000000e-01 -4.22069380e-09 -4.20000000e-01  1.85000000e+00 
-4.30000000e-01  1.42000000e+00 -4.30000000e-01 -4.88508784e-09 -4.30000000e-01  1.85000000e+00 
-4.40000000e-01  1.41000000e+00 -4.40000000e-01 -5.65329998e-09 -4.40000000e-01  1.85000000e+00 
-4.50000000e-01  1.40000000e+00 -4.50000000e-01 -6.54136865e-09 -4.50000000e-01  1.85000000e+00 
-4.60000000e-01  1.39000000e+00 -4.60000000e-01 -7.56776616e-09 -4.60000000e-01  1.85000000e+00 
-4.70000000e-01  1.38000000e+00 -4.70000000e-01 -8.75375784e-09 -4.70000000e-01  1.85000000e+00 
-4.80000000e-01  1.37000000e+00 -4.80000000e-01 -1.01238118e-08 -4.80000000e-01  1.85000000e+00 
-4.90000000e-01  1.36000000e+00 -4.90000000e-01 -1.17060656e-08 -4.90000000e-01  1.85000000e+00 
-5.00000000e-01  1.35000000e+00 -5.00000000e-01 -1.35328581e-08 -5.00000000e-01  1.85000000e+00 
-5.10000000e-01  1.34000000e+00 -5.10000000e-01 -1.56413334e-08 -5.10000000e-01  1.85000000e+00 
-5.20000000e-01  1.33000000e+00 -5.20000000e-01 -1.80741268e-08 -5.20000000e-01  1.85000000e+00 
-5.30000000e-01  1.32000000e+00 -5.30000000e-01 -2.08801423e-08 -5.30000000e-01  1.85000000e+00 
-5.40000000e-01  1.31000000e+00 -5.40000000e-01 -2.41154327e-08 -5.40000000e-01  1.85000000e+00 
-5.50000000e-01  1.30000000e+00 -5.50000000e-01 -2.78441942e-08 -5.50000000e-01  1.85000000e+00 
-5.60000000e-01  1.29000000e+00 -5.60000000e-01 -3.21398881e-08 -5.60000000e-01  1.85000000e+00 
-5.70000000e-01  1.28000000e+00 -5.70000000e-01 -3.70865043e-08 -5.70000000e-01  1.85000000e+00 
-5.80000000e-01  1.27000000e+00 -5.80000000e-01 -4.27799810e-08 -5.80000000e-01  1.85000000e+00 
-5.90000000e-01  1.26000000e+00 -5.90000000e-01 -4.93297977e-08 -5.90000000e-01  1.85000000e+00 
-6.00000000e-01  1.25000000e+00 -6.00000000e-01 -5.68607579e-08 -6.00000000e-01  1.85000000e+00 
-6.10000000e-01  1.24000000e+00 -6.10000000e-01 -6.55149802e-08 -6.10000000e-01  1.85000000e+00 
-6.20000000e-01  1.23000000e+00 -6.20000000e-01 -7.54541180e-08 -6.20000000e-01  1.85000000e+00 
-6.30000000e-01  1.22000000e+00 -6.30000000e-01 -8.68618265e-08 -6.30000000e-01  1.85000000e+00 
-6.40000000e-01  1.21000000e+00 -6.40000000e-01 -9.99464994e-08 -6.40000000e-01  1.85000000e+00 
-6.50000000e-01  1.20000000e+00 -6.50000000e-01 -1.14944297e-07 -6.50000000e-01  1.85000000e+00 
-6.60000000e-01  1.19000000e+00 -6.60000000e-01 -1.32122486e-07 -6.60000000e-01  1.85000000e+00 
-6.70000000e-01  1.18000000e+00 -6.70000000e-01 -1.51783119e-07 -6.70000000e-01  1.85000000e+00 
-6.80000000e-01  1.17000000e+00 -6.80000000e-01 -1.74267068e-07 -6.80000000e-01  1.85000000e+00 
-6.90000000e-01  1.16000000e+00 -6.90000000e-01 -1.99958450e-07 -6.90000000e-01  1.85000000e+00 
-7.00000000e-01  1.15000000e+00 -7.00000000e-01 -2.29289442e-07 -7.00000000e-01  1.85000000e+00 
-7.10000000e-01  1.14000000e+00 -7.10000000e-01 -2.62745548e-07 -7.10000000e-01  1.85000000e+00 
-7.20000000e-01  1.13000000e+00 -7.20000000e-01 -3.00871294e-07 -7.20000000e-01  1.85000000e+00 
-7.30000000e-01  1.12000000e+00 -7.30000000e-01 -3.44276418e-07 -7.30000000e-01  1.85000000e+00 
-7.40000000e-01  1.11000000e+00 -7.40000000e-01 -3.93642543e-07 -7.40000000e-01  1.85000000e+00 
-7.50000000e-01  1.10000000e+00 -7.50000000e-01 -4.49730381e-07 -7.50000000e-01  1.85000000e+00 
-7.60000000e-01  1.09000000e+00 -7.60000000e-01 -5.13387475e-07 -7.60000000e-01  1.85000000e+00 
-7.70000000e-01  1.08000000e+00 -7.70000000e-01 -5.85556507e-07 -7.70000000e-01  1.85000000e+00 
-7.80000000e-01  1.07000000e+00 -7.80000000e-01 -6.67284198e-07 -7.80000000e-01  1.85000000e+00 
-7.90000000e-01  1.06000000e+00 -7.90000000e-01 -7.59730821e-07 -7.90000000e-01  1.85000000e+00 
-8.00000000e-01  1.05000000e+00 -8.00000000e-01 -8.64180349e-07 -8.00000000e-01  1.85000000e+00 
-8.10000000e-01  1.04000000e+00 -8.10000000e-01 -9.82051277e-07 -8.10000000e-01  1.85000000e+00 
-8.20000000e-01  1.03000000e+00 -8.20000000e-01 -1.11490812e-06 -8.20000000e-01  1.85000000e+00 
-8.30000000e-01  1.02000000e+00 -8.30000000e-01 -1.26447361e-06 -8.30000000e-01  1.85000000e+00 
-8.40000000e-01  1.01000000e+00 -8.40000000e-01 -1.43264169e-06 -8.40000000e-01  1.85000000e+00 
-8.50000000e-01  1.00000000e+00 -8.50000000e-01 -1.62149117e-06 -8.50000000e-01  1.85000000e+00 
-8.60000000e-01  9.90000000e-01 -8.60000000e-01 -1.83330017e-06 -8.60000000e-01  1.85000000e+00 
-8.70000000e-01  9.80000000e-01 -8.70000000e-01 -2.07056139e-06 -8.70000000e-01  1.85000000e+00 
-8.80000000e-01  9.70000000e-01 -8.80000000e-01 -2.33599794e-06 -8.80000000e-01  1.85000000e+00 
-8.90000000e-01  9.60000000e-01 -8.90000000e-01 -2.63258006e-06 -8.90000000e-01  1.85000000e+00 
-9.00000000e-01  9.50000000e-01 -9.00000000e-01 -2.96354221e-06 -9.00000000e-01  1.85000000e+00 
-9.10000000e-01  9.40000000e-01 -9.10000000e-01 -3.33240077e-06 -9.10000000e-01  1.85000000e+00 
-9.20000000e-01  9.30000000e-01 -9.20000000e-01 -3.74297197e-06 -9.20000000e-01  1.85000000e+00 
-9.30000000e-01  9.20000000e-01 -9.30000000e-01 -4.19938971e-06 -9.30000000e-01  1.85000000e+00 
-9.40000000e-01  9.10000000e-01 -9.40000000e-01 -4.70612321e-06 -9.40000000e-01  1.85000000e+00 
-9.50000000e-01  9.00000000e-01 -9.50000000e-01 -5.26799366e-06 -9.50000000e-01  1.85000000e+00 
-9.60000000e-01  8.90000000e-01 -9.60000000e-01 -5.89018960e-06 -9.60000000e-01  1.85000000e+00 
-9.70000000e-01  8.80000000e-01 -9.70000000e-01 -6.57828020e-06 -9.70000000e-01  1.85000000e+00 
-9.80000000e-01  8.70000000e-01 -9.80000000e-01 -7.33822559e-06 -9.80000000e-01  1.85000000e+00 
-9.90000000e-01  8.60000000e-01 -9.90000000e-01 -8.17638337e-06 -9.90000000e-01  1.85000000e+00 
-1.00000000e+00  8.50000000e-01 -1.00000000e+00 -9.09951012e-06 -1.00000000e+00  1.85000000e+00 
-1.01000000e+00  8.40000000e-01 -1.01000000e+00 -1.01147567e-05 -1.01000000e+00  1.85000000e+00 
-1.02000000e+00  8.30000000e-01 -1.02000000e+00 -1.12296563e-05 -1.02000000e+00  1.85000000e+00 
-1.03000000e+00  8.20000000e-01 -1.03000000e+00 -1.24521033e-05 -1.03000000e+00  1.85000000e+00 
-1.04000000e+00  8.10000000e-01 -1.04000000e+00 -1.37903226e-05 -1.04000000e+00  1.85000000e+00 
-1.05000000e+00  8.00000000e-01 -1.05000000e+00 -1.52528269e-05 -1.05000000e+00  1.85000000e+00 
-1.06000000e+00  7.90000000e-01 -1.06000000e+00 -1.68483629e-05 -1.06000000e+00  1.85000000e+00 
-1.07000000e+00  7.80000000e-01 -1.07000000e+00 -1.85858426e-05 -1.07000000e+00  1.85000000e+00 
-1.08000000e+00  7.70000000e-01 -1.08000000e+00 -2.04742628e-05 -1.08000000e+00  1.85000000e+00 
-1.09000000e+00  7.60000000e-01 -1.09000000e+00 -2.25226102e-05 -1.09000000e+00  1.85000000e+00 
-1.10000000e+00  7.50000000e-01 -1.10000000e+00 -2.47397539e-05 -1.10000000e+00  1.85000000e+00 
-1.11000000e+00  7.40000000e-01 -1.11000000e+00 -2.71343265e-05 -1.11000000e+00  1.85000000e+00 
-1.12000000e+00  7.30000000e-01 -1.12000000e+00 -2.97145952e-05 -1.12000000e+00  1.85000000e+00 
-1.13000000e+00  7.20000000e-01 -1.13000000e+00 -3.24883259e-05 -1.13000000e+00  1.85000000e+00 
-1.14000000e+00  7.10000000e-01 -1.14000000e+00 -3.54626440e-05 -1.14000000e+00  1.85000000e+00 
-1.15000000e+00  7.00000000e-01 -1.15000000e+00 -3.86438943e-05 -1.15000000e+00  1.85000000e+00 
-1.16000000e+00  6.90000000e-01 -1.16000000e+00 -4.20375057e-05 -1.16000000e+00  1.85000000e+00 
-1.17000000e+00  6.80000000e-01 -1.17000000e+00 -4.56478637e-05 -1.17000000e+00  1.85000000e+00 
-1.18000000e+00  6.70000000e-01 -1.18000000e+00 -4.94781968e-05 -1.18000000e+00  1.85000000e+00 
-1.19000000e+00  6.60000000e-01 -1.19000000e+00 -5.35304798e-05 -1.19000000e+00  1.85000000e+00 
-1.20000000e+00  6.50000000e-01 -1.20000000e+00 -5.78053576e-05 -1.20000000e+00  1.85000000e+00 
-1.21000000e+00  6.40000000e-01 -1.21000000e+00 -6.23020946e-05 -1.21000000e+00  1.85000000e+00 
-1.22000000e+00  6.30000000e-01 -1.22000000e+00 -6.70185493e-05 -1.22000000e+00  1.85000000e+00 
-1.23000000e+00  6.20000000e-01 -1.23000000e+00 -7.19511781e-05 -1.23000000e+00  1.85000000e+00 
-1.24000000e+00  6.10000000e-01 -1.24000000e+00 -7.70950662e-05 -1.24000000e+00  1.85000000e+00 
-1.25000000e+00  6.00000000e-01 -1.25000000e+00 -8.24439866e-05 -1.25000000e+00  1.85000000e+00 
-1.26000000e+00  5.90000000e-01 -1.26000000e+00 -8.79904843e-05 -1.26000000e+00  1.85000000e+00 
-1.27000000e+00  5.80000000e-01 -1.27000000e+00 -9.37259829e-05 -1.27000000e+00  1.85000000e+00 
-1.28000000e+00  5.70000000e-01 -1.28000000e+00 -9.96409105e-05 -1.28000000e+00  1.85000000e+00 
-1.29000000e+00  5.60000000e-01 -1.29000000e+00 -1.05724840e-04 -1.29000000e+00  1.85000000e+00 
-1.30000000e+00  5.50000000e-01 -1.30000000e+00 -1.11966641e-04 -1.30000000e+00  1.85000000e+00 
-1.31000000e+00  5.40000000e-01 -1.31000000e+00 -1.18354635e-04 -1.31000000e+00  1.85000000e+00 
-1.32000000e+00  5.30000000e-01 -1.32000000e+00 -1.24876755e-04 -1.32000000e+00  1.85000000e+00 
-1.33000000e+00  5.20000000e-01 -1.33000000e+00 -1.31520700e-04 -1.33000000e+00  1.85000000e+00 
-1.34000000e+00  5.10000000e-01 -1.34000000e+00 -1.38274083e-04 -1.34000000e+00  1.85000000e+00 
-1.35000000e+00  5.00000000e-01 -1.35000000e+00 -1.45124569e-04 -1.35000000e+00  1.85000000e+00 
-1.36000000e+00  4.90000000e-01 -1.36000000e+00 -1.52060006e-04 -1.36000000e+00  1.85000000e+00 
-1.37000000e+00  4.80000000e-01 -1.37000000e+00 -1.59068530e-04 -1.37000000e+00  1.85000000e+00 
-1.38000000e+00  4.70000000e-01 -1.38000000e+00 -1.66138668e-04 -1.38000000e+00  1.85000000e+00 
-1.39000000e+00  4.60000000e-01 -1.39000000e+00 -1.73259419e-04 -1.39000000e+00  1.85000000e+00 
-1.40000000e+00  4.50000000e-01 -1.40000000e+00 -1.80420315e-04 -1.40000000e+00  1.85000000e+00 
-1.41000000e+00  4.40000000e-01 -1.41000000e+00 -1.87611475e-04 -1.41000000e+00  1.85000000e+00 
-1.42000000e+00  4.30000000e-01 -1.42000000e+00 -1.94823641e-04 -1.42000000e+00  1.85000000e+00 
-1.43000000e+00  4.20000000e-01 -1.43000000e+00 -2.02048196e-04 -1.43000000e+00  1.85000000e+00 
-1.44000000e+00  4.10000000e-01 -1.44000000e+00 -2.09277179e-04 -1.44000000e+00  1.85000000e+00 
-1.45000000e+00  4.00000000e-01 -1.45000000e+00 -2.16503283e-04 -1.45000000e+00  1.85000000e+00 
-1.46000000e+00  3.90000000e-01 -1.46000000e+00 -2.23719841e-04 -1.46000000e+00  1.85000000e+00 
-1.47000000e+00  3.80000000e-01 -1.47000000e+00 -2.30920818e-04 -1.47000000e+00  1.85000000e+00 
-1.48000000e+00  3.70000000e-01 -1.48000000e+00 -2.38100777e-04 -1.48000000e+00  1.85000000e+00 
-1.49000000e+00  3.60000000e-01 -1.49000000e+00 -2.45254860e-04 -1.49000000e+00  1.85000000e+00 
-1.50000000e+00  3.50000000e-01 -1.50000000e+00 -2.52378752e-04 -1.50000000e+00  1.85000000e+00 
-1.51000000e+00  3.40000000e-01 -1.51000000e+00 -2.59468645e-04 -1.51000000e+00  1.85000000e+00 
-1.52000000e+00  3.30000000e-01 -1.52000000e+00 -2.66521206e-04 -1.52000000e+00  1.85000000e+00 
-1.53000000e+00  3.20000000e-01 -1.53000000e+00 -2.73533539e-04 -1.53000000e+00  1.85000000e+00 
-1.54000000e+00  3.10000000e-01 -1.54000000e+00 -2.80503150e-04 -1.54000000e+00  1.85000000e+00 
-1.55000000e+00  3.00000000e-01 -1.55000000e+00 -2.87427908e-04 -1.55000000e+00  1.85000000e+00 
-1.56000000e+00  2.90000000e-01 -1.56000000e+00 -2.94306015e-04 -1.56000000e+00  1.85000000e+00 
-1.57000000e+00  2.80000000e-01 -1.57000000e+00 -3.01135969e-04 -1.57000000e+00  1.85000000e+00 
-1.58000000e+00  2.70000000e-01 -1.58000000e+00 -3.07916535e-04 -1.58000000e+00  1.85000000e+00 
-1.59000000e+00  2.60000000e-01 -1.59000000e+00 -3.14646714e-04 -1.59000000e+00  1.85000000e+00 
-1.60000000e+00  2.50000000e-01 -1.60000000e+00 -3.21325716e-04 -1.60000000e+00  1.85000000e+00 
-1.61000000e+00  2.40000000e-01 -1.61000000e+00 -3.27952935e-04 -1.61000000e+00  1.85000000e+00 
-1.62000000e+00  2.30000000e-01 -1.62000000e+00 -3.34527923e-04 -1.62000000e+00  1.85000000e+00 
-1.63000000e+00  2.20000000e-01 -1.63000000e+00 -3.41050373e-04 -1.63000000e+00  1.85000000e+00 
-1.64000000e+00  2.10000000e-01 -1.64000000e+00 -3.47520096e-04 -1.64000000e+00  1.85000000e+00 
-1.65000000e+00  2.00000000e-01 -1.65000000e+00 -3.53937005e-04 -1.65000000e+00  1.85000000e+00 
-1.66000000e+00  1.90000000e-01 -1.66000000e+00 -3.60301097e-04 -1.66000000e+00  1.85000000e+00 
-1.67000000e+00  1.80000000e-01 -1.67000000e+00 -3.66612443e-04 -1.67000000e+00  1.85000000e+00 
-1.68000000e+00  1.70000000e-01 -1.68000000e+00 -3.72871173e-04 -1.68000000e+00  1.85000000e+00 
-1.69000000e+00  1.60000000e-01 -1.69000000e+00 -3.79077465e-04 -1.69000000e+00  1.85000000e+00 
-1.70000000e+00  1.50000000e-01 -1.70000000e+00 -3.85231535e-04 -1.70000000e+00  1.85000000e+00 
-1.71000000e+00  1.40000000e-01 -1.71000000e+00 -3.91333631e-04 -1.71000000e+00  1.85000000e+00 
-1.72000000e+00  1.30000000e-01 -1.72000000e+00 -3.97384023e-04 -1.72000000e+00  1.85000000e+00 
-1.73000000e+00  1.20000000e-01 -1.73000000e+00 -4.03382999e-04 -1.73000000e+00  1.85000000e+00 
-1.74000000e+00  1.10000000e-01 -1.74000000e+00 -4.09330857e-04 -1.74000000e+00  1.85000000e+00 
-1.75000000e+00  1.00000000e-01 -1.75000000e+00 -4.15227904e-04 -1.75000000e+00  1.85000000e+00 
-1.76000000e+00  9.00000000e-02 -1.76000000e+00 -4.21074450e-04 -1.76000000e+00  1.85000000e+00 
-1.77000000e+00  8.00000000e-02 -1.77000000e+00 -4.26870805e-04 -1.77000000e+00  1.85000000e+00 
-1.78000000e+00  7.00000000e-02 -1.78000000e+00 -4.32617277e-04 -1.78000000e+00  1.85000000e+00 
-1.79000000e+00  6.00000000e-02 -1.79000000e+00 -4.38314171e-04 -1.79000000e+00  1.85000000e+00 
-1.80000000e+00  5.00000000e-02 -1.80000000e+00 -4.43961785e-04 -1.80000000e+00  1.85000000e+00 
-1.81000000e+00  4.00000000e-02 -1.81000000e+00 -4.49560411e-04 -1.81000000e+00  1.85000000e+00 
-1.82000000e+00  3.00000000e-02 -1.82000000e+00 -4.55110334e-04 -1.82000000e+00  1.85000000e+00 
-1.83000000e+00  2.00000000e-02 -1.83000000e+00 -4.60611829e-04 -1.83000000e+00  1.85000000e+00 
-1.84000000e+00  1.00000000e-02 -1.84000000e+00 -4.66065165e-04 -1.84000000e+00  1.85000000e+00 
-1.85000000e+00 -1.33226763e-15 -1.85000000e+00 -4.71470601e-04 -1.85000000e+00  1.85000000e+00 
