 0.00000000e+00  1.85000000e+00  0.00000000e+00 -5.26697998e-12  0.00000000e+00  1.11000000e+00 
-1.00000000e-02  1.84000000e+00 -1.00000000e-02 -6.10672752e-12 -1.00000000e-02  1.11000000e+00 
-2.00000000e-02  1.83000000e+00 -2.00000000e-02 -7.08031540e-12 -2.00000000e-02  1.11000000e+00 
-3.00000000e-02  1.82000000e+00 -3.00000000e-02 -8.20906395e-12 -3.00000000e-02  1.11000000e+00 
-4.00000000e-02  1.81000000e+00 -4.00000000e-02 -9.51768689e-12 -4.00000000e-02  1.11000000e+00 
-5.00000000e-02  1.80000000e+00 -5.00000000e-02 -1.10348308e-11 -5.00000000e-02  1.11000000e+00 
-6.00000000e-02  1.79000000e+00 -6.00000000e-02 -1.27937002e-11 -6.00000000e-02  1.11000000e+00 
-7.00000000e-02  1.78000000e+00 -7.00000000e-02 -1.48327812e-11 -7.00000000e-02  1.11000000e+00 
-8.00000000e-02  1.77000000e+00 -8.00000000e-02 -1.71966811e-11 -8.00000000e-02  1.11000000e+00 
-9.00000000e-02  1.76000000e+00 -9.00000000e-02 -1.99370994e-11 -9.00000000e-02  1.11000000e+00 
-1.00000000e-01  1.75000000e+00 -1.00000000e-01 -2.31139537e-11 -1.00000000e-01  1.11000000e+00 
-1.10000000e-01  1.74000000e+00 -1.10000000e-01 -2.67966836e-11 -1.10000000e-01  1.11000000e+00 
-1.20000000e-01  1.73000000e+00 -1.20000000e-01 -3.10657601e-11 -1.20000000e-01  1.11000000e+00 
-1.30000000e-01  1.72000000e+00 -1.30000000e-01 -3.60144345e-11 -1.30000000e-01  1.11000000e+00 
-1.40000000e-01  1.71000000e+00 -1.40000000e-01 -4.17507627e-11 -1.40000000e-01  1.11000000e+00 
-1.50000000e-01  1.70000000e+00 -1.50000000e-01 -4.83999493e-11 -1.50000000e-01  1.11000000e+00 
-1.60000000e-01  1.69000000e+00 -1.60000000e-01 -5.61070615e-11 -1.60000000e-01  1.11000000e+00 
-1.70000000e-01  1.68000000e+00 -1.70000000e-01 -6.50401697e-11 -1.70000000e-01  1.11000000e+00 
-1.80000000e-01  1.67000000e+00 -1.80000000e-01 -7.53939833e-11 -1.80000000e-01  1.11000000e+00 
-1.90000000e-01  1.66000000e+00 -1.90000000e-01 -8.73940573e-11 -1.90000000e-01  1.11000000e+00 
-2.00000000e-01  1.65000000e+00 -2.00000000e-01 -1.01301660e-10 -2.00000000e-01  1.11000000e+00 
-2.10000000e-01  1.64000000e+00 -2.10000000e-01 -1.17419403e-10 -2.10000000e-01  1.11000000e+00 
-2.20000000e-01  1.63000000e+00 -2.20000000e-01 -1.36097754e-10 -2.20000000e-01  1.11000000e+00 
-2.30000000e-01  1.62000000e+00 -2.30000000e-01 -1.57742572e-10 -2.30000000e-01  1.11000000e+00 
-2.40000000e-01  1.61000000e+00 -2.40000000e-01 -1.82823808e-10 -2.40000000e-01  1.11000000e+00 
-2.50000000e-01  1.60000000e+00 -2.50000000e-01 -2.11885577e-10 -2.50000000e-01  1.11000000e+00 
-2.60000000e-01  1.59000000e+00 -2.60000000e-01 -2.45557784e-10 -2.60000000e-01  1.11000000e+00 
-2.70000000e-01  1.58000000e+00 -2.70000000e-01 -2.84569569e-10 -2.70000000e-01  1.11000000e+00 
-2.80000000e-01  1.57000000e+00 -2.80000000e-01 -3.29764827e-10 -2.80000000e-01  1.11000000e+00 
-2.90000000e-01  1.56000000e+00 -2.90000000e-01 -3.82120130e-10 -2.90000000e-01  1.11000000e+00 
-3.00000000e-01  1.55000000e+00 -3.00000000e-01 -4.42765422e-10 -3.00000000e-01  1.11000000e+00 
-3.10000000e-01  1.54000000e+00 -3.10000000e-01 -5.13007894e-10 -3.10000000e-01  1.11000000e+00 
-3.20000000e-01  1.53000000e+00 -3.20000000e-01 -5.94359524e-10 -3.20000000e-01  1.11000000e+00 
-3.30000000e-01  1.52000000e+00 -3.30000000e-01 -6.88568840e-10 -3.30000000e-01  1.11000000e+00 
-3.40000000e-01  1.51000000e+00 -3.40000000e-01 -7.97657520e-10 -3.40000000e-01  1.11000000e+00 
-3.50000000e-01  1.50000000e+00 -3.50000000e-01 -9.23962571e-10 -3.50000000e-01  1.11000000e+00 
-3.60000000e-01  1.49000000e+00 -3.60000000e-01 -1.07018485e-09 -3.60000000e-01  1.11000000e+00 
-3.70000000e-01  1.48000000e+00 -3.70000000e-01 -1.23944501e-09 -3.70000000e-01  1.11000000e+00 
-3.80000000e-01  1.47000000e+00 -3.80000000e-01 -1.43534782e-09 -3.80000000e-01  1.11000000e+00 
-3.90000000e-01  1.46000000e+00 -3.90000000e-01 -1.66205603e-09 -3.90000000e-01  1.11000000e+00 
-4.00000000e-01  1.45000000e+00 -4.00000000e-01 -1.92437537e-09 -4.00000000e-01  1.11000000e+00 
-4.10000000e-01  1.44000000e+00 -4.10000000e-01 -2.22785205e-09 -4.10000000e-01  1.11000000e+00 
-4.20000000e-01  1.43000000e+00 -4.20000000e-01 -2.57888462e-09 -4.20000000e-01  1.11000000e+00 
-4.30000000e-01  1.42000000e+00 -4.30000000e-01 -2.98485235e-09 -4.30000000e-01  1.11000000e+00 
-4.40000000e-01  1.41000000e+00 -4.40000000e-01 -3.45426212e-09 -4.40000000e-01  1.11000000e+00 
-4.50000000e-01  1.40000000e+00 -4.50000000e-01 -3.99691673e-09 -4.50000000e-01  1.11000000e+00 
-4.60000000e-01  1.39000000e+00 -4.60000000e-01 -4.62410720e-09 -4.60000000e-01  1.11000000e+00 
-4.70000000e-01  1.38000000e+00 -4.70000000e-01 -5.34883262e-09 -4.70000000e-01  1.11000000e+00 
-4.80000000e-01  1.37000000e+00 -4.80000000e-01 -6.18605094e-09 -4.80000000e-01  1.11000000e+00 
-4.90000000e-01  1.36000000e+00 -4.90000000e-01 -7.15296497e-09 -4.90000000e-01  1.11000000e+00 
-5.00000000e-01  1.35000000e+00 -5.00000000e-01 -8.26934799e-09 -5.00000000e-01  1.11000000e+00 
-5.10000000e-01  1.34000000e+00 -5.10000000e-01 -9.55791406e-09 -5.10000000e-01  1.11000000e+00 
-5.20000000e-01  1.33000000e+00 -5.20000000e-01 -1.10447387e-08 -5.20000000e-01  1.11000000e+00 
-5.30000000e-01  1.32000000e+00 -5.30000000e-01 -1.27597360e-08 -5.30000000e-01  1.11000000e+00 
-5.40000000e-01  1.31000000e+00 -5.40000000e-01 -1.47371990e-08 -5.40000000e-01  1.11000000e+00 
-5.50000000e-01  1.30000000e+00 -5.50000000e-01 -1.70164110e-08 -5.50000000e-01  1.11000000e+00 
-5.60000000e-01  1.29000000e+00 -5.60000000e-01 -1.96423358e-08 -5.60000000e-01  1.11000000e+00 
-5.70000000e-01  1.28000000e+00 -5.70000000e-01 -2.26663953e-08 -5.70000000e-01  1.11000000e+00 
-5.80000000e-01  1.27000000e+00 -5.80000000e-01 -2.61473457e-08 -5.80000000e-01  1.11000000e+00 
-5.90000000e-01  1.26000000e+00 -5.90000000e-01 -3.01522609e-08 -5.90000000e-01  1.11000000e+00 
-6.00000000e-01  1.25000000e+00 -6.00000000e-01 -3.47576354e-08 -6.00000000e-01  1.11000000e+00 
-6.10000000e-01  1.24000000e+00 -6.10000000e-01 -4.00506192e-08 -6.10000000e-01  1.11000000e+00 
-6.20000000e-01  1.23000000e+00 -6.20000000e-01 -4.61303967e-08 -6.20000000e-01  1.11000000e+00 
-6.30000000e-01  1.22000000e+00 -6.30000000e-01 -5.31097249e-08 -6.30000000e-01  1.11000000e+00 
-6.40000000e-01  1.21000000e+00 -6.40000000e-01 -6.11166435e-08 -6.40000000e-01  1.11000000e+00 
-6.50000000e-01  1.20000000e+00 -6.50000000e-01 -7.02963761e-08 -6.50000000e-01  1.11000000e+00 
-6.60000000e-01  1.19000000e+00 -6.60000000e-01 -8.08134356e-08 -6.60000000e-01  1.11000000e+00 
-6.70000000e-01  1.18000000e+00 -6.70000000e-01 -9.28539539e-08 -6.70000000e-01  1.11000000e+00 
-6.80000000e-01  1.17000000e+00 -6.80000000e-01 -1.06628255e-07 -6.80000000e-01  1.11000000e+00 
-6.90000000e-01  1.16000000e+00 -6.90000000e-01 -1.22373690e-07 -6.90000000e-01  1.11000000e+00 
-7.00000000e-01  1.15000000e+00 -7.00000000e-01 -1.40357757e-07 -7.00000000e-01  1.11000000e+00 
-7.10000000e-01  1.14000000e+00 -7.10000000e-01 -1.60881529e-07 -7.10000000e-01  1.11000000e+00 
-7.20000000e-01  1.13000000e+00 -7.20000000e-01 -1.84283415e-07 -7.20000000e-01  1.11000000e+00 
-7.30000000e-01  1.12000000e+00 -7.30000000e-01 -2.10943283e-07 -7.30000000e-01  1.11000000e+00 
-7.40000000e-01  1.11000000e+00 -7.40000000e-01 -2.41286971e-07 -7.40000000e-01  1.11000000e+00 
-7.50000000e-01  1.10000000e+00 -7.50000000e-01 -2.75791227e-07 -7.50000000e-01  1.11000000e+00 
-7.60000000e-01  1.09000000e+00 -7.60000000e-01 -3.14989104e-07 -7.60000000e-01  1.11000000e+00 
-7.70000000e-01  1.08000000e+00 -7.70000000e-01 -3.59475870e-07 -7.70000000e-01  1.11000000e+00 
-7.80000000e-01  1.07000000e+00 -7.80000000e-01 -4.09915456e-07 -7.80000000e-01  1.11000000e+00 
-7.90000000e-01  1.06000000e+00 -7.90000000e-01 -4.67047514e-07 -7.90000000e-01  1.11000000e+00 
-8.00000000e-01  1.05000000e+00 -8.00000000e-01 -5.31695135e-07 -8.00000000e-01  1.11000000e+00 
-8.10000000e-01  1.04000000e+00 -8.10000000e-01 -6.04773293e-07 -8.10000000e-01  1.11000000e+00 
-8.20000000e-01  1.03000000e+00 -8.20000000e-01 -6.87298078e-07 -8.20000000e-01  1.11000000e+00 
-8.30000000e-01  1.02000000e+00 -8.30000000e-01 -7.80396811e-07 -8.30000000e-01  1.11000000e+00 
-8.40000000e-01  1.01000000e+00 -8.40000000e-01 -8.85319097e-07 -8.40000000e-01  1.11000000e+00 
-8.50000000e-01  1.00000000e+00 -8.50000000e-01 -1.00344892e-06 -8.50000000e-01  1.11000000e+00 
-8.60000000e-01  9.90000000e-01 -8.60000000e-01 -1.13631784e-06 -8.60000000e-01  1.11000000e+00 
-8.70000000e-01  9.80000000e-01 -8.70000000e-01 -1.28561936e-06 -8.70000000e-01  1.11000000e+00 
-8.80000000e-01  9.70000000e-01 -8.80000000e-01 -1.45322459e-06 -8.80000000e-01  1.11000000e+00 
-8.90000000e-01  9.60000000e-01 -8.90000000e-01 -1.64119910e-06 -8.90000000e-01  1.11000000e+00 
-9.00000000e-01  9.50000000e-01 -9.00000000e-01 -1.85182110e-06 -9.00000000e-01  1.11000000e+00 
-9.10000000e-01  9.40000000e-01 -9.10000000e-01 -2.08760092e-06 -9.10000000e-01  1.11000000e+00 
-9.20000000e-01  9.30000000e-01 -9.20000000e-01 -2.35130154e-06 -9.20000000e-01  1.11000000e+00 
-9.30000000e-01  9.20000000e-01 -9.30000000e-01 -2.64596017e-06 -9.30000000e-01  1.11000000e+00 
-9.40000000e-01  9.10000000e-01 -9.40000000e-01 -2.97491053e-06 -9.40000000e-01  1.11000000e+00 
-9.50000000e-01  9.00000000e-01 -9.50000000e-01 -3.34180549e-06 -9.50000000e-01  1.11000000e+00 
-9.60000000e-01  8.90000000e-01 -9.60000000e-01 -3.75063952e-06 -9.60000000e-01  1.11000000e+00 
-9.70000000e-01  8.80000000e-01 -9.70000000e-01 -4.20577048e-06 -9.70000000e-01  1.11000000e+00 
-9.80000000e-01  8.70000000e-01 -9.80000000e-01 -4.71193968e-06 -9.80000000e-01  1.11000000e+00 
-9.90000000e-01  8.60000000e-01 -9.90000000e-01 -5.27428960e-06 -9.90000000e-01  1.11000000e+00 
-1.00000000e+00  8.50000000e-01 -1.00000000e+00 -5.89837783e-06 -1.00000000e+00  1.11000000e+00 
-1.01000000e+00  8.40000000e-01 -1.01000000e+00 -6.59018624e-06 -1.01000000e+00  1.11000000e+00 
-1.02000000e+00  8.30000000e-01 -1.02000000e+00 -7.35612385e-06 -1.02000000e+00  1.11000000e+00 
-1.03000000e+00  8.20000000e-01 -1.03000000e+00 -8.20302199e-06 -1.03000000e+00  1.11000000e+00 
-1.04000000e+00  8.10000000e-01 -1.04000000e+00 -9.13812025e-06 -1.04000000e+00  1.11000000e+00 
-1.05000000e+00  8.00000000e-01 -1.05000000e+00 -1.01690417e-05 -1.05000000e+00  1.11000000e+00 
-1.06000000e+00  7.90000000e-01 -1.06000000e+00 -1.13037563e-05 -1.06000000e+00  1.11000000e+00 
-1.07000000e+00  7.80000000e-01 -1.07000000e+00 -1.25505306e-05 -1.07000000e+00  1.11000000e+00 
-1.08000000e+00  7.70000000e-01 -1.08000000e+00 -1.39178645e-05 -1.08000000e+00  1.11000000e+00 
-1.09000000e+00  7.60000000e-01 -1.09000000e+00 -1.54144123e-05 -1.09000000e+00  1.11000000e+00 
-1.10000000e+00  7.50000000e-01 -1.10000000e+00 -1.70488908e-05 -1.10000000e+00  1.11000000e+00 
-1.11000000e+00  7.40000000e-01 -1.11000000e+00 -1.88299735e-05 -1.11000000e+00  1.11000000e+00 
-1.12000000e+00  7.30000000e-01 -1.12000000e+00 -2.07661724e-05 -1.12000000e+00  1.11000000e+00 
-1.13000000e+00  7.20000000e-01 -1.13000000e+00 -2.28657102e-05 -1.13000000e+00  1.11000000e+00 
-1.14000000e+00  7.10000000e-01 -1.14000000e+00 -2.51363860e-05 -1.14000000e+00  1.11000000e+00 
-1.15000000e+00  7.00000000e-01 -1.15000000e+00 -2.75854362e-05 -1.15000000e+00  1.11000000e+00 
-1.16000000e+00  6.90000000e-01 -1.16000000e+00 -3.02193962e-05 -1.16000000e+00  1.11000000e+00 
-1.17000000e+00  6.80000000e-01 -1.17000000e+00 -3.30439673e-05 -1.17000000e+00  1.11000000e+00 
-1.18000000e+00  6.70000000e-01 -1.18000000e+00 -3.60638914e-05 -1.18000000e+00  1.11000000e+00 
-1.19000000e+00  6.60000000e-01 -1.19000000e+00 -3.92828400e-05 -1.19000000e+00  1.11000000e+00 
-1.20000000e+00  6.50000000e-01 -1.20000000e+00 -4.27033205e-05 -1.20000000e+00  1.11000000e+00 
-1.21000000e+00  6.40000000e-01 -1.21000000e+00 -4.63266031e-05 -1.21000000e+00  1.11000000e+00 
-1.22000000e+00  6.30000000e-01 -1.22000000e+00 -5.01526726e-05 -1.22000000e+00  1.11000000e+00 
-1.23000000e+00  6.20000000e-01 -1.23000000e+00 -5.41802053e-05 -1.23000000e+00  1.11000000e+00 
-1.24000000e+00  6.10000000e-01 -1.24000000e+00 -5.84065724e-05 -1.24000000e+00  1.11000000e+00 
-1.25000000e+00  6.00000000e-01 -1.25000000e+00 -6.28278712e-05 -1.25000000e+00  1.11000000e+00 
-1.26000000e+00  5.90000000e-01 -1.26000000e+00 -6.74389810e-05 -1.26000000e+00  1.11000000e+00 
-1.27000000e+00  5.80000000e-01 -1.27000000e+00 -7.22336424e-05 -1.27000000e+00  1.11000000e+00 
-1.28000000e+00  5.70000000e-01 -1.28000000e+00 -7.72045571e-05 -1.28000000e+00  1.11000000e+00 
-1.29000000e+00  5.60000000e-01 -1.29000000e+00 -8.23435050e-05 -1.29000000e+00  1.11000000e+00 
-1.30000000e+00  5.50000000e-01 -1.30000000e+00 -8.76414738e-05 -1.30000000e+00  1.11000000e+00 
-1.31000000e+00  5.40000000e-01 -1.31000000e+00 -9.30887969e-05 -1.31000000e+00  1.11000000e+00 
-1.32000000e+00  5.30000000e-01 -1.32000000e+00 -9.86752961e-05 -1.32000000e+00  1.11000000e+00 
-1.33000000e+00  5.20000000e-01 -1.33000000e+00 -1.04390425e-04 -1.33000000e+00  1.11000000e+00 
-1.34000000e+00  5.10000000e-01 -1.34000000e+00 -1.10223407e-04 -1.34000000e+00  1.11000000e+00 
-1.35000000e+00  5.00000000e-01 -1.35000000e+00 -1.16163370e-04 -1.35000000e+00  1.11000000e+00 
-1.36000000e+00  4.90000000e-01 -1.36000000e+00 -1.22199468e-04 -1.36000000e+00  1.11000000e+00 
-1.37000000e+00  4.80000000e-01 -1.37000000e+00 -1.28320995e-04 -1.37000000e+00  1.11000000e+00 
-1.38000000e+00  4.70000000e-01 -1.38000000e+00 -1.34517483e-04 -1.38000000e+00  1.11000000e+00 
-1.39000000e+00  4.60000000e-01 -1.39000000e+00 -1.40778785e-04 -1.39000000e+00  1.11000000e+00 
-1.40000000e+00  4.50000000e-01 -1.40000000e+00 -1.47095152e-04 -1.40000000e+00  1.11000000e+00 
-1.41000000e+00  4.40000000e-01 -1.41000000e+00 -1.53457284e-04 -1.41000000e+00  1.11000000e+00 
-1.42000000e+00  4.30000000e-01 -1.42000000e+00 -1.59856379e-04 -1.42000000e+00  1.11000000e+00 
-1.43000000e+00  4.20000000e-01 -1.43000000e+00 -1.66284159e-04 -1.43000000e+00  1.11000000e+00 
-1.44000000e+00  4.10000000e-01 -1.44000000e+00 -1.72732894e-04 -1.44000000e+00  1.11000000e+00 
-1.45000000e+00  4.00000000e-01 -1.45000000e+00 -1.79195408e-04 -1.45000000e+00  1.11000000e+00 
-1.46000000e+00  3.90000000e-01 -1.46000000e+00 -1.85665080e-04 -1.46000000e+00  1.11000000e+00 
-1.47000000e+00  3.80000000e-01 -1.47000000e+00 -1.92135837e-04 -1.47000000e+00  1.11000000e+00 
-1.48000000e+00  3.70000000e-01 -1.48000000e+00 -1.98602136e-04 -1.48000000e+00  1.11000000e+00 
-1.49000000e+00  3.60000000e-01 -1.49000000e+00 -2.05058950e-04 -1.49000000e+00  1.11000000e+00 
-1.50000000e+00  3.50000000e-01 -1.50000000e+00 -2.11501740e-04 -1.50000000e+00  1.11000000e+00 
-1.51000000e+00  3.40000000e-01 -1.51000000e+00 -2.17926430e-04 -1.51000000e+00  1.11000000e+00 
-1.52000000e+00  3.30000000e-01 -1.52000000e+00 -2.24329377e-04 -1.52000000e+00  1.11000000e+00 
-1.53000000e+00  3.20000000e-01 -1.53000000e+00 -2.30707343e-04 -1.53000000e+00  1.11000000e+00 
-1.54000000e+00  3.10000000e-01 -1.54000000e+00 -2.37057462e-04 -1.54000000e+00  1.11000000e+00 
-1.55000000e+00  3.00000000e-01 -1.55000000e+00 -2.43377211e-04 -1.55000000e+00  1.11000000e+00 
-1.56000000e+00  2.90000000e-01 -1.56000000e+00 -2.49664378e-04 -1.56000000e+00  1.11000000e+00 
-1.57000000e+00  2.80000000e-01 -1.57000000e+00 -2.55917036e-04 -1.57000000e+00  1.11000000e+00 
-1.58000000e+00  2.70000000e-01 -1.58000000e+00 -2.62133510e-04 -1.58000000e+00  1.11000000e+00 
-1.59000000e+00  2.60000000e-01 -1.59000000e+00 -2.68312356e-04 -1.59000000e+00  1.11000000e+00 
-1.60000000e+00  2.50000000e-01 -1.60000000e+00 -2.74452332e-04 -1.60000000e+00  1.11000000e+00 
-1.61000000e+00  2.40000000e-01 -1.61000000e+00 -2.80552374e-04 -1.61000000e+00  1.11000000e+00 
-1.62000000e+00  2.30000000e-01 -1.62000000e+00 -2.86611578e-04 -1.62000000e+00  1.11000000e+00 
-1.63000000e+00  2.20000000e-01 -1.63000000e+00 -2.92629177e-04 -1.63000000e+00  1.11000000e+00 
-1.64000000e+00  2.10000000e-01 -1.64000000e+00 -2.98604523e-04 -1.64000000e+00  1.11000000e+00 
-1.65000000e+00  2.00000000e-01 -1.65000000e+00 -3.04537070e-04 -1.65000000e+00  1.11000000e+00 
-1.66000000e+00  1.90000000e-01 -1.66000000e+00 -3.10426363e-04 -1.66000000e+00  1.11000000e+00 
-1.67000000e+00  1.80000000e-01 -1.67000000e+00 -3.16272017e-04 -1.67000000e+00  1.11000000e+00 
-1.68000000e+00  1.70000000e-01 -1.68000000e+00 -3.22073710e-04 -1.68000000e+00  1.11000000e+00 
-1.69000000e+00  1.60000000e-01 -1.69000000e+00 -3.27831173e-04 -1.69000000e+00  1.11000000e+00 
-1.70000000e+00  1.50000000e-01 -1.70000000e+00 -3.33544176e-04 -1.70000000e+00  1.11000000e+00 
-1.71000000e+00  1.40000000e-01 -1.71000000e+00 -3.39212523e-04 -1.71000000e+00  1.11000000e+00 
-1.72000000e+00  1.30000000e-01 -1.72000000e+00 -3.44836044e-04 -1.72000000e+00  1.11000000e+00 
-1.73000000e+00  1.20000000e-01 -1.73000000e+00 -3.50414588e-04 -1.73000000e+00  1.11000000e+00 
-1.74000000e+00  1.10000000e-01 -1.74000000e+00 -3.55948017e-04 -1.74000000e+00  1.11000000e+00 
-1.75000000e+00  1.00000000e-01 -1.75000000e+00 -3.61436204e-04 -1.75000000e+00  1.11000000e+00 
-1.76000000e+00  9.00000000e-02 -1.76000000e+00 -3.66879024e-04 -1.76000000e+00  1.11000000e+00 
-1.77000000e+00  8.00000000e-02 -1.77000000e+00 -3.72276356e-04 -1.77000000e+00  1.11000000e+00 
-1.78000000e+00  7.00000000e-02 -1.78000000e+00 -3.77628078e-04 -1.78000000e+00  1.11000000e+00 
-1.79000000e+00  6.00000000e-02 -1.79000000e+00 -3.82934062e-04 -1.79000000e+00  1.11000000e+00 
-1.80000000e+00  5.00000000e-02 -1.80000000e+00 -3.88194177e-04 -1.80000000e+00  1.11000000e+00 
-1.81000000e+00  4.00000000e-02 -1.81000000e+00 -3.93408284e-04 -1.81000000e+00  1.11000000e+00 
-1.82000000e+00  3.00000000e-02 -1.82000000e+00 -3.98576237e-04 -1.82000000e+00  1.11000000e+00 
-1.83000000e+00  2.00000000e-02 -1.83000000e+00 -4.03697882e-04 -1.83000000e+00  1.11000000e+00 
-1.84000000e+00  1.00000000e-02 -1.84000000e+00 -4.08773054e-04 -1.84000000e+00  1.11000000e+00 
-1.85000000e+00 -1.33226763e-15 -1.85000000e+00 -4.13801581e-04 -1.85000000e+00  1.11000000e+00 
