 0.00000000e+00  1.85000000e+00  0.00000000e+00 -1.89242550e-12  0.00000000e+00  3.70000000e-01 
-1.00000000e-02  1.84000000e+00 -1.00000000e-02 -2.19414684e-12 -1.00000000e-02  3.70000000e-01 
-2.00000000e-02  1.83000000e+00 -2.00000000e-02 -2.54395707e-12 -2.00000000e-02  3.70000000e-01 
-3.00000000e-02  1.82000000e+00 -3.00000000e-02 -2.94951659e-12 -3.00000000e-02  3.70000000e-01 
-4.00000000e-02  1.81000000e+00 -4.00000000e-02 -3.41970509e-12 -4.00000000e-02  3.70000000e-01 
-5.00000000e-02  1.80000000e+00 -5.00000000e-02 -3.96481531e-12 -5.00000000e-02  3.70000000e-01 
-6.00000000e-02  1.79000000e+00 -6.00000000e-02 -4.59677767e-12 -6.00000000e-02  3.70000000e-01 
-7.00000000e-02  1.78000000e+00 -7.00000000e-02 -5.32942037e-12 -7.00000000e-02  3.70000000e-01 
-8.00000000e-02  1.77000000e+00 -8.00000000e-02 -6.17877084e-12 -8.00000000e-02  3.70000000e-01 
-9.00000000e-02  1.76000000e+00 -9.00000000e-02 -7.16340489e-12 -9.00000000e-02  3.70000000e-01 
-1.00000000e-01  1.75000000e+00 -1.00000000e-01 -8.30485111e-12 -1.00000000e-01  3.70000000e-01 
-1.10000000e-01  1.74000000e+00 -1.10000000e-01 -9.62805937e-12 -1.10000000e-01  3.70000000e-01 
-1.20000000e-01  1.73000000e+00 -1.20000000e-01 -1.11619433e-11 -1.20000000e-01  3.70000000e-01 
-1.30000000e-01  1.72000000e+00 -1.30000000e-01 -1.29400084e-11 -1.30000000e-01  3.70000000e-01 
-1.40000000e-01  1.71000000e+00 -1.40000000e-01 -1.50010800e-11 -1.40000000e-01  3.70000000e-01 
-1.50000000e-01  1.70000000e+00 -1.50000000e-01 -1.73901448e-11 -1.50000000e-01  3.70000000e-01 
-1.60000000e-01  1.69000000e+00 -1.60000000e-01 -2.01593267e-11 -1.60000000e-01  3.70000000e-01 
-1.70000000e-01  1.68000000e+00 -1.70000000e-01 -2.33690148e-11 -1.70000000e-01  3.70000000e-01 
-1.80000000e-01  1.67000000e+00 -1.80000000e-01 -2.70891704e-11 -1.80000000e-01  3.70000000e-01 
-1.90000000e-01  1.66000000e+00 -1.90000000e-01 -3.14008380e-11 -1.90000000e-01  3.70000000e-01 
-2.00000000e-01  1.65000000e+00 -2.00000000e-01 -3.63978951e-11 -2.00000000e-01  3.70000000e-01 
-2.10000000e-01  1.64000000e+00 -2.10000000e-01 -4.21890752e-11 -2.10000000e-01  3.70000000e-01 
-2.20000000e-01  1.63000000e+00 -2.20000000e-01 -4.89003083e-11 -2.20000000e-01  3.70000000e-01 
-2.30000000e-01  1.62000000e+00 -2.30000000e-01 -5.66774278e-11 -2.30000000e-01  3.70000000e-01 
-2.40000000e-01  1.61000000e+00 -2.40000000e-01 -6.56893000e-11 -2.40000000e-01  3.70000000e-01 
-2.50000000e-01  1.60000000e+00 -2.50000000e-01 -7.61314411e-11 -2.50000000e-01  3.70000000e-01 
-2.60000000e-01  1.59000000e+00 -2.60000000e-01 -8.82301987e-11 -2.60000000e-01  3.70000000e-01 
-2.70000000e-01  1.58000000e+00 -2.70000000e-01 -1.02247582e-10 -2.70000000e-01  3.70000000e-01 
-2.80000000e-01  1.57000000e+00 -2.80000000e-01 -1.18486841e-10 -2.80000000e-01  3.70000000e-01 
-2.90000000e-01  1.56000000e+00 -2.90000000e-01 -1.37298912e-10 -2.90000000e-01  3.70000000e-01 
-3.00000000e-01  1.55000000e+00 -3.00000000e-01 -1.59089856e-10 -3.00000000e-01  3.70000000e-01 
-3.10000000e-01  1.54000000e+00 -3.10000000e-01 -1.84329439e-10 -3.10000000e-01  3.70000000e-01 
-3.20000000e-01  1.53000000e+00 -3.20000000e-01 -2.13561046e-10 -3.20000000e-01  3.70000000e-01 
-3.30000000e-01  1.52000000e+00 -3.30000000e-01 -2.47413091e-10 -3.30000000e-01  3.70000000e-01 
-3.40000000e-01  1.51000000e+00 -3.40000000e-01 -2.86612195e-10 -3.40000000e-01  3.70000000e-01 
-3.50000000e-01  1.50000000e+00 -3.50000000e-01 -3.31998351e-10 -3.50000000e-01  3.70000000e-01 
-3.60000000e-01  1.49000000e+00 -3.60000000e-01 -3.84542388e-10 -3.60000000e-01  3.70000000e-01 
-3.70000000e-01  1.48000000e+00 -3.70000000e-01 -4.45366110e-10 -3.70000000e-01  3.70000000e-01 
-3.80000000e-01  1.47000000e+00 -3.80000000e-01 -5.15765444e-10 -3.80000000e-01  3.70000000e-01 
-3.90000000e-01  1.46000000e+00 -3.90000000e-01 -5.97237059e-10 -3.90000000e-01  3.70000000e-01 
-4.00000000e-01  1.45000000e+00 -4.00000000e-01 -6.91508971e-10 -4.00000000e-01  3.70000000e-01 
-4.10000000e-01  1.44000000e+00 -4.10000000e-01 -8.00575693e-10 -4.10000000e-01  3.70000000e-01 
-4.20000000e-01  1.43000000e+00 -4.20000000e-01 -9.26738592e-10 -4.20000000e-01  3.70000000e-01 
-4.30000000e-01  1.42000000e+00 -4.30000000e-01 -1.07265218e-09 -4.30000000e-01  3.70000000e-01 
-4.40000000e-01  1.41000000e+00 -4.40000000e-01 -1.24137720e-09 -4.40000000e-01  3.70000000e-01 
-4.50000000e-01  1.40000000e+00 -4.50000000e-01 -1.43644140e-09 -4.50000000e-01  3.70000000e-01 
-4.60000000e-01  1.39000000e+00 -4.60000000e-01 -1.66190913e-09 -4.60000000e-01  3.70000000e-01 
-4.70000000e-01  1.38000000e+00 -4.70000000e-01 -1.92246095e-09 -4.70000000e-01  3.70000000e-01 
-4.80000000e-01  1.37000000e+00 -4.80000000e-01 -2.22348454e-09 -4.80000000e-01  3.70000000e-01 
-4.90000000e-01  1.36000000e+00 -4.90000000e-01 -2.57117857e-09 -4.90000000e-01  3.70000000e-01 
-5.00000000e-01  1.35000000e+00 -5.00000000e-01 -2.97267113e-09 -5.00000000e-01  3.70000000e-01 
-5.10000000e-01  1.34000000e+00 -5.10000000e-01 -3.43615467e-09 -5.10000000e-01  3.70000000e-01 
-5.20000000e-01  1.33000000e+00 -5.20000000e-01 -3.97103970e-09 -5.20000000e-01  3.70000000e-01 
-5.30000000e-01  1.32000000e+00 -5.30000000e-01 -4.58812951e-09 -5.30000000e-01  3.70000000e-01 
-5.40000000e-01  1.31000000e+00 -5.40000000e-01 -5.29981877e-09 -5.40000000e-01  3.70000000e-01 
-5.50000000e-01  1.30000000e+00 -5.50000000e-01 -6.12031885e-09 -5.50000000e-01  3.70000000e-01 
-5.60000000e-01  1.29000000e+00 -5.60000000e-01 -7.06591339e-09 -5.60000000e-01  3.70000000e-01 
-5.70000000e-01  1.28000000e+00 -5.70000000e-01 -8.15524778e-09 -5.70000000e-01  3.70000000e-01 
-5.80000000e-01  1.27000000e+00 -5.80000000e-01 -9.40965680e-09 -5.80000000e-01  3.70000000e-01 
-5.90000000e-01  1.26000000e+00 -5.90000000e-01 -1.08535350e-08 -5.90000000e-01  3.70000000e-01 
-6.00000000e-01  1.25000000e+00 -6.00000000e-01 -1.25147552e-08 -6.00000000e-01  3.70000000e-01 
-6.10000000e-01  1.24000000e+00 -6.10000000e-01 -1.44251410e-08 -6.10000000e-01  3.70000000e-01 
-6.20000000e-01  1.23000000e+00 -6.20000000e-01 -1.66209997e-08 -6.20000000e-01  3.70000000e-01 
-6.30000000e-01  1.22000000e+00 -6.30000000e-01 -1.91437237e-08 -6.30000000e-01  3.70000000e-01 
-6.40000000e-01  1.21000000e+00 -6.40000000e-01 -2.20404676e-08 -6.40000000e-01  3.70000000e-01 
-6.50000000e-01  1.20000000e+00 -6.50000000e-01 -2.53649122e-08 -6.50000000e-01  3.70000000e-01 
-6.60000000e-01  1.19000000e+00 -6.60000000e-01 -2.91781257e-08 -6.60000000e-01  3.70000000e-01 
-6.70000000e-01  1.18000000e+00 -6.70000000e-01 -3.35495341e-08 -6.70000000e-01  3.70000000e-01 
-6.80000000e-01  1.17000000e+00 -6.80000000e-01 -3.85580163e-08 -6.80000000e-01  3.70000000e-01 
-6.90000000e-01  1.16000000e+00 -6.90000000e-01 -4.42931413e-08 -6.90000000e-01  3.70000000e-01 
-7.00000000e-01  1.15000000e+00 -7.00000000e-01 -5.08565655e-08 -7.00000000e-01  3.70000000e-01 
-7.10000000e-01  1.14000000e+00 -7.10000000e-01 -5.83636154e-08 -7.10000000e-01  3.70000000e-01 
-7.20000000e-01  1.13000000e+00 -7.20000000e-01 -6.69450806e-08 -7.20000000e-01  3.70000000e-01 
-7.30000000e-01  1.12000000e+00 -7.30000000e-01 -7.67492512e-08 -7.30000000e-01  3.70000000e-01 
-7.40000000e-01  1.11000000e+00 -7.40000000e-01 -8.79442345e-08 -7.40000000e-01  3.70000000e-01 
-7.50000000e-01  1.10000000e+00 -7.50000000e-01 -1.00720597e-07 -7.50000000e-01  3.70000000e-01 
-7.60000000e-01  1.09000000e+00 -7.60000000e-01 -1.15294381e-07 -7.60000000e-01  3.70000000e-01 
-7.70000000e-01  1.08000000e+00 -7.70000000e-01 -1.31910554e-07 -7.70000000e-01  3.70000000e-01 
-7.80000000e-01  1.07000000e+00 -7.80000000e-01 -1.50846966e-07 -7.80000000e-01  3.70000000e-01 
-7.90000000e-01  1.06000000e+00 -7.90000000e-01 -1.72418886e-07 -7.90000000e-01  3.70000000e-01 
-8.00000000e-01  1.05000000e+00 -8.00000000e-01 -1.96984207e-07 -8.00000000e-01  3.70000000e-01 
-8.10000000e-01  1.04000000e+00 -8.10000000e-01 -2.24949435e-07 -8.10000000e-01  3.70000000e-01 
-8.20000000e-01  1.03000000e+00 -8.20000000e-01 -2.56776552e-07 -8.20000000e-01  3.70000000e-01 
-8.30000000e-01  1.02000000e+00 -8.30000000e-01 -2.92990899e-07 -8.30000000e-01  3.70000000e-01 
-8.40000000e-01  1.01000000e+00 -8.40000000e-01 -3.34190200e-07 -8.40000000e-01  3.70000000e-01 
-8.50000000e-01  1.00000000e+00 -8.50000000e-01 -3.81054865e-07 -8.50000000e-01  3.70000000e-01 
-8.60000000e-01  9.90000000e-01 -8.60000000e-01 -4.34359734e-07 -8.60000000e-01  3.70000000e-01 
-8.70000000e-01  9.80000000e-01 -8.70000000e-01 -4.94987381e-07 -8.70000000e-01  3.70000000e-01 
-8.80000000e-01  9.70000000e-01 -8.80000000e-01 -5.63943128e-07 -8.80000000e-01  3.70000000e-01 
-8.90000000e-01  9.60000000e-01 -8.90000000e-01 -6.42371890e-07 -8.90000000e-01  3.70000000e-01 
-9.00000000e-01  9.50000000e-01 -9.00000000e-01 -7.31576916e-07 -9.00000000e-01  3.70000000e-01 
-9.10000000e-01  9.40000000e-01 -9.10000000e-01 -8.33040497e-07 -9.10000000e-01  3.70000000e-01 
-9.20000000e-01  9.30000000e-01 -9.20000000e-01 -9.48446612e-07 -9.20000000e-01  3.70000000e-01 
-9.30000000e-01  9.20000000e-01 -9.30000000e-01 -1.07970543e-06 -9.30000000e-01  3.70000000e-01 
-9.40000000e-01  9.10000000e-01 -9.40000000e-01 -1.22897944e-06 -9.40000000e-01  3.70000000e-01 
-9.50000000e-01  9.00000000e-01 -9.50000000e-01 -1.39871103e-06 -9.50000000e-01  3.70000000e-01 
-9.60000000e-01  8.90000000e-01 -9.60000000e-01 -1.59165082e-06 -9.60000000e-01  3.70000000e-01 
-9.70000000e-01  8.80000000e-01 -9.70000000e-01 -1.81088643e-06 -9.70000000e-01  3.70000000e-01 
-9.80000000e-01  8.70000000e-01 -9.80000000e-01 -2.05987072e-06 -9.80000000e-01  3.70000000e-01 
-9.90000000e-01  8.60000000e-01 -9.90000000e-01 -2.34244849e-06 -9.90000000e-01  3.70000000e-01 
-1.00000000e+00  8.50000000e-01 -1.00000000e+00 -2.66288065e-06 -1.00000000e+00  3.70000000e-01 
-1.01000000e+00  8.40000000e-01 -1.01000000e+00 -3.02586430e-06 -1.01000000e+00  3.70000000e-01 
-1.02000000e+00  8.30000000e-01 -1.02000000e+00 -3.43654729e-06 -1.02000000e+00  3.70000000e-01 
-1.03000000e+00  8.20000000e-01 -1.03000000e+00 -3.90053559e-06 -1.03000000e+00  3.70000000e-01 
-1.04000000e+00  8.10000000e-01 -1.04000000e+00 -4.42389166e-06 -1.04000000e+00  3.70000000e-01 
-1.05000000e+00  8.00000000e-01 -1.05000000e+00 -5.01312198e-06 -1.05000000e+00  3.70000000e-01 
-1.06000000e+00  7.90000000e-01 -1.06000000e+00 -5.67515218e-06 -1.06000000e+00  3.70000000e-01 
-1.07000000e+00  7.80000000e-01 -1.07000000e+00 -6.41728801e-06 -1.07000000e+00  3.70000000e-01 
-1.08000000e+00  7.70000000e-01 -1.08000000e+00 -7.24716103e-06 -1.08000000e+00  3.70000000e-01 
-1.09000000e+00  7.60000000e-01 -1.09000000e+00 -8.17265795e-06 -1.09000000e+00  3.70000000e-01 
-1.10000000e+00  7.50000000e-01 -1.10000000e+00 -9.20183344e-06 -1.10000000e+00  3.70000000e-01 
-1.11000000e+00  7.40000000e-01 -1.11000000e+00 -1.03428065e-05 -1.11000000e+00  3.70000000e-01 
-1.12000000e+00  7.30000000e-01 -1.12000000e+00 -1.16036413e-05 -1.12000000e+00  3.70000000e-01 
-1.13000000e+00  7.20000000e-01 -1.13000000e+00 -1.29922145e-05 -1.13000000e+00  3.70000000e-01 
-1.14000000e+00  7.10000000e-01 -1.14000000e+00 -1.45160716e-05 -1.14000000e+00  3.70000000e-01 
-1.15000000e+00  7.00000000e-01 -1.15000000e+00 -1.61822748e-05 -1.15000000e+00  3.70000000e-01 
-1.16000000e+00  6.90000000e-01 -1.16000000e+00 -1.79972473e-05 -1.16000000e+00  3.70000000e-01 
-1.17000000e+00  6.80000000e-01 -1.17000000e+00 -1.99666193e-05 -1.17000000e+00  3.70000000e-01 
-1.18000000e+00  6.70000000e-01 -1.18000000e+00 -2.20950781e-05 -1.18000000e+00  3.70000000e-01 
-1.19000000e+00  6.60000000e-01 -1.19000000e+00 -2.43862306e-05 -1.19000000e+00  3.70000000e-01 
-1.20000000e+00  6.50000000e-01 -1.20000000e+00 -2.68424813e-05 -1.20000000e+00  3.70000000e-01 
-1.21000000e+00  6.40000000e-01 -1.21000000e+00 -2.94649314e-05 -1.21000000e+00  3.70000000e-01 
-1.22000000e+00  6.30000000e-01 -1.22000000e+00 -3.22533039e-05 -1.22000000e+00  3.70000000e-01 
-1.23000000e+00  6.20000000e-01 -1.23000000e+00 -3.52058964e-05 -1.23000000e+00  3.70000000e-01 
-1.24000000e+00  6.10000000e-01 -1.24000000e+00 -3.83195665e-05 -1.24000000e+00  3.70000000e-01 
-1.25000000e+00  6.00000000e-01 -1.25000000e+00 -4.15897497e-05 -1.25000000e+00  3.70000000e-01 
-1.26000000e+00  5.90000000e-01 -1.26000000e+00 -4.50105093e-05 -1.26000000e+00  3.70000000e-01 
-1.27000000e+00  5.80000000e-01 -1.27000000e+00 -4.85746196e-05 -1.27000000e+00  3.70000000e-01 
-1.28000000e+00  5.70000000e-01 -1.28000000e+00 -5.22736767e-05 -1.28000000e+00  3.70000000e-01 
-1.29000000e+00  5.60000000e-01 -1.29000000e+00 -5.60982355e-05 -1.29000000e+00  3.70000000e-01 
-1.30000000e+00  5.50000000e-01 -1.30000000e+00 -6.00379669e-05 -1.30000000e+00  3.70000000e-01 
-1.31000000e+00  5.40000000e-01 -1.31000000e+00 -6.40818311e-05 -1.31000000e+00  3.70000000e-01 
-1.32000000e+00  5.30000000e-01 -1.32000000e+00 -6.82182586e-05 -1.32000000e+00  3.70000000e-01 
-1.33000000e+00  5.20000000e-01 -1.33000000e+00 -7.24353358e-05 -1.33000000e+00  3.70000000e-01 
-1.34000000e+00  5.10000000e-01 -1.34000000e+00 -7.67209867e-05 -1.34000000e+00  3.70000000e-01 
-1.35000000e+00  5.00000000e-01 -1.35000000e+00 -8.10631469e-05 -1.35000000e+00  3.70000000e-01 
-1.36000000e+00  4.90000000e-01 -1.36000000e+00 -8.54499243e-05 -1.36000000e+00  3.70000000e-01 
-1.37000000e+00  4.80000000e-01 -1.37000000e+00 -8.98697428e-05 -1.37000000e+00  3.70000000e-01 
-1.38000000e+00  4.70000000e-01 -1.38000000e+00 -9.43114671e-05 -1.38000000e+00  3.70000000e-01 
-1.39000000e+00  4.60000000e-01 -1.39000000e+00 -9.87645055e-05 -1.39000000e+00  3.70000000e-01 
-1.40000000e+00  4.50000000e-01 -1.40000000e+00 -1.03218892e-04 -1.40000000e+00  3.70000000e-01 
-1.41000000e+00  4.40000000e-01 -1.41000000e+00 -1.07665346e-04 -1.41000000e+00  3.70000000e-01 
-1.42000000e+00  4.30000000e-01 -1.42000000e+00 -1.12095312e-04 -1.42000000e+00  3.70000000e-01 
-1.43000000e+00  4.20000000e-01 -1.43000000e+00 -1.16500982e-04 -1.43000000e+00  3.70000000e-01 
-1.44000000e+00  4.10000000e-01 -1.44000000e+00 -1.20875298e-04 -1.44000000e+00  3.70000000e-01 
-1.45000000e+00  4.00000000e-01 -1.45000000e+00 -1.25211946e-04 -1.45000000e+00  3.70000000e-01 
-1.46000000e+00  3.90000000e-01 -1.46000000e+00 -1.29505332e-04 -1.46000000e+00  3.70000000e-01 
-1.47000000e+00  3.80000000e-01 -1.47000000e+00 -1.33750554e-04 -1.47000000e+00  3.70000000e-01 
-1.48000000e+00  3.70000000e-01 -1.48000000e+00 -1.37943366e-04 -1.48000000e+00  3.70000000e-01 
-1.49000000e+00  3.60000000e-01 -1.49000000e+00 -1.42080131e-04 -1.49000000e+00  3.70000000e-01 
-1.50000000e+00  3.50000000e-01 -1.50000000e+00 -1.46157782e-04 -1.50000000e+00  3.70000000e-01 
-1.51000000e+00  3.40000000e-01 -1.51000000e+00 -1.50173772e-04 -1.51000000e+00  3.70000000e-01 
-1.52000000e+00  3.30000000e-01 -1.52000000e+00 -1.54126027e-04 -1.52000000e+00  3.70000000e-01 
-1.53000000e+00  3.20000000e-01 -1.53000000e+00 -1.58012902e-04 -1.53000000e+00  3.70000000e-01 
-1.54000000e+00  3.10000000e-01 -1.54000000e+00 -1.61833133e-04 -1.54000000e+00  3.70000000e-01 
-1.55000000e+00  3.00000000e-01 -1.55000000e+00 -1.65585797e-04 -1.55000000e+00  3.70000000e-01 
-1.56000000e+00  2.90000000e-01 -1.56000000e+00 -1.69270273e-04 -1.56000000e+00  3.70000000e-01 
-1.57000000e+00  2.80000000e-01 -1.57000000e+00 -1.72886199e-04 -1.57000000e+00  3.70000000e-01 
-1.58000000e+00  2.70000000e-01 -1.58000000e+00 -1.76433444e-04 -1.58000000e+00  3.70000000e-01 
-1.59000000e+00  2.60000000e-01 -1.59000000e+00 -1.79912075e-04 -1.59000000e+00  3.70000000e-01 
-1.60000000e+00  2.50000000e-01 -1.60000000e+00 -1.83322325e-04 -1.60000000e+00  3.70000000e-01 
-1.61000000e+00  2.40000000e-01 -1.61000000e+00 -1.86664572e-04 -1.61000000e+00  3.70000000e-01 
-1.62000000e+00  2.30000000e-01 -1.62000000e+00 -1.89939313e-04 -1.62000000e+00  3.70000000e-01 
-1.63000000e+00  2.20000000e-01 -1.63000000e+00 -1.93147145e-04 -1.63000000e+00  3.70000000e-01 
-1.64000000e+00  2.10000000e-01 -1.64000000e+00 -1.96288748e-04 -1.64000000e+00  3.70000000e-01 
-1.65000000e+00  2.00000000e-01 -1.65000000e+00 -1.99364868e-04 -1.65000000e+00  3.70000000e-01 
-1.66000000e+00  1.90000000e-01 -1.66000000e+00 -2.02376302e-04 -1.66000000e+00  3.70000000e-01 
-1.67000000e+00  1.80000000e-01 -1.67000000e+00 -2.05323889e-04 -1.67000000e+00  3.70000000e-01 
-1.68000000e+00  1.70000000e-01 -1.68000000e+00 -2.08208499e-04 -1.68000000e+00  3.70000000e-01 
-1.69000000e+00  1.60000000e-01 -1.69000000e+00 -2.11031023e-04 -1.69000000e+00  3.70000000e-01 
-1.70000000e+00  1.50000000e-01 -1.70000000e+00 -2.13792366e-04 -1.70000000e+00  3.70000000e-01 
-1.71000000e+00  1.40000000e-01 -1.71000000e+00 -2.16493441e-04 -1.71000000e+00  3.70000000e-01 
-1.72000000e+00  1.30000000e-01 -1.72000000e+00 -2.19135166e-04 -1.72000000e+00  3.70000000e-01 
-1.73000000e+00  1.20000000e-01 -1.73000000e+00 -2.21718455e-04 -1.73000000e+00  3.70000000e-01 
-1.74000000e+00  1.10000000e-01 -1.74000000e+00 -2.24244219e-04 -1.74000000e+00  3.70000000e-01 
-1.75000000e+00  1.00000000e-01 -1.75000000e+00 -2.26713359e-04 -1.75000000e+00  3.70000000e-01 
-1.76000000e+00  9.00000000e-02 -1.76000000e+00 -2.29126769e-04 -1.76000000e+00  3.70000000e-01 
-1.77000000e+00  8.00000000e-02 -1.77000000e+00 -2.31485330e-04 -1.77000000e+00  3.70000000e-01 
-1.78000000e+00  7.00000000e-02 -1.78000000e+00 -2.33789908e-04 -1.78000000e+00  3.70000000e-01 
-1.79000000e+00  6.00000000e-02 -1.79000000e+00 -2.36041360e-04 -1.79000000e+00  3.70000000e-01 
-1.80000000e+00  5.00000000e-02 -1.80000000e+00 -2.38240522e-04 -1.80000000e+00  3.70000000e-01 
-1.81000000e+00  4.00000000e-02 -1.81000000e+00 -2.40388221e-04 -1.81000000e+00  3.70000000e-01 
-1.82000000e+00  3.00000000e-02 -1.82000000e+00 -2.42485264e-04 -1.82000000e+00  3.70000000e-01 
-1.83000000e+00  2.00000000e-02 -1.83000000e+00 -2.44532447e-04 -1.83000000e+00  3.70000000e-01 
-1.84000000e+00  1.00000000e-02 -1.84000000e+00 -2.46530549e-04 -1.84000000e+00  3.70000000e-01 
-1.85000000e+00 -1.33226763e-15 -1.85000000e+00 -2.48480334e-04 -1.85000000e+00  3.70000000e-01 
