 0.00000000e+00  1.85000000e+00  0.00000000e+00 -3.58615798e-12  0.00000000e+00  7.40000000e-01 
-1.00000000e-02  1.84000000e+00 -1.00000000e-02 -4.15792162e-12 -1.00000000e-02  7.40000000e-01 
-2.00000000e-02  1.83000000e+00 -2.00000000e-02 -4.82081392e-12 -2.00000000e-02  7.40000000e-01 
-3.00000000e-02  1.82000000e+00 -3.00000000e-02 -5.58935136e-12 -3.00000000e-02  7.40000000e-01 
-4.00000000e-02  1.81000000e+00 -4.00000000e-02 -6.48036094e-12 -4.00000000e-02  7.40000000e-01 
-5.00000000e-02  1.80000000e+00 -5.00000000e-02 -7.51334745e-12 -5.00000000e-02  7.40000000e-01 
-6.00000000e-02  1.79000000e+00 -6.00000000e-02 -8.71091899e-12 -6.00000000e-02  7.40000000e-01 
-7.00000000e-02  1.78000000e+00 -7.00000000e-02 -1.00992800e-11 -7.00000000e-02  7.40000000e-01 
-8.00000000e-02  1.77000000e+00 -8.00000000e-02 -1.17088024e-11 -8.00000000e-02  7.40000000e-01 
-9.00000000e-02  1.76000000e+00 -9.00000000e-02 -1.35746873e-11 -9.00000000e-02  7.40000000e-01 
-1.00000000e-01  1.75000000e+00 -1.00000000e-01 -1.57377312e-11 -1.00000000e-01  7.40000000e-01 
-1.10000000e-01  1.74000000e+00 -1.10000000e-01 -1.82452139e-11 -1.10000000e-01  7.40000000e-01 
-1.20000000e-01  1.73000000e+00 -1.20000000e-01 -2.11519264e-11 -1.20000000e-01  7.40000000e-01 
-1.30000000e-01  1.72000000e+00 -1.30000000e-01 -2.45213614e-11 -1.30000000e-01  7.40000000e-01 
-1.40000000e-01  1.71000000e+00 -1.40000000e-01 -2.84270919e-11 -1.40000000e-01  7.40000000e-01 
-1.50000000e-01  1.70000000e+00 -1.50000000e-01 -3.29543672e-11 -1.50000000e-01  7.40000000e-01 
-1.60000000e-01  1.69000000e+00 -1.60000000e-01 -3.82019603e-11 -1.60000000e-01  7.40000000e-01 
-1.70000000e-01  1.68000000e+00 -1.70000000e-01 -4.42843073e-11 -1.70000000e-01  7.40000000e-01 
-1.80000000e-01  1.67000000e+00 -1.80000000e-01 -5.13339821e-11 -1.80000000e-01  7.40000000e-01 
-1.90000000e-01  1.66000000e+00 -1.90000000e-01 -5.95045608e-11 -1.90000000e-01  7.40000000e-01 
-2.00000000e-01  1.65000000e+00 -2.00000000e-01 -6.89739366e-11 -2.00000000e-01  7.40000000e-01 
-2.10000000e-01  1.64000000e+00 -2.10000000e-01 -7.99481530e-11 -2.10000000e-01  7.40000000e-01 
-2.20000000e-01  1.63000000e+00 -2.20000000e-01 -9.26658392e-11 -2.20000000e-01  7.40000000e-01 
-2.30000000e-01  1.62000000e+00 -2.30000000e-01 -1.07403338e-10 -2.30000000e-01  7.40000000e-01 
-2.40000000e-01  1.61000000e+00 -2.40000000e-01 -1.24480634e-10 -2.40000000e-01  7.40000000e-01 
-2.50000000e-01  1.60000000e+00 -2.50000000e-01 -1.44268210e-10 -2.50000000e-01  7.40000000e-01 
-2.60000000e-01  1.59000000e+00 -2.60000000e-01 -1.67194965e-10 -2.60000000e-01  7.40000000e-01 
-2.70000000e-01  1.58000000e+00 -2.70000000e-01 -1.93757367e-10 -2.70000000e-01  7.40000000e-01 
-2.80000000e-01  1.57000000e+00 -2.80000000e-01 -2.24530024e-10 -2.80000000e-01  7.40000000e-01 
-2.90000000e-01  1.56000000e+00 -2.90000000e-01 -2.60177887e-10 -2.90000000e-01  7.40000000e-01 
-3.00000000e-01  1.55000000e+00 -3.00000000e-01 -3.01470343e-10 -3.00000000e-01  7.40000000e-01 
-3.10000000e-01  1.54000000e+00 -3.10000000e-01 -3.49297476e-10 -3.10000000e-01  7.40000000e-01 
-3.20000000e-01  1.53000000e+00 -3.20000000e-01 -4.04688819e-10 -3.20000000e-01  7.40000000e-01 
-3.30000000e-01  1.52000000e+00 -3.30000000e-01 -4.68834989e-10 -3.30000000e-01  7.40000000e-01 
-3.40000000e-01  1.51000000e+00 -3.40000000e-01 -5.43112615e-10 -3.40000000e-01  7.40000000e-01 
-3.50000000e-01  1.50000000e+00 -3.50000000e-01 -6.29113063e-10 -3.50000000e-01  7.40000000e-01 
-3.60000000e-01  1.49000000e+00 -3.60000000e-01 -7.28675490e-10 -3.60000000e-01  7.40000000e-01 
-3.70000000e-01  1.48000000e+00 -3.70000000e-01 -8.43924957e-10 -3.70000000e-01  7.40000000e-01 
-3.80000000e-01  1.47000000e+00 -3.80000000e-01 -9.77316228e-10 -3.80000000e-01  7.40000000e-01 
-3.90000000e-01  1.46000000e+00 -3.90000000e-01 -1.13168413e-09 -3.90000000e-01  7.40000000e-01 
-4.00000000e-01  1.45000000e+00 -4.00000000e-01 -1.31030144e-09 -4.00000000e-01  7.40000000e-01 
-4.10000000e-01  1.44000000e+00 -4.10000000e-01 -1.51694531e-09 -4.10000000e-01  7.40000000e-01 
-4.20000000e-01  1.43000000e+00 -4.20000000e-01 -1.75597359e-09 -4.20000000e-01  7.40000000e-01 
-4.30000000e-01  1.42000000e+00 -4.30000000e-01 -2.03241221e-09 -4.30000000e-01  7.40000000e-01 
-4.40000000e-01  1.41000000e+00 -4.40000000e-01 -2.35205546e-09 -4.40000000e-01  7.40000000e-01 
-4.50000000e-01  1.40000000e+00 -4.50000000e-01 -2.72158066e-09 -4.50000000e-01  7.40000000e-01 
-4.60000000e-01  1.39000000e+00 -4.60000000e-01 -3.14867940e-09 -4.60000000e-01  7.40000000e-01 
-4.70000000e-01  1.38000000e+00 -4.70000000e-01 -3.64220750e-09 -4.70000000e-01  7.40000000e-01 
-4.80000000e-01  1.37000000e+00 -4.80000000e-01 -4.21235621e-09 -4.80000000e-01  7.40000000e-01 
-4.90000000e-01  1.36000000e+00 -4.90000000e-01 -4.87084750e-09 -4.90000000e-01  7.40000000e-01 
-5.00000000e-01  1.35000000e+00 -5.00000000e-01 -5.63115643e-09 -5.00000000e-01  7.40000000e-01 
-5.10000000e-01  1.34000000e+00 -5.10000000e-01 -6.50876435e-09 -5.10000000e-01  7.40000000e-01 
-5.20000000e-01  1.33000000e+00 -5.20000000e-01 -7.52144653e-09 -5.20000000e-01  7.40000000e-01 
-5.30000000e-01  1.32000000e+00 -5.30000000e-01 -8.68959871e-09 -5.30000000e-01  7.40000000e-01 
-5.40000000e-01  1.31000000e+00 -5.40000000e-01 -1.00366073e-08 -5.40000000e-01  7.40000000e-01 
-5.50000000e-01  1.30000000e+00 -5.50000000e-01 -1.15892686e-08 -5.50000000e-01  7.40000000e-01 
-5.60000000e-01  1.29000000e+00 -5.60000000e-01 -1.33782621e-08 -5.60000000e-01  7.40000000e-01 
-5.70000000e-01  1.28000000e+00 -5.70000000e-01 -1.54386860e-08 -5.70000000e-01  7.40000000e-01 
-5.80000000e-01  1.27000000e+00 -5.80000000e-01 -1.78106591e-08 -5.80000000e-01  7.40000000e-01 
-5.90000000e-01  1.26000000e+00 -5.90000000e-01 -2.05400001e-08 -5.90000000e-01  7.40000000e-01 
-6.00000000e-01  1.25000000e+00 -6.00000000e-01 -2.36789892e-08 -6.00000000e-01  7.40000000e-01 
-6.10000000e-01  1.24000000e+00 -6.10000000e-01 -2.72872235e-08 -6.10000000e-01  7.40000000e-01 
-6.20000000e-01  1.23000000e+00 -6.20000000e-01 -3.14325754e-08 -6.20000000e-01  7.40000000e-01 
-6.30000000e-01  1.22000000e+00 -6.30000000e-01 -3.61922637e-08 -6.30000000e-01  7.40000000e-01 
-6.40000000e-01  1.21000000e+00 -6.40000000e-01 -4.16540509e-08 -6.40000000e-01  7.40000000e-01 
-6.50000000e-01  1.20000000e+00 -6.50000000e-01 -4.79175776e-08 -6.50000000e-01  7.40000000e-01 
-6.60000000e-01  1.19000000e+00 -6.60000000e-01 -5.50958499e-08 -6.60000000e-01  7.40000000e-01 
-6.70000000e-01  1.18000000e+00 -6.70000000e-01 -6.33168930e-08 -6.70000000e-01  7.40000000e-01 
-6.80000000e-01  1.17000000e+00 -6.80000000e-01 -7.27255894e-08 -6.80000000e-01  7.40000000e-01 
-6.90000000e-01  1.16000000e+00 -6.90000000e-01 -8.34857205e-08 -6.90000000e-01  7.40000000e-01 
-7.00000000e-01  1.15000000e+00 -7.00000000e-01 -9.57822306e-08 -7.00000000e-01  7.40000000e-01 
-7.10000000e-01  1.14000000e+00 -7.10000000e-01 -1.09823739e-07 -7.10000000e-01  7.40000000e-01 
-7.20000000e-01  1.13000000e+00 -7.20000000e-01 -1.25845327e-07 -7.20000000e-01  7.40000000e-01 
-7.30000000e-01  1.12000000e+00 -7.30000000e-01 -1.44111621e-07 -7.30000000e-01  7.40000000e-01 
-7.40000000e-01  1.11000000e+00 -7.40000000e-01 -1.64920226e-07 -7.40000000e-01  7.40000000e-01 
-7.50000000e-01  1.10000000e+00 -7.50000000e-01 -1.88605521e-07 -7.50000000e-01  7.40000000e-01 
-7.60000000e-01  1.09000000e+00 -7.60000000e-01 -2.15542885e-07 -7.60000000e-01  7.40000000e-01 
-7.70000000e-01  1.08000000e+00 -7.70000000e-01 -2.46153392e-07 -7.70000000e-01  7.40000000e-01 
-7.80000000e-01  1.07000000e+00 -7.80000000e-01 -2.80909035e-07 -7.80000000e-01  7.40000000e-01 
-7.90000000e-01  1.06000000e+00 -7.90000000e-01 -3.20338546e-07 -7.90000000e-01  7.40000000e-01 
-8.00000000e-01  1.05000000e+00 -8.00000000e-01 -3.65033892e-07 -8.00000000e-01  7.40000000e-01 
-8.10000000e-01  1.04000000e+00 -8.10000000e-01 -4.15657518e-07 -8.10000000e-01  7.40000000e-01 
-8.20000000e-01  1.03000000e+00 -8.20000000e-01 -4.72950449e-07 -8.20000000e-01  7.40000000e-01 
-8.30000000e-01  1.02000000e+00 -8.30000000e-01 -5.37741326e-07 -8.30000000e-01  7.40000000e-01 
-8.40000000e-01  1.01000000e+00 -8.40000000e-01 -6.10956516e-07 -8.40000000e-01  7.40000000e-01 
-8.50000000e-01  1.00000000e+00 -8.50000000e-01 -6.93631375e-07 -8.50000000e-01  7.40000000e-01 
-8.60000000e-01  9.90000000e-01 -8.60000000e-01 -7.86922812e-07 -8.60000000e-01  7.40000000e-01 
-8.70000000e-01  9.80000000e-01 -8.70000000e-01 -8.92123228e-07 -8.70000000e-01  7.40000000e-01 
-8.80000000e-01  9.70000000e-01 -8.80000000e-01 -1.01067597e-06 -8.80000000e-01  7.40000000e-01 
-8.90000000e-01  9.60000000e-01 -8.90000000e-01 -1.14419233e-06 -8.90000000e-01  7.40000000e-01 
-9.00000000e-01  9.50000000e-01 -9.00000000e-01 -1.29447022e-06 -9.00000000e-01  7.40000000e-01 
-9.10000000e-01  9.40000000e-01 -9.10000000e-01 -1.46351443e-06 -9.10000000e-01  7.40000000e-01 
-9.20000000e-01  9.30000000e-01 -9.20000000e-01 -1.65355850e-06 -9.20000000e-01  7.40000000e-01 
-9.30000000e-01  9.20000000e-01 -9.30000000e-01 -1.86708807e-06 -9.30000000e-01  7.40000000e-01 
-9.40000000e-01  9.10000000e-01 -9.40000000e-01 -2.10686545e-06 -9.40000000e-01  7.40000000e-01 
-9.50000000e-01  9.00000000e-01 -9.50000000e-01 -2.37595515e-06 -9.50000000e-01  7.40000000e-01 
-9.60000000e-01  8.90000000e-01 -9.60000000e-01 -2.67774985e-06 -9.60000000e-01  7.40000000e-01 
-9.70000000e-01  8.80000000e-01 -9.70000000e-01 -3.01599624e-06 -9.70000000e-01  7.40000000e-01 
-9.80000000e-01  8.70000000e-01 -9.80000000e-01 -3.39481992e-06 -9.80000000e-01  7.40000000e-01 
-9.90000000e-01  8.60000000e-01 -9.90000000e-01 -3.81874853e-06 -9.90000000e-01  7.40000000e-01 
-1.00000000e+00  8.50000000e-01 -1.00000000e+00 -4.29273180e-06 -1.00000000e+00  7.40000000e-01 
-1.01000000e+00  8.40000000e-01 -1.01000000e+00 -4.82215740e-06 -1.01000000e+00  7.40000000e-01 
-1.02000000e+00  8.30000000e-01 -1.02000000e+00 -5.41286113e-06 -1.02000000e+00  7.40000000e-01 
-1.03000000e+00  8.20000000e-01 -1.03000000e+00 -6.07112984e-06 -1.03000000e+00  7.40000000e-01 
-1.04000000e+00  8.10000000e-01 -1.04000000e+00 -6.80369553e-06 -1.04000000e+00  7.40000000e-01 
-1.05000000e+00  8.00000000e-01 -1.05000000e+00 -7.61771909e-06 -1.05000000e+00  7.40000000e-01 
-1.06000000e+00  7.90000000e-01 -1.06000000e+00 -8.52076209e-06 -1.06000000e+00  7.40000000e-01 
-1.07000000e+00  7.80000000e-01 -1.07000000e+00 -9.52074532e-06 -1.07000000e+00  7.40000000e-01 
-1.08000000e+00  7.70000000e-01 -1.08000000e+00 -1.06258932e-05 -1.08000000e+00  7.40000000e-01 
-1.09000000e+00  7.60000000e-01 -1.09000000e+00 -1.18446634e-05 -1.09000000e+00  7.40000000e-01 
-1.10000000e+00  7.50000000e-01 -1.10000000e+00 -1.31856609e-05 -1.10000000e+00  7.40000000e-01 
-1.11000000e+00  7.40000000e-01 -1.11000000e+00 -1.46575391e-05 -1.11000000e+00  7.40000000e-01 
-1.12000000e+00  7.30000000e-01 -1.12000000e+00 -1.62688855e-05 -1.12000000e+00  7.40000000e-01 
-1.13000000e+00  7.20000000e-01 -1.13000000e+00 -1.80280983e-05 -1.13000000e+00  7.40000000e-01 
-1.14000000e+00  7.10000000e-01 -1.14000000e+00 -1.99432527e-05 -1.14000000e+00  7.40000000e-01 
-1.15000000e+00  7.00000000e-01 -1.15000000e+00 -2.20219621e-05 -1.15000000e+00  7.40000000e-01 
-1.16000000e+00  6.90000000e-01 -1.16000000e+00 -2.42712377e-05 -1.16000000e+00  7.40000000e-01 
-1.17000000e+00  6.80000000e-01 -1.17000000e+00 -2.66973511e-05 -1.17000000e+00  7.40000000e-01 
-1.18000000e+00  6.70000000e-01 -1.18000000e+00 -2.93057030e-05 -1.18000000e+00  7.40000000e-01 
-1.19000000e+00  6.60000000e-01 -1.19000000e+00 -3.21007039e-05 -1.19000000e+00  7.40000000e-01 
-1.20000000e+00  6.50000000e-01 -1.20000000e+00 -3.50856707e-05 -1.20000000e+00  7.40000000e-01 
-1.21000000e+00  6.40000000e-01 -1.21000000e+00 -3.82627425e-05 -1.21000000e+00  7.40000000e-01 
-1.22000000e+00  6.30000000e-01 -1.22000000e+00 -4.16328190e-05 -1.22000000e+00  7.40000000e-01 
-1.23000000e+00  6.20000000e-01 -1.23000000e+00 -4.51955243e-05 -1.23000000e+00  7.40000000e-01 
-1.24000000e+00  6.10000000e-01 -1.24000000e+00 -4.89491960e-05 -1.24000000e+00  7.40000000e-01 
-1.25000000e+00  6.00000000e-01 -1.25000000e+00 -5.28909014e-05 -1.25000000e+00  7.40000000e-01 
-1.26000000e+00  5.90000000e-01 -1.26000000e+00 -5.70164796e-05 -1.26000000e+00  7.40000000e-01 
-1.27000000e+00  5.80000000e-01 -1.27000000e+00 -6.13206066e-05 -1.27000000e+00  7.40000000e-01 
-1.28000000e+00  5.70000000e-01 -1.28000000e+00 -6.57968822e-05 -1.28000000e+00  7.40000000e-01 
-1.29000000e+00  5.60000000e-01 -1.29000000e+00 -7.04379354e-05 -1.29000000e+00  7.40000000e-01 
-1.30000000e+00  5.50000000e-01 -1.30000000e+00 -7.52355427e-05 -1.30000000e+00  7.40000000e-01 
-1.31000000e+00  5.40000000e-01 -1.31000000e+00 -8.01807578e-05 -1.31000000e+00  7.40000000e-01 
-1.32000000e+00  5.30000000e-01 -1.32000000e+00 -8.52640466e-05 -1.32000000e+00  7.40000000e-01 
-1.33000000e+00  5.20000000e-01 -1.33000000e+00 -9.04754243e-05 -1.33000000e+00  7.40000000e-01 
-1.34000000e+00  5.10000000e-01 -1.34000000e+00 -9.58045909e-05 -1.34000000e+00  7.40000000e-01 
-1.35000000e+00  5.00000000e-01 -1.35000000e+00 -1.01241061e-04 -1.35000000e+00  7.40000000e-01 
-1.36000000e+00  4.90000000e-01 -1.36000000e+00 -1.06774288e-04 -1.36000000e+00  7.40000000e-01 
-1.37000000e+00  4.80000000e-01 -1.37000000e+00 -1.12393774e-04 -1.37000000e+00  7.40000000e-01 
-1.38000000e+00  4.70000000e-01 -1.38000000e+00 -1.18089172e-04 -1.38000000e+00  7.40000000e-01 
-1.39000000e+00  4.60000000e-01 -1.39000000e+00 -1.23850373e-04 -1.39000000e+00  7.40000000e-01 
-1.40000000e+00  4.50000000e-01 -1.40000000e+00 -1.29667585e-04 -1.40000000e+00  7.40000000e-01 
-1.41000000e+00  4.40000000e-01 -1.41000000e+00 -1.35531386e-04 -1.41000000e+00  7.40000000e-01 
-1.42000000e+00  4.30000000e-01 -1.42000000e+00 -1.41432781e-04 -1.42000000e+00  7.40000000e-01 
-1.43000000e+00  4.20000000e-01 -1.43000000e+00 -1.47363233e-04 -1.43000000e+00  7.40000000e-01 
-1.44000000e+00  4.10000000e-01 -1.44000000e+00 -1.53314692e-04 -1.44000000e+00  7.40000000e-01 
-1.45000000e+00  4.00000000e-01 -1.45000000e+00 -1.59279602e-04 -1.45000000e+00  7.40000000e-01 
-1.46000000e+00  3.90000000e-01 -1.46000000e+00 -1.65250917e-04 -1.46000000e+00  7.40000000e-01 
-1.47000000e+00  3.80000000e-01 -1.47000000e+00 -1.71222089e-04 -1.47000000e+00  7.40000000e-01 
-1.48000000e+00  3.70000000e-01 -1.48000000e+00 -1.77187065e-04 -1.48000000e+00  7.40000000e-01 
-1.49000000e+00  3.60000000e-01 -1.49000000e+00 -1.83140271e-04 -1.49000000e+00  7.40000000e-01 
-1.50000000e+00  3.50000000e-01 -1.50000000e+00 -1.89076590e-04 -1.50000000e+00  7.40000000e-01 
-1.51000000e+00  3.40000000e-01 -1.51000000e+00 -1.94991346e-04 -1.51000000e+00  7.40000000e-01 
-1.52000000e+00  3.30000000e-01 -1.52000000e+00 -2.00880274e-04 -1.52000000e+00  7.40000000e-01 
-1.53000000e+00  3.20000000e-01 -1.53000000e+00 -2.06739498e-04 -1.53000000e+00  7.40000000e-01 
-1.54000000e+00  3.10000000e-01 -1.54000000e+00 -2.12565501e-04 -1.54000000e+00  7.40000000e-01 
-1.55000000e+00  3.00000000e-01 -1.55000000e+00 -2.18355103e-04 -1.55000000e+00  7.40000000e-01 
-1.56000000e+00  2.90000000e-01 -1.56000000e+00 -2.24105428e-04 -1.56000000e+00  7.40000000e-01 
-1.57000000e+00  2.80000000e-01 -1.57000000e+00 -2.29813883e-04 -1.57000000e+00  7.40000000e-01 
-1.58000000e+00  2.70000000e-01 -1.58000000e+00 -2.35478131e-04 -1.58000000e+00  7.40000000e-01 
-1.59000000e+00  2.60000000e-01 -1.59000000e+00 -2.41096068e-04 -1.59000000e+00  7.40000000e-01 
-1.60000000e+00  2.50000000e-01 -1.60000000e+00 -2.46665800e-04 -1.60000000e+00  7.40000000e-01 
-1.61000000e+00  2.40000000e-01 -1.61000000e+00 -2.52185623e-04 -1.61000000e+00  7.40000000e-01 
-1.62000000e+00  2.30000000e-01 -1.62000000e+00 -2.57654004e-04 -1.62000000e+00  7.40000000e-01 
-1.63000000e+00  2.20000000e-01 -1.63000000e+00 -2.63069561e-04 -1.63000000e+00  7.40000000e-01 
-1.64000000e+00  2.10000000e-01 -1.64000000e+00 -2.68431049e-04 -1.64000000e+00  7.40000000e-01 
-1.65000000e+00  2.00000000e-01 -1.65000000e+00 -2.73737348e-04 -1.65000000e+00  7.40000000e-01 
-1.66000000e+00  1.90000000e-01 -1.66000000e+00 -2.78987443e-04 -1.66000000e+00  7.40000000e-01 
-1.67000000e+00  1.80000000e-01 -1.67000000e+00 -2.84180420e-04 -1.67000000e+00  7.40000000e-01 
-1.68000000e+00  1.70000000e-01 -1.68000000e+00 -2.89315450e-04 -1.68000000e+00  7.40000000e-01 
-1.69000000e+00  1.60000000e-01 -1.69000000e+00 -2.94391783e-04 -1.69000000e+00  7.40000000e-01 
-1.70000000e+00  1.50000000e-01 -1.70000000e+00 -2.99408740e-04 -1.70000000e+00  7.40000000e-01 
-1.71000000e+00  1.40000000e-01 -1.71000000e+00 -3.04365704e-04 -1.71000000e+00  7.40000000e-01 
-1.72000000e+00  1.30000000e-01 -1.72000000e+00 -3.09262117e-04 -1.72000000e+00  7.40000000e-01 
-1.73000000e+00  1.20000000e-01 -1.73000000e+00 -3.14097471e-04 -1.73000000e+00  7.40000000e-01 
-1.74000000e+00  1.10000000e-01 -1.74000000e+00 -3.18871309e-04 -1.74000000e+00  7.40000000e-01 
-1.75000000e+00  1.00000000e-01 -1.75000000e+00 -3.23583214e-04 -1.75000000e+00  7.40000000e-01 
-1.76000000e+00  9.00000000e-02 -1.76000000e+00 -3.28232815e-04 -1.76000000e+00  7.40000000e-01 
-1.77000000e+00  8.00000000e-02 -1.77000000e+00 -3.32819776e-04 -1.77000000e+00  7.40000000e-01 
-1.78000000e+00  7.00000000e-02 -1.78000000e+00 -3.37343799e-04 -1.78000000e+00  7.40000000e-01 
-1.79000000e+00  6.00000000e-02 -1.79000000e+00 -3.41804620e-04 -1.79000000e+00  7.40000000e-01 
-1.80000000e+00  5.00000000e-02 -1.80000000e+00 -3.46202008e-04 -1.80000000e+00  7.40000000e-01 
-1.81000000e+00  4.00000000e-02 -1.81000000e+00 -3.50535765e-04 -1.81000000e+00  7.40000000e-01 
-1.82000000e+00  3.00000000e-02 -1.82000000e+00 -3.54805722e-04 -1.82000000e+00  7.40000000e-01 
-1.83000000e+00  2.00000000e-02 -1.83000000e+00 -3.59011742e-04 -1.83000000e+00  7.40000000e-01 
-1.84000000e+00  1.00000000e-02 -1.84000000e+00 -3.63153716e-04 -1.84000000e+00  7.40000000e-01 
-1.85000000e+00 -1.33226763e-15 -1.85000000e+00 -3.67231566e-04 -1.85000000e+00  7.40000000e-01 
