 0.00000000e+00  1.85000000e+00  0.00000000e+00 -7.30767789e-14  0.00000000e+00  1.00000000e-02 
-1.00000000e-02  1.84000000e+00 -1.00000000e-02 -8.47279021e-14 -1.00000000e-02  1.00000000e-02 
-2.00000000e-02  1.83000000e+00 -2.00000000e-02 -9.82360126e-14 -2.00000000e-02  1.00000000e-02 
-3.00000000e-02  1.82000000e+00 -3.00000000e-02 -1.13896926e-13 -3.00000000e-02  1.00000000e-02 
-4.00000000e-02  1.81000000e+00 -4.00000000e-02 -1.32053544e-13 -4.00000000e-02  1.00000000e-02 
-5.00000000e-02  1.80000000e+00 -5.00000000e-02 -1.53103337e-13 -5.00000000e-02  1.00000000e-02 
-6.00000000e-02  1.79000000e+00 -6.00000000e-02 -1.77507017e-13 -6.00000000e-02  1.00000000e-02 
-7.00000000e-02  1.78000000e+00 -7.00000000e-02 -2.05798587e-13 -7.00000000e-02  1.00000000e-02 
-8.00000000e-02  1.77000000e+00 -8.00000000e-02 -2.38596982e-13 -8.00000000e-02  1.00000000e-02 
-9.00000000e-02  1.76000000e+00 -9.00000000e-02 -2.76619552e-13 -9.00000000e-02  1.00000000e-02 
-1.00000000e-01  1.75000000e+00 -1.00000000e-01 -3.20697686e-13 -1.00000000e-01  1.00000000e-02 
-1.10000000e-01  1.74000000e+00 -1.10000000e-01 -3.71794901e-13 -1.10000000e-01  1.00000000e-02 
-1.20000000e-01  1.73000000e+00 -1.20000000e-01 -4.31027804e-13 -1.20000000e-01  1.00000000e-02 
-1.30000000e-01  1.72000000e+00 -1.30000000e-01 -4.99690356e-13 -1.30000000e-01  1.00000000e-02 
-1.40000000e-01  1.71000000e+00 -1.40000000e-01 -5.79281978e-13 -1.40000000e-01  1.00000000e-02 
-1.50000000e-01  1.70000000e+00 -1.50000000e-01 -6.71540088e-13 -1.50000000e-01  1.00000000e-02 
-1.60000000e-01  1.69000000e+00 -1.60000000e-01 -7.78477779e-13 -1.60000000e-01  1.00000000e-02 
-1.70000000e-01  1.68000000e+00 -1.70000000e-01 -9.02427428e-13 -1.70000000e-01  1.00000000e-02 
-1.80000000e-01  1.67000000e+00 -1.80000000e-01 -1.04609118e-12 -1.80000000e-01  1.00000000e-02 
-1.90000000e-01  1.66000000e+00 -1.90000000e-01 -1.21259936e-12 -1.90000000e-01  1.00000000e-02 
-2.00000000e-01  1.65000000e+00 -2.00000000e-01 -1.40557812e-12 -2.00000000e-01  1.00000000e-02 
-2.10000000e-01  1.64000000e+00 -2.10000000e-01 -1.62922761e-12 -2.10000000e-01  1.00000000e-02 
-2.20000000e-01  1.63000000e+00 -2.20000000e-01 -1.88841253e-12 -2.20000000e-01  1.00000000e-02 
-2.30000000e-01  1.62000000e+00 -2.30000000e-01 -2.18876678e-12 -2.30000000e-01  1.00000000e-02 
-2.40000000e-01  1.61000000e+00 -2.40000000e-01 -2.53681453e-12 -2.40000000e-01  1.00000000e-02 
-2.50000000e-01  1.60000000e+00 -2.50000000e-01 -2.94011021e-12 -2.50000000e-01  1.00000000e-02 
-2.60000000e-01  1.59000000e+00 -2.60000000e-01 -3.40740033e-12 -2.60000000e-01  1.00000000e-02 
-2.70000000e-01  1.58000000e+00 -2.70000000e-01 -3.94881056e-12 -2.70000000e-01  1.00000000e-02 
-2.80000000e-01  1.57000000e+00 -2.80000000e-01 -4.57606189e-12 -2.80000000e-01  1.00000000e-02 
-2.90000000e-01  1.56000000e+00 -2.90000000e-01 -5.30272040e-12 -2.90000000e-01  1.00000000e-02 
-3.00000000e-01  1.55000000e+00 -3.00000000e-01 -6.14448578e-12 -3.00000000e-01  1.00000000e-02 
-3.10000000e-01  1.54000000e+00 -3.10000000e-01 -7.11952449e-12 -3.10000000e-01  1.00000000e-02 
-3.20000000e-01  1.53000000e+00 -3.20000000e-01 -8.24885455e-12 -3.20000000e-01  1.00000000e-02 
-3.30000000e-01  1.52000000e+00 -3.30000000e-01 -9.55678958e-12 -3.30000000e-01  1.00000000e-02 
-3.40000000e-01  1.51000000e+00 -3.40000000e-01 -1.10714513e-11 -3.40000000e-01  1.00000000e-02 
-3.50000000e-01  1.50000000e+00 -3.50000000e-01 -1.28253609e-11 -3.50000000e-01  1.00000000e-02 
-3.60000000e-01  1.49000000e+00 -3.60000000e-01 -1.48561205e-11 -3.60000000e-01  1.00000000e-02 
-3.70000000e-01  1.48000000e+00 -3.70000000e-01 -1.72072005e-11 -3.70000000e-01  1.00000000e-02 
-3.80000000e-01  1.47000000e+00 -3.80000000e-01 -1.99288464e-11 -3.80000000e-01  1.00000000e-02 
-3.90000000e-01  1.46000000e+00 -3.90000000e-01 -2.30791241e-11 -3.90000000e-01  1.00000000e-02 
-4.00000000e-01  1.45000000e+00 -4.00000000e-01 -2.67251244e-11 -4.00000000e-01  1.00000000e-02 
-4.10000000e-01  1.44000000e+00 -4.10000000e-01 -3.09443517e-11 -4.10000000e-01  1.00000000e-02 
-4.20000000e-01  1.43000000e+00 -4.20000000e-01 -3.58263225e-11 -4.20000000e-01  1.00000000e-02 
-4.30000000e-01  1.42000000e+00 -4.30000000e-01 -4.14744084e-11 -4.30000000e-01  1.00000000e-02 
-4.40000000e-01  1.41000000e+00 -4.40000000e-01 -4.80079575e-11 -4.40000000e-01  1.00000000e-02 
-4.50000000e-01  1.40000000e+00 -4.50000000e-01 -5.55647387e-11 -4.50000000e-01  1.00000000e-02 
-4.60000000e-01  1.39000000e+00 -4.60000000e-01 -6.43037574e-11 -4.60000000e-01  1.00000000e-02 
-4.70000000e-01  1.38000000e+00 -4.70000000e-01 -7.44084984e-11 -4.70000000e-01  1.00000000e-02 
-4.80000000e-01  1.37000000e+00 -4.80000000e-01 -8.60906644e-11 -4.80000000e-01  1.00000000e-02 
-4.90000000e-01  1.36000000e+00 -4.90000000e-01 -9.95944839e-11 -4.90000000e-01  1.00000000e-02 
-5.00000000e-01  1.35000000e+00 -5.00000000e-01 -1.15201681e-10 -5.00000000e-01  1.00000000e-02 
-5.10000000e-01  1.34000000e+00 -5.10000000e-01 -1.33237210e-10 -5.10000000e-01  1.00000000e-02 
-5.20000000e-01  1.33000000e+00 -5.20000000e-01 -1.54075879e-10 -5.20000000e-01  1.00000000e-02 
-5.30000000e-01  1.32000000e+00 -5.30000000e-01 -1.78150012e-10 -5.30000000e-01  1.00000000e-02 
-5.40000000e-01  1.31000000e+00 -5.40000000e-01 -2.05958308e-10 -5.40000000e-01  1.00000000e-02 
-5.50000000e-01  1.30000000e+00 -5.50000000e-01 -2.38076127e-10 -5.50000000e-01  1.00000000e-02 
-5.60000000e-01  1.29000000e+00 -5.60000000e-01 -2.75167418e-10 -5.60000000e-01  1.00000000e-02 
-5.70000000e-01  1.28000000e+00 -5.70000000e-01 -3.17998611e-10 -5.70000000e-01  1.00000000e-02 
-5.80000000e-01  1.27000000e+00 -5.80000000e-01 -3.67454801e-10 -5.80000000e-01  1.00000000e-02 
-5.90000000e-01  1.26000000e+00 -5.90000000e-01 -4.24558676e-10 -5.90000000e-01  1.00000000e-02 
-6.00000000e-01  1.25000000e+00 -6.00000000e-01 -4.90492682e-10 -6.00000000e-01  1.00000000e-02 
-6.10000000e-01  1.24000000e+00 -6.10000000e-01 -5.66625076e-10 -6.10000000e-01  1.00000000e-02 
-6.20000000e-01  1.23000000e+00 -6.20000000e-01 -6.54540613e-10 -6.20000000e-01  1.00000000e-02 
-6.30000000e-01  1.22000000e+00 -6.30000000e-01 -7.56076820e-10 -6.30000000e-01  1.00000000e-02 
-6.40000000e-01  1.21000000e+00 -6.40000000e-01 -8.73366973e-10 -6.40000000e-01  1.00000000e-02 
-6.50000000e-01  1.20000000e+00 -6.50000000e-01 -1.00889118e-09 -6.50000000e-01  1.00000000e-02 
-6.60000000e-01  1.19000000e+00 -6.60000000e-01 -1.16553727e-09 -6.60000000e-01  1.00000000e-02 
-6.70000000e-01  1.18000000e+00 -6.70000000e-01 -1.34667343e-09 -6.70000000e-01  1.00000000e-02 
-6.80000000e-01  1.17000000e+00 -6.80000000e-01 -1.55623532e-09 -6.80000000e-01  1.00000000e-02 
-6.90000000e-01  1.16000000e+00 -6.90000000e-01 -1.79883025e-09 -6.90000000e-01  1.00000000e-02 
-7.00000000e-01  1.15000000e+00 -7.00000000e-01 -2.07986243e-09 -7.00000000e-01  1.00000000e-02 
-7.10000000e-01  1.14000000e+00 -7.10000000e-01 -2.40568318e-09 -7.10000000e-01  1.00000000e-02 
-7.20000000e-01  1.13000000e+00 -7.20000000e-01 -2.78377127e-09 -7.20000000e-01  1.00000000e-02 
-7.30000000e-01  1.12000000e+00 -7.30000000e-01 -3.22294919e-09 -7.30000000e-01  1.00000000e-02 
-7.40000000e-01  1.11000000e+00 -7.40000000e-01 -3.73364209e-09 -7.40000000e-01  1.00000000e-02 
-7.50000000e-01  1.10000000e+00 -7.50000000e-01 -4.32818698e-09 -7.50000000e-01  1.00000000e-02 
-7.60000000e-01  1.09000000e+00 -7.60000000e-01 -5.02120073e-09 -7.60000000e-01  1.00000000e-02 
-7.70000000e-01  1.08000000e+00 -7.70000000e-01 -5.83001633e-09 -7.70000000e-01  1.00000000e-02 
-7.80000000e-01  1.07000000e+00 -7.80000000e-01 -6.77519708e-09 -7.80000000e-01  1.00000000e-02 
-7.90000000e-01  1.06000000e+00 -7.90000000e-01 -7.88113929e-09 -7.90000000e-01  1.00000000e-02 
-8.00000000e-01  1.05000000e+00 -8.00000000e-01 -9.17677313e-09 -8.00000000e-01  1.00000000e-02 
-8.10000000e-01  1.04000000e+00 -8.10000000e-01 -1.06963711e-08 -8.10000000e-01  1.00000000e-02 
-8.20000000e-01  1.03000000e+00 -8.20000000e-01 -1.24804713e-08 -8.20000000e-01  1.00000000e-02 
-8.30000000e-01  1.02000000e+00 -8.30000000e-01 -1.45769197e-08 -8.30000000e-01  1.00000000e-02 
-8.40000000e-01  1.01000000e+00 -8.40000000e-01 -1.70420324e-08 -8.40000000e-01  1.00000000e-02 
-8.50000000e-01  1.00000000e+00 -8.50000000e-01 -1.99418705e-08 -8.50000000e-01  1.00000000e-02 
-8.60000000e-01  9.90000000e-01 -8.60000000e-01 -2.33536161e-08 -8.60000000e-01  1.00000000e-02 
-8.70000000e-01  9.80000000e-01 -8.70000000e-01 -2.73670243e-08 -8.70000000e-01  1.00000000e-02 
-8.80000000e-01  9.70000000e-01 -8.80000000e-01 -3.20859188e-08 -8.80000000e-01  1.00000000e-02 
-8.90000000e-01  9.60000000e-01 -8.90000000e-01 -3.76296832e-08 -8.90000000e-01  1.00000000e-02 
-9.00000000e-01  9.50000000e-01 -9.00000000e-01 -4.41346887e-08 -9.00000000e-01  1.00000000e-02 
-9.10000000e-01  9.40000000e-01 -9.10000000e-01 -5.17555845e-08 -9.10000000e-01  1.00000000e-02 
-9.20000000e-01  9.30000000e-01 -9.20000000e-01 -6.06663662e-08 -9.20000000e-01  1.00000000e-02 
-9.30000000e-01  9.20000000e-01 -9.30000000e-01 -7.10611275e-08 -9.30000000e-01  1.00000000e-02 
-9.40000000e-01  9.10000000e-01 -9.40000000e-01 -8.31543968e-08 -9.40000000e-01  1.00000000e-02 
-9.50000000e-01  9.00000000e-01 -9.50000000e-01 -9.71809615e-08 -9.50000000e-01  1.00000000e-02 
-9.60000000e-01  8.90000000e-01 -9.60000000e-01 -1.13395088e-07 -9.60000000e-01  1.00000000e-02 
-9.70000000e-01  8.80000000e-01 -9.70000000e-01 -1.32069068e-07 -9.70000000e-01  1.00000000e-02 
-9.80000000e-01  8.70000000e-01 -9.80000000e-01 -1.53491034e-07 -9.80000000e-01  1.00000000e-02 
-9.90000000e-01  8.60000000e-01 -9.90000000e-01 -1.77962039e-07 -9.90000000e-01  1.00000000e-02 
-1.00000000e+00  8.50000000e-01 -1.00000000e+00 -2.05792401e-07 -1.00000000e+00  1.00000000e-02 
-1.01000000e+00  8.40000000e-01 -1.01000000e+00 -2.37297385e-07 -1.01000000e+00  1.00000000e-02 
-1.02000000e+00  8.30000000e-01 -1.02000000e+00 -2.72792302e-07 -1.02000000e+00  1.00000000e-02 
-1.03000000e+00  8.20000000e-01 -1.03000000e+00 -3.12587169e-07 -1.03000000e+00  1.00000000e-02 
-1.04000000e+00  8.10000000e-01 -1.04000000e+00 -3.56981073e-07 -1.04000000e+00  1.00000000e-02 
-1.05000000e+00  8.00000000e-01 -1.05000000e+00 -4.06256414e-07 -1.05000000e+00  1.00000000e-02 
-1.06000000e+00  7.90000000e-01 -1.06000000e+00 -4.60673213e-07 -1.06000000e+00  1.00000000e-02 
-1.07000000e+00  7.80000000e-01 -1.07000000e+00 -5.20463643e-07 -1.07000000e+00  1.00000000e-02 
-1.08000000e+00  7.70000000e-01 -1.08000000e+00 -5.85826974e-07 -1.08000000e+00  1.00000000e-02 
-1.09000000e+00  7.60000000e-01 -1.09000000e+00 -6.56925036e-07 -1.09000000e+00  1.00000000e-02 
-1.10000000e+00  7.50000000e-01 -1.10000000e+00 -7.33878358e-07 -1.10000000e+00  1.00000000e-02 
-1.11000000e+00  7.40000000e-01 -1.11000000e+00 -8.16763038e-07 -1.11000000e+00  1.00000000e-02 
-1.12000000e+00  7.30000000e-01 -1.12000000e+00 -9.05608441e-07 -1.12000000e+00  1.00000000e-02 
-1.13000000e+00  7.20000000e-01 -1.13000000e+00 -1.00039574e-06 -1.13000000e+00  1.00000000e-02 
-1.14000000e+00  7.10000000e-01 -1.14000000e+00 -1.10105734e-06 -1.14000000e+00  1.00000000e-02 
-1.15000000e+00  7.00000000e-01 -1.15000000e+00 -1.20747715e-06 -1.15000000e+00  1.00000000e-02 
-1.16000000e+00  6.90000000e-01 -1.16000000e+00 -1.31949173e-06 -1.16000000e+00  1.00000000e-02 
-1.17000000e+00  6.80000000e-01 -1.17000000e+00 -1.43689226e-06 -1.17000000e+00  1.00000000e-02 
-1.18000000e+00  6.70000000e-01 -1.18000000e+00 -1.55942723e-06 -1.18000000e+00  1.00000000e-02 
-1.19000000e+00  6.60000000e-01 -1.19000000e+00 -1.68680583e-06 -1.19000000e+00  1.00000000e-02 
-1.20000000e+00  6.50000000e-01 -1.20000000e+00 -1.81870203e-06 -1.20000000e+00  1.00000000e-02 
-1.21000000e+00  6.40000000e-01 -1.21000000e+00 -1.95475904e-06 -1.21000000e+00  1.00000000e-02 
-1.22000000e+00  6.30000000e-01 -1.22000000e+00 -2.09459433e-06 -1.22000000e+00  1.00000000e-02 
-1.23000000e+00  6.20000000e-01 -1.23000000e+00 -2.23780479e-06 -1.23000000e+00  1.00000000e-02 
-1.24000000e+00  6.10000000e-01 -1.24000000e+00 -2.38397221e-06 -1.24000000e+00  1.00000000e-02 
-1.25000000e+00  6.00000000e-01 -1.25000000e+00 -2.53266868e-06 -1.25000000e+00  1.00000000e-02 
-1.26000000e+00  5.90000000e-01 -1.26000000e+00 -2.68346200e-06 -1.26000000e+00  1.00000000e-02 
-1.27000000e+00  5.80000000e-01 -1.27000000e+00 -2.83592081e-06 -1.27000000e+00  1.00000000e-02 
-1.28000000e+00  5.70000000e-01 -1.28000000e+00 -2.98961953e-06 -1.28000000e+00  1.00000000e-02 
-1.29000000e+00  5.60000000e-01 -1.29000000e+00 -3.14414276e-06 -1.29000000e+00  1.00000000e-02 
-1.30000000e+00  5.50000000e-01 -1.30000000e+00 -3.29908935e-06 -1.30000000e+00  1.00000000e-02 
-1.31000000e+00  5.40000000e-01 -1.31000000e+00 -3.45407587e-06 -1.31000000e+00  1.00000000e-02 
-1.32000000e+00  5.30000000e-01 -1.32000000e+00 -3.60873948e-06 -1.32000000e+00  1.00000000e-02 
-1.33000000e+00  5.20000000e-01 -1.33000000e+00 -3.76274036e-06 -1.33000000e+00  1.00000000e-02 
-1.34000000e+00  5.10000000e-01 -1.34000000e+00 -3.91576338e-06 -1.34000000e+00  1.00000000e-02 
-1.35000000e+00  5.00000000e-01 -1.35000000e+00 -4.06751937e-06 -1.35000000e+00  1.00000000e-02 
-1.36000000e+00  4.90000000e-01 -1.36000000e+00 -4.21774575e-06 -1.36000000e+00  1.00000000e-02 
-1.37000000e+00  4.80000000e-01 -1.37000000e+00 -4.36620678e-06 -1.37000000e+00  1.00000000e-02 
-1.38000000e+00  4.70000000e-01 -1.38000000e+00 -4.51269328e-06 -1.38000000e+00  1.00000000e-02 
-1.39000000e+00  4.60000000e-01 -1.39000000e+00 -4.65702203e-06 -1.39000000e+00  1.00000000e-02 
-1.40000000e+00  4.50000000e-01 -1.40000000e+00 -4.79903488e-06 -1.40000000e+00  1.00000000e-02 
-1.41000000e+00  4.40000000e-01 -1.41000000e+00 -4.93859755e-06 -1.41000000e+00  1.00000000e-02 
-1.42000000e+00  4.30000000e-01 -1.42000000e+00 -5.07559825e-06 -1.42000000e+00  1.00000000e-02 
-1.43000000e+00  4.20000000e-01 -1.43000000e+00 -5.20994623e-06 -1.43000000e+00  1.00000000e-02 
-1.44000000e+00  4.10000000e-01 -1.44000000e+00 -5.34157010e-06 -1.44000000e+00  1.00000000e-02 
-1.45000000e+00  4.00000000e-01 -1.45000000e+00 -5.47041622e-06 -1.45000000e+00  1.00000000e-02 
-1.46000000e+00  3.90000000e-01 -1.46000000e+00 -5.59644705e-06 -1.46000000e+00  1.00000000e-02 
-1.47000000e+00  3.80000000e-01 -1.47000000e+00 -5.71963948e-06 -1.47000000e+00  1.00000000e-02 
-1.48000000e+00  3.70000000e-01 -1.48000000e+00 -5.83998325e-06 -1.48000000e+00  1.00000000e-02 
-1.49000000e+00  3.60000000e-01 -1.49000000e+00 -5.95747942e-06 -1.49000000e+00  1.00000000e-02 
-1.50000000e+00  3.50000000e-01 -1.50000000e+00 -6.07213891e-06 -1.50000000e+00  1.00000000e-02 
-1.51000000e+00  3.40000000e-01 -1.51000000e+00 -6.18398120e-06 -1.51000000e+00  1.00000000e-02 
-1.52000000e+00  3.30000000e-01 -1.52000000e+00 -6.29303300e-06 -1.52000000e+00  1.00000000e-02 
-1.53000000e+00  3.20000000e-01 -1.53000000e+00 -6.39932718e-06 -1.53000000e+00  1.00000000e-02 
-1.54000000e+00  3.10000000e-01 -1.54000000e+00 -6.50290166e-06 -1.54000000e+00  1.00000000e-02 
-1.55000000e+00  3.00000000e-01 -1.55000000e+00 -6.60379852e-06 -1.55000000e+00  1.00000000e-02 
-1.56000000e+00  2.90000000e-01 -1.56000000e+00 -6.70206313e-06 -1.56000000e+00  1.00000000e-02 
-1.57000000e+00  2.80000000e-01 -1.57000000e+00 -6.79774341e-06 -1.57000000e+00  1.00000000e-02 
-1.58000000e+00  2.70000000e-01 -1.58000000e+00 -6.89088917e-06 -1.58000000e+00  1.00000000e-02 
-1.59000000e+00  2.60000000e-01 -1.59000000e+00 -6.98155154e-06 -1.59000000e+00  1.00000000e-02 
-1.60000000e+00  2.50000000e-01 -1.60000000e+00 -7.06978249e-06 -1.60000000e+00  1.00000000e-02 
-1.61000000e+00  2.40000000e-01 -1.61000000e+00 -7.15563437e-06 -1.61000000e+00  1.00000000e-02 
-1.62000000e+00  2.30000000e-01 -1.62000000e+00 -7.23915959e-06 -1.62000000e+00  1.00000000e-02 
-1.63000000e+00  2.20000000e-01 -1.63000000e+00 -7.32041026e-06 -1.63000000e+00  1.00000000e-02 
-1.64000000e+00  2.10000000e-01 -1.64000000e+00 -7.39943801e-06 -1.64000000e+00  1.00000000e-02 
-1.65000000e+00  2.00000000e-01 -1.65000000e+00 -7.47629373e-06 -1.65000000e+00  1.00000000e-02 
-1.66000000e+00  1.90000000e-01 -1.66000000e+00 -7.55102740e-06 -1.66000000e+00  1.00000000e-02 
-1.67000000e+00  1.80000000e-01 -1.67000000e+00 -7.62368801e-06 -1.67000000e+00  1.00000000e-02 
-1.68000000e+00  1.70000000e-01 -1.68000000e+00 -7.69432341e-06 -1.68000000e+00  1.00000000e-02 
-1.69000000e+00  1.60000000e-01 -1.69000000e+00 -7.76298026e-06 -1.69000000e+00  1.00000000e-02 
-1.70000000e+00  1.50000000e-01 -1.70000000e+00 -7.82970400e-06 -1.70000000e+00  1.00000000e-02 
-1.71000000e+00  1.40000000e-01 -1.71000000e+00 -7.89453875e-06 -1.71000000e+00  1.00000000e-02 
-1.72000000e+00  1.30000000e-01 -1.72000000e+00 -7.95752738e-06 -1.72000000e+00  1.00000000e-02 
-1.73000000e+00  1.20000000e-01 -1.73000000e+00 -8.01871146e-06 -1.73000000e+00  1.00000000e-02 
-1.74000000e+00  1.10000000e-01 -1.74000000e+00 -8.07813127e-06 -1.74000000e+00  1.00000000e-02 
-1.75000000e+00  1.00000000e-01 -1.75000000e+00 -8.13582585e-06 -1.75000000e+00  1.00000000e-02 
-1.76000000e+00  9.00000000e-02 -1.76000000e+00 -8.19183299e-06 -1.76000000e+00  1.00000000e-02 
-1.77000000e+00  8.00000000e-02 -1.77000000e+00 -8.24618931e-06 -1.77000000e+00  1.00000000e-02 
-1.78000000e+00  7.00000000e-02 -1.78000000e+00 -8.29893024e-06 -1.78000000e+00  1.00000000e-02 
-1.79000000e+00  6.00000000e-02 -1.79000000e+00 -8.35009010e-06 -1.79000000e+00  1.00000000e-02 
-1.80000000e+00  5.00000000e-02 -1.80000000e+00 -8.39970214e-06 -1.80000000e+00  1.00000000e-02 
-1.81000000e+00  4.00000000e-02 -1.81000000e+00 -8.44779859e-06 -1.81000000e+00  1.00000000e-02 
-1.82000000e+00  3.00000000e-02 -1.82000000e+00 -8.49441066e-06 -1.82000000e+00  1.00000000e-02 
-1.83000000e+00  2.00000000e-02 -1.83000000e+00 -8.53956866e-06 -1.83000000e+00  1.00000000e-02 
-1.84000000e+00  1.00000000e-02 -1.84000000e+00 -8.58330196e-06 -1.84000000e+00  1.00000000e-02 
-1.85000000e+00 -1.33226763e-15 -1.85000000e+00 -8.62563913e-06 -1.85000000e+00  1.00000000e-02 
