 0.00000000e+00  1.85000000e+00  0.00000000e+00 -4.11713485e-14  0.00000000e+00  1.45000000e+00 
-1.00000000e-02  1.84000000e+00 -1.00000000e-02 -4.81064331e-14 -1.00000000e-02  1.45000000e+00 
-2.00000000e-02  1.83000000e+00 -2.00000000e-02 -5.62096574e-14 -2.00000000e-02  1.45000000e+00 
-3.00000000e-02  1.82000000e+00 -3.00000000e-02 -6.56777720e-14 -3.00000000e-02  1.45000000e+00 
-4.00000000e-02  1.81000000e+00 -4.00000000e-02 -7.67406641e-14 -4.00000000e-02  1.45000000e+00 
-5.00000000e-02  1.80000000e+00 -5.00000000e-02 -8.96669371e-14 -5.00000000e-02  1.45000000e+00 
-6.00000000e-02  1.79000000e+00 -6.00000000e-02 -1.04770431e-13 -6.00000000e-02  1.45000000e+00 
-7.00000000e-02  1.78000000e+00 -7.00000000e-02 -1.22417837e-13 -7.00000000e-02  1.45000000e+00 
-8.00000000e-02  1.77000000e+00 -8.00000000e-02 -1.43037603e-13 -8.00000000e-02  1.45000000e+00 
-9.00000000e-02  1.76000000e+00 -9.00000000e-02 -1.67130324e-13 -9.00000000e-02  1.45000000e+00 
-1.00000000e-01  1.75000000e+00 -1.00000000e-01 -1.95280894e-13 -1.00000000e-01  1.45000000e+00 
-1.10000000e-01  1.74000000e+00 -1.10000000e-01 -2.28172700e-13 -1.10000000e-01  1.45000000e+00 
-1.20000000e-01  1.73000000e+00 -1.20000000e-01 -2.66604202e-13 -1.20000000e-01  1.45000000e+00 
-1.30000000e-01  1.72000000e+00 -1.30000000e-01 -3.11508305e-13 -1.30000000e-01  1.45000000e+00 
-1.40000000e-01  1.71000000e+00 -1.40000000e-01 -3.63974992e-13 -1.40000000e-01  1.45000000e+00 
-1.50000000e-01  1.70000000e+00 -1.50000000e-01 -4.25277767e-13 -1.50000000e-01  1.45000000e+00 
-1.60000000e-01  1.69000000e+00 -1.60000000e-01 -4.96904545e-13 -1.60000000e-01  1.45000000e+00 
-1.70000000e-01  1.68000000e+00 -1.70000000e-01 -5.80593735e-13 -1.70000000e-01  1.45000000e+00 
-1.80000000e-01  1.67000000e+00 -1.80000000e-01 -6.78376405e-13 -1.80000000e-01  1.45000000e+00 
-1.90000000e-01  1.66000000e+00 -1.90000000e-01 -7.92625531e-13 -1.90000000e-01  1.45000000e+00 
-2.00000000e-01  1.65000000e+00 -2.00000000e-01 -9.26113526e-13 -2.00000000e-01  1.45000000e+00 
-2.10000000e-01  1.64000000e+00 -2.10000000e-01 -1.08207945e-12 -2.10000000e-01  1.45000000e+00 
-2.20000000e-01  1.63000000e+00 -2.20000000e-01 -1.26430754e-12 -2.20000000e-01  1.45000000e+00 
-2.30000000e-01  1.62000000e+00 -2.30000000e-01 -1.47721889e-12 -2.30000000e-01  1.45000000e+00 
-2.40000000e-01  1.61000000e+00 -2.40000000e-01 -1.72597858e-12 -2.40000000e-01  1.45000000e+00 
-2.50000000e-01  1.60000000e+00 -2.50000000e-01 -2.01662085e-12 -2.50000000e-01  1.45000000e+00 
-2.60000000e-01  1.59000000e+00 -2.60000000e-01 -2.35619521e-12 -2.60000000e-01  1.45000000e+00 
-2.70000000e-01  1.58000000e+00 -2.70000000e-01 -2.75293716e-12 -2.70000000e-01  1.45000000e+00 
-2.80000000e-01  1.57000000e+00 -2.80000000e-01 -3.21646763e-12 -2.80000000e-01  1.45000000e+00 
-2.90000000e-01  1.56000000e+00 -2.90000000e-01 -3.75802577e-12 -2.90000000e-01  1.45000000e+00 
-3.00000000e-01  1.55000000e+00 -3.00000000e-01 -4.39074100e-12 -3.00000000e-01  1.45000000e+00 
-3.10000000e-01  1.54000000e+00 -3.10000000e-01 -5.12995056e-12 -3.10000000e-01  1.45000000e+00 
-3.20000000e-01  1.53000000e+00 -3.20000000e-01 -5.99357050e-12 -3.20000000e-01  1.45000000e+00 
-3.30000000e-01  1.52000000e+00 -3.30000000e-01 -7.00252871e-12 -3.30000000e-01  1.45000000e+00 
-3.40000000e-01  1.51000000e+00 -3.40000000e-01 -8.18127077e-12 -3.40000000e-01  1.45000000e+00 
-3.50000000e-01  1.50000000e+00 -3.50000000e-01 -9.55835044e-12 -3.50000000e-01  1.45000000e+00 
-3.60000000e-01  1.49000000e+00 -3.60000000e-01 -1.11671192e-11 -3.60000000e-01  1.45000000e+00 
-3.70000000e-01  1.48000000e+00 -3.70000000e-01 -1.30465310e-11 -3.70000000e-01  1.45000000e+00 
-3.80000000e-01  1.47000000e+00 -3.80000000e-01 -1.52420824e-11 -3.80000000e-01  1.45000000e+00 
-3.90000000e-01  1.46000000e+00 -3.90000000e-01 -1.78069092e-11 -3.90000000e-01  1.45000000e+00 
-4.00000000e-01  1.45000000e+00 -4.00000000e-01 -2.08030667e-11 -4.00000000e-01  1.45000000e+00 
-4.10000000e-01  1.44000000e+00 -4.10000000e-01 -2.43030247e-11 -4.10000000e-01  1.45000000e+00 
-4.20000000e-01  1.43000000e+00 -4.20000000e-01 -2.83914108e-11 -4.20000000e-01  1.45000000e+00 
-4.30000000e-01  1.42000000e+00 -4.30000000e-01 -3.31670462e-11 -4.30000000e-01  1.45000000e+00 
-4.40000000e-01  1.41000000e+00 -4.40000000e-01 -3.87453197e-11 -4.40000000e-01  1.45000000e+00 
-4.50000000e-01  1.40000000e+00 -4.50000000e-01 -4.52609587e-11 -4.50000000e-01  1.45000000e+00 
-4.60000000e-01  1.39000000e+00 -4.60000000e-01 -5.28712601e-11 -4.60000000e-01  1.45000000e+00 
-4.70000000e-01  1.38000000e+00 -4.70000000e-01 -6.17598605e-11 -4.70000000e-01  1.45000000e+00 
-4.80000000e-01  1.37000000e+00 -4.80000000e-01 -7.21411315e-11 -4.80000000e-01  1.45000000e+00 
-4.90000000e-01  1.36000000e+00 -4.90000000e-01 -8.42653053e-11 -4.90000000e-01  1.45000000e+00 
-5.00000000e-01  1.35000000e+00 -5.00000000e-01 -9.84244472e-11 -5.00000000e-01  1.45000000e+00 
-5.10000000e-01  1.34000000e+00 -5.10000000e-01 -1.14959425e-10 -5.10000000e-01  1.45000000e+00 
-5.20000000e-01  1.33000000e+00 -5.20000000e-01 -1.34268026e-10 -5.20000000e-01  1.45000000e+00 
-5.30000000e-01  1.32000000e+00 -5.30000000e-01 -1.56814417e-10 -5.30000000e-01  1.45000000e+00 
-5.40000000e-01  1.31000000e+00 -5.40000000e-01 -1.83140161e-10 -5.40000000e-01  1.45000000e+00 
-5.50000000e-01  1.30000000e+00 -5.50000000e-01 -2.13877051e-10 -5.50000000e-01  1.45000000e+00 
-5.60000000e-01  1.29000000e+00 -5.60000000e-01 -2.49762052e-10 -5.60000000e-01  1.45000000e+00 
-5.70000000e-01  1.28000000e+00 -5.70000000e-01 -2.91654696e-10 -5.70000000e-01  1.45000000e+00 
-5.80000000e-01  1.27000000e+00 -5.80000000e-01 -3.40557325e-10 -5.80000000e-01  1.45000000e+00 
-5.90000000e-01  1.26000000e+00 -5.90000000e-01 -3.97638637e-10 -5.90000000e-01  1.45000000e+00 
-6.00000000e-01  1.25000000e+00 -6.00000000e-01 -4.64261078e-10 -6.00000000e-01  1.45000000e+00 
-6.10000000e-01  1.24000000e+00 -6.10000000e-01 -5.42012679e-10 -6.10000000e-01  1.45000000e+00 
-6.20000000e-01  1.23000000e+00 -6.20000000e-01 -6.32744066e-10 -6.20000000e-01  1.45000000e+00 
-6.30000000e-01  1.22000000e+00 -6.30000000e-01 -7.38611441e-10 -6.30000000e-01  1.45000000e+00 
-6.40000000e-01  1.21000000e+00 -6.40000000e-01 -8.62126508e-10 -6.40000000e-01  1.45000000e+00 
-6.50000000e-01  1.20000000e+00 -6.50000000e-01 -1.00621441e-09 -6.50000000e-01  1.45000000e+00 
-6.60000000e-01  1.19000000e+00 -6.60000000e-01 -1.17428096e-09 -6.60000000e-01  1.45000000e+00 
-6.70000000e-01  1.18000000e+00 -6.70000000e-01 -1.37029057e-09 -6.70000000e-01  1.45000000e+00 
-6.80000000e-01  1.17000000e+00 -6.80000000e-01 -1.59885661e-09 -6.80000000e-01  1.45000000e+00 
-6.90000000e-01  1.16000000e+00 -6.90000000e-01 -1.86534605e-09 -6.90000000e-01  1.45000000e+00 
-7.00000000e-01  1.15000000e+00 -7.00000000e-01 -2.17600060e-09 -7.00000000e-01  1.45000000e+00 
-7.10000000e-01  1.14000000e+00 -7.10000000e-01 -2.53807689e-09 -7.10000000e-01  1.45000000e+00 
-7.20000000e-01  1.13000000e+00 -7.20000000e-01 -2.96000850e-09 -7.20000000e-01  1.45000000e+00 
-7.30000000e-01  1.12000000e+00 -7.30000000e-01 -3.45159325e-09 -7.30000000e-01  1.45000000e+00 
-7.40000000e-01  1.11000000e+00 -7.40000000e-01 -4.02420943e-09 -7.40000000e-01  1.45000000e+00 
-7.50000000e-01  1.10000000e+00 -7.50000000e-01 -4.69106536e-09 -7.50000000e-01  1.45000000e+00 
-7.60000000e-01  1.09000000e+00 -7.60000000e-01 -5.46748708e-09 -7.60000000e-01  1.45000000e+00 
-7.70000000e-01  1.08000000e+00 -7.70000000e-01 -6.37124998e-09 -7.70000000e-01  1.45000000e+00 
-7.80000000e-01  1.07000000e+00 -7.80000000e-01 -7.42296061e-09 -7.80000000e-01  1.45000000e+00 
-7.90000000e-01  1.06000000e+00 -7.90000000e-01 -8.64649611e-09 -7.90000000e-01  1.45000000e+00 
-8.00000000e-01  1.05000000e+00 -8.00000000e-01 -1.00695095e-08 -8.00000000e-01  1.45000000e+00 
-8.10000000e-01  1.04000000e+00 -8.10000000e-01 -1.17240104e-08 -8.10000000e-01  1.45000000e+00 
-8.20000000e-01  1.03000000e+00 -8.20000000e-01 -1.36470324e-08 -8.20000000e-01  1.45000000e+00 
-8.30000000e-01  1.02000000e+00 -8.30000000e-01 -1.58813983e-08 -8.30000000e-01  1.45000000e+00 
-8.40000000e-01  1.01000000e+00 -8.40000000e-01 -1.84765996e-08 -8.40000000e-01  1.45000000e+00 
-8.50000000e-01  1.00000000e+00 -8.50000000e-01 -2.14898047e-08 -8.50000000e-01  1.45000000e+00 
-8.60000000e-01  9.90000000e-01 -8.60000000e-01 -2.49870147e-08 -8.60000000e-01  1.45000000e+00 
-8.70000000e-01  9.80000000e-01 -8.70000000e-01 -2.90443905e-08 -8.70000000e-01  1.45000000e+00 
-8.80000000e-01  9.70000000e-01 -8.80000000e-01 -3.37497737e-08 -8.80000000e-01  1.45000000e+00 
-8.90000000e-01  9.60000000e-01 -8.90000000e-01 -3.92044319e-08 -8.90000000e-01  1.45000000e+00 
-9.00000000e-01  9.50000000e-01 -9.00000000e-01 -4.55250624e-08 -9.00000000e-01  1.45000000e+00 
-9.10000000e-01  9.40000000e-01 -9.10000000e-01 -5.28460932e-08 -9.10000000e-01  1.45000000e+00 
-9.20000000e-01  9.30000000e-01 -9.20000000e-01 -6.13223276e-08 -9.20000000e-01  1.45000000e+00 
-9.30000000e-01  9.20000000e-01 -9.30000000e-01 -7.11319876e-08 -9.30000000e-01  1.45000000e+00 
-9.40000000e-01  9.10000000e-01 -9.40000000e-01 -8.24802184e-08 -9.40000000e-01  1.45000000e+00 
-9.50000000e-01  9.00000000e-01 -9.50000000e-01 -9.56031295e-08 -9.50000000e-01  1.45000000e+00 
-9.60000000e-01  8.90000000e-01 -9.60000000e-01 -1.10772459e-07 -9.60000000e-01  1.45000000e+00 
-9.70000000e-01  8.80000000e-01 -9.70000000e-01 -1.28300962e-07 -9.70000000e-01  1.45000000e+00 
-9.80000000e-01  8.70000000e-01 -9.80000000e-01 -1.48548640e-07 -9.80000000e-01  1.45000000e+00 
-9.90000000e-01  8.60000000e-01 -9.90000000e-01 -1.71929945e-07 -9.90000000e-01  1.45000000e+00 
-1.00000000e+00  8.50000000e-01 -1.00000000e+00 -1.98922113e-07 -1.00000000e+00  1.45000000e+00 
-1.01000000e+00  8.40000000e-01 -1.01000000e+00 -2.30074778e-07 -1.01000000e+00  1.45000000e+00 
-1.02000000e+00  8.30000000e-01 -1.02000000e+00 -2.66021077e-07 -1.02000000e+00  1.45000000e+00 
-1.03000000e+00  8.20000000e-01 -1.03000000e+00 -3.07490399e-07 -1.03000000e+00  1.45000000e+00 
-1.04000000e+00  8.10000000e-01 -1.04000000e+00 -3.55323001e-07 -1.04000000e+00  1.45000000e+00 
-1.05000000e+00  8.00000000e-01 -1.05000000e+00 -4.10486642e-07 -1.05000000e+00  1.45000000e+00 
-1.06000000e+00  7.90000000e-01 -1.06000000e+00 -4.74095402e-07 -1.06000000e+00  1.45000000e+00 
-1.07000000e+00  7.80000000e-01 -1.07000000e+00 -5.47430769e-07 -1.07000000e+00  1.45000000e+00 
-1.08000000e+00  7.70000000e-01 -1.08000000e+00 -6.31964998e-07 -1.08000000e+00  1.45000000e+00 
-1.09000000e+00  7.60000000e-01 -1.09000000e+00 -7.29386657e-07 -1.09000000e+00  1.45000000e+00 
-1.10000000e+00  7.50000000e-01 -1.10000000e+00 -8.41628052e-07 -1.10000000e+00  1.45000000e+00 
-1.11000000e+00  7.40000000e-01 -1.11000000e+00 -9.70894097e-07 -1.11000000e+00  1.45000000e+00 
-1.12000000e+00  7.30000000e-01 -1.12000000e+00 -1.11969189e-06 -1.12000000e+00  1.45000000e+00 
-1.13000000e+00  7.20000000e-01 -1.13000000e+00 -1.29085997e-06 -1.13000000e+00  1.45000000e+00 
-1.14000000e+00  7.10000000e-01 -1.14000000e+00 -1.48759610e-06 -1.14000000e+00  1.45000000e+00 
-1.15000000e+00  7.00000000e-01 -1.15000000e+00 -1.71348172e-06 -1.15000000e+00  1.45000000e+00 
-1.16000000e+00  6.90000000e-01 -1.16000000e+00 -1.97250155e-06 -1.16000000e+00  1.45000000e+00 
-1.17000000e+00  6.80000000e-01 -1.17000000e+00 -2.26905599e-06 -1.17000000e+00  1.45000000e+00 
-1.18000000e+00  6.70000000e-01 -1.18000000e+00 -2.60796444e-06 -1.18000000e+00  1.45000000e+00 
-1.19000000e+00  6.60000000e-01 -1.19000000e+00 -2.99445724e-06 -1.19000000e+00  1.45000000e+00 
-1.20000000e+00  6.50000000e-01 -1.20000000e+00 -3.43415450e-06 -1.20000000e+00  1.45000000e+00 
-1.21000000e+00  6.40000000e-01 -1.21000000e+00 -3.93303037e-06 -1.21000000e+00  1.45000000e+00 
-1.22000000e+00  6.30000000e-01 -1.22000000e+00 -4.49736180e-06 -1.22000000e+00  1.45000000e+00 
-1.23000000e+00  6.20000000e-01 -1.23000000e+00 -5.13366184e-06 -1.23000000e+00  1.45000000e+00 
-1.24000000e+00  6.10000000e-01 -1.24000000e+00 -5.84859802e-06 -1.24000000e+00  1.45000000e+00 
-1.25000000e+00  6.00000000e-01 -1.25000000e+00 -6.64889758e-06 -1.25000000e+00  1.45000000e+00 
-1.26000000e+00  5.90000000e-01 -1.26000000e+00 -7.54124191e-06 -1.26000000e+00  1.45000000e+00 
-1.27000000e+00  5.80000000e-01 -1.27000000e+00 -8.53215334e-06 -1.27000000e+00  1.45000000e+00 
-1.28000000e+00  5.70000000e-01 -1.28000000e+00 -9.62787793e-06 -1.28000000e+00  1.45000000e+00 
-1.29000000e+00  5.60000000e-01 -1.29000000e+00 -1.08342683e-05 -1.29000000e+00  1.45000000e+00 
-1.30000000e+00  5.50000000e-01 -1.30000000e+00 -1.21566702e-05 -1.30000000e+00  1.45000000e+00 
-1.31000000e+00  5.40000000e-01 -1.31000000e+00 -1.35998171e-05 -1.31000000e+00  1.45000000e+00 
-1.32000000e+00  5.30000000e-01 -1.32000000e+00 -1.51677355e-05 -1.32000000e+00  1.45000000e+00 
-1.33000000e+00  5.20000000e-01 -1.33000000e+00 -1.68636645e-05 -1.33000000e+00  1.45000000e+00 
-1.34000000e+00  5.10000000e-01 -1.34000000e+00 -1.86899912e-05 -1.34000000e+00  1.45000000e+00 
-1.35000000e+00  5.00000000e-01 -1.35000000e+00 -2.06482042e-05 -1.35000000e+00  1.45000000e+00 
-1.36000000e+00  4.90000000e-01 -1.36000000e+00 -2.27388647e-05 -1.36000000e+00  1.45000000e+00 
-1.37000000e+00  4.80000000e-01 -1.37000000e+00 -2.49615974e-05 -1.37000000e+00  1.45000000e+00 
-1.38000000e+00  4.70000000e-01 -1.38000000e+00 -2.73150985e-05 -1.38000000e+00  1.45000000e+00 
-1.39000000e+00  4.60000000e-01 -1.39000000e+00 -2.97971623e-05 -1.39000000e+00  1.45000000e+00 
-1.40000000e+00  4.50000000e-01 -1.40000000e+00 -3.24047228e-05 -1.40000000e+00  1.45000000e+00 
-1.41000000e+00  4.40000000e-01 -1.41000000e+00 -3.51339106e-05 -1.41000000e+00  1.45000000e+00 
-1.42000000e+00  4.30000000e-01 -1.42000000e+00 -3.79801217e-05 -1.42000000e+00  1.45000000e+00 
-1.43000000e+00  4.20000000e-01 -1.43000000e+00 -4.09380966e-05 -1.43000000e+00  1.45000000e+00 
-1.44000000e+00  4.10000000e-01 -1.44000000e+00 -4.40020080e-05 -1.44000000e+00  1.45000000e+00 
-1.45000000e+00  4.00000000e-01 -1.45000000e+00 -4.71655534e-05 -1.45000000e+00  1.45000000e+00 
-1.46000000e+00  3.90000000e-01 -1.46000000e+00 -5.04220512e-05 -1.46000000e+00  1.45000000e+00 
-1.47000000e+00  3.80000000e-01 -1.47000000e+00 -5.37645378e-05 -1.47000000e+00  1.45000000e+00 
-1.48000000e+00  3.70000000e-01 -1.48000000e+00 -5.71858635e-05 -1.48000000e+00  1.45000000e+00 
-1.49000000e+00  3.60000000e-01 -1.49000000e+00 -6.06787849e-05 -1.49000000e+00  1.45000000e+00 
-1.50000000e+00  3.50000000e-01 -1.50000000e+00 -6.42360522e-05 -1.50000000e+00  1.45000000e+00 
-1.51000000e+00  3.40000000e-01 -1.51000000e+00 -6.78504906e-05 -1.51000000e+00  1.45000000e+00 
-1.52000000e+00  3.30000000e-01 -1.52000000e+00 -7.15150734e-05 -1.52000000e+00  1.45000000e+00 
-1.53000000e+00  3.20000000e-01 -1.53000000e+00 -7.52229871e-05 -1.53000000e+00  1.45000000e+00 
-1.54000000e+00  3.10000000e-01 -1.54000000e+00 -7.89676871e-05 -1.54000000e+00  1.45000000e+00 
-1.55000000e+00  3.00000000e-01 -1.55000000e+00 -8.27429441e-05 -1.55000000e+00  1.45000000e+00 
-1.56000000e+00  2.90000000e-01 -1.56000000e+00 -8.65428816e-05 -1.56000000e+00  1.45000000e+00 
-1.57000000e+00  2.80000000e-01 -1.57000000e+00 -9.03620044e-05 -1.57000000e+00  1.45000000e+00 
-1.58000000e+00  2.70000000e-01 -1.58000000e+00 -9.41952178e-05 -1.58000000e+00  1.45000000e+00 
-1.59000000e+00  2.60000000e-01 -1.59000000e+00 -9.80378397e-05 -1.59000000e+00  1.45000000e+00 
-1.60000000e+00  2.50000000e-01 -1.60000000e+00 -1.01885605e-04 -1.60000000e+00  1.45000000e+00 
-1.61000000e+00  2.40000000e-01 -1.61000000e+00 -1.05734665e-04 -1.61000000e+00  1.45000000e+00 
-1.62000000e+00  2.30000000e-01 -1.62000000e+00 -1.09581579e-04 -1.62000000e+00  1.45000000e+00 
-1.63000000e+00  2.20000000e-01 -1.63000000e+00 -1.13423301e-04 -1.63000000e+00  1.45000000e+00 
-1.64000000e+00  2.10000000e-01 -1.64000000e+00 -1.17257169e-04 -1.64000000e+00  1.45000000e+00 
-1.65000000e+00  2.00000000e-01 -1.65000000e+00 -1.21080880e-04 -1.65000000e+00  1.45000000e+00 
-1.66000000e+00  1.90000000e-01 -1.66000000e+00 -1.24892474e-04 -1.66000000e+00  1.45000000e+00 
-1.67000000e+00  1.80000000e-01 -1.67000000e+00 -1.28690309e-04 -1.67000000e+00  1.45000000e+00 
-1.68000000e+00  1.70000000e-01 -1.68000000e+00 -1.32473039e-04 -1.68000000e+00  1.45000000e+00 
-1.69000000e+00  1.60000000e-01 -1.69000000e+00 -1.36239588e-04 -1.69000000e+00  1.45000000e+00 
-1.70000000e+00  1.50000000e-01 -1.70000000e+00 -1.39989128e-04 -1.70000000e+00  1.45000000e+00 
-1.71000000e+00  1.40000000e-01 -1.71000000e+00 -1.43721055e-04 -1.71000000e+00  1.45000000e+00 
-1.72000000e+00  1.30000000e-01 -1.72000000e+00 -1.47434966e-04 -1.72000000e+00  1.45000000e+00 
-1.73000000e+00  1.20000000e-01 -1.73000000e+00 -1.51130637e-04 -1.73000000e+00  1.45000000e+00 
-1.74000000e+00  1.10000000e-01 -1.74000000e+00 -1.54808002e-04 -1.74000000e+00  1.45000000e+00 
-1.75000000e+00  1.00000000e-01 -1.75000000e+00 -1.58467134e-04 -1.75000000e+00  1.45000000e+00 
-1.76000000e+00  9.00000000e-02 -1.76000000e+00 -1.62108226e-04 -1.76000000e+00  1.45000000e+00 
-1.77000000e+00  8.00000000e-02 -1.77000000e+00 -1.65731573e-04 -1.77000000e+00  1.45000000e+00 
-1.78000000e+00  7.00000000e-02 -1.78000000e+00 -1.69337558e-04 -1.78000000e+00  1.45000000e+00 
-1.79000000e+00  6.00000000e-02 -1.79000000e+00 -1.72926640e-04 -1.79000000e+00  1.45000000e+00 
-1.80000000e+00  5.00000000e-02 -1.80000000e+00 -1.76499333e-04 -1.80000000e+00  1.45000000e+00 
-1.81000000e+00  4.00000000e-02 -1.81000000e+00 -1.80056204e-04 -1.81000000e+00  1.45000000e+00 
-1.82000000e+00  3.00000000e-02 -1.82000000e+00 -1.83597855e-04 -1.82000000e+00  1.45000000e+00 
-1.83000000e+00  2.00000000e-02 -1.83000000e+00 -1.87124918e-04 -1.83000000e+00  1.45000000e+00 
-1.84000000e+00  1.00000000e-02 -1.84000000e+00 -1.90638044e-04 -1.84000000e+00  1.45000000e+00 
-1.85000000e+00 -1.33226763e-15 -1.85000000e+00 -1.94137897e-04 -1.85000000e+00  1.45000000e+00 
