 0.00000000e+00  1.85000000e+00  0.00000000e+00 -6.20911772e-15  0.00000000e+00  1.00000000e-02 
-1.00000000e-02  1.84000000e+00 -1.00000000e-02 -7.25500908e-15 -1.00000000e-02  1.00000000e-02 
-2.00000000e-02  1.83000000e+00 -2.00000000e-02 -8.47706947e-15 -2.00000000e-02  1.00000000e-02 
-3.00000000e-02  1.82000000e+00 -3.00000000e-02 -9.90497120e-15 -3.00000000e-02  1.00000000e-02 
-4.00000000e-02  1.81000000e+00 -4.00000000e-02 -1.15733839e-14 -4.00000000e-02  1.00000000e-02 
-5.00000000e-02  1.80000000e+00 -5.00000000e-02 -1.35228161e-14 -5.00000000e-02  1.00000000e-02 
-6.00000000e-02  1.79000000e+00 -6.00000000e-02 -1.58005985e-14 -6.00000000e-02  1.00000000e-02 
-7.00000000e-02  1.78000000e+00 -7.00000000e-02 -1.84620327e-14 -7.00000000e-02  1.00000000e-02 
-8.00000000e-02  1.77000000e+00 -8.00000000e-02 -2.15717331e-14 -8.00000000e-02  1.00000000e-02 
-9.00000000e-02  1.76000000e+00 -9.00000000e-02 -2.52051955e-14 -9.00000000e-02  1.00000000e-02 
-1.00000000e-01  1.75000000e+00 -1.00000000e-01 -2.94506290e-14 -1.00000000e-01  1.00000000e-02 
-1.10000000e-01  1.74000000e+00 -1.10000000e-01 -3.44110960e-14 -1.10000000e-01  1.00000000e-02 
-1.20000000e-01  1.73000000e+00 -1.20000000e-01 -4.02070138e-14 -1.20000000e-01  1.00000000e-02 
-1.30000000e-01  1.72000000e+00 -1.30000000e-01 -4.69790752e-14 -1.30000000e-01  1.00000000e-02 
-1.40000000e-01  1.71000000e+00 -1.40000000e-01 -5.48916626e-14 -1.40000000e-01  1.00000000e-02 
-1.50000000e-01  1.70000000e+00 -1.50000000e-01 -6.41368353e-14 -1.50000000e-01  1.00000000e-02 
-1.60000000e-01  1.69000000e+00 -1.60000000e-01 -7.49389881e-14 -1.60000000e-01  1.00000000e-02 
-1.70000000e-01  1.68000000e+00 -1.70000000e-01 -8.75602939e-14 -1.70000000e-01  1.00000000e-02 
-1.80000000e-01  1.67000000e+00 -1.80000000e-01 -1.02307062e-13 -1.80000000e-01  1.00000000e-02 
-1.90000000e-01  1.66000000e+00 -1.90000000e-01 -1.19537164e-13 -1.90000000e-01  1.00000000e-02 
-2.00000000e-01  1.65000000e+00 -2.00000000e-01 -1.39668714e-13 -2.00000000e-01  1.00000000e-02 
-2.10000000e-01  1.64000000e+00 -2.10000000e-01 -1.63190200e-13 -2.10000000e-01  1.00000000e-02 
-2.20000000e-01  1.63000000e+00 -2.20000000e-01 -1.90672330e-13 -2.20000000e-01  1.00000000e-02 
-2.30000000e-01  1.62000000e+00 -2.30000000e-01 -2.22781858e-13 -2.30000000e-01  1.00000000e-02 
-2.40000000e-01  1.61000000e+00 -2.40000000e-01 -2.60297743e-13 -2.40000000e-01  1.00000000e-02 
-2.50000000e-01  1.60000000e+00 -2.50000000e-01 -3.04130017e-13 -2.50000000e-01  1.00000000e-02 
-2.60000000e-01  1.59000000e+00 -2.60000000e-01 -3.55341836e-13 -2.60000000e-01  1.00000000e-02 
-2.70000000e-01  1.58000000e+00 -2.70000000e-01 -4.15175214e-13 -2.70000000e-01  1.00000000e-02 
-2.80000000e-01  1.57000000e+00 -2.80000000e-01 -4.85081106e-13 -2.80000000e-01  1.00000000e-02 
-2.90000000e-01  1.56000000e+00 -2.90000000e-01 -5.66754519e-13 -2.90000000e-01  1.00000000e-02 
-3.00000000e-01  1.55000000e+00 -3.00000000e-01 -6.62175535e-13 -3.00000000e-01  1.00000000e-02 
-3.10000000e-01  1.54000000e+00 -3.10000000e-01 -7.73657211e-13 -3.10000000e-01  1.00000000e-02 
-3.20000000e-01  1.53000000e+00 -3.20000000e-01 -9.03901521e-13 -3.20000000e-01  1.00000000e-02 
-3.30000000e-01  1.52000000e+00 -3.30000000e-01 -1.05606467e-12 -3.30000000e-01  1.00000000e-02 
-3.40000000e-01  1.51000000e+00 -3.40000000e-01 -1.23383340e-12 -3.40000000e-01  1.00000000e-02 
-3.50000000e-01  1.50000000e+00 -3.50000000e-01 -1.44151400e-12 -3.50000000e-01  1.00000000e-02 
-3.60000000e-01  1.49000000e+00 -3.60000000e-01 -1.68413637e-12 -3.60000000e-01  1.00000000e-02 
-3.70000000e-01  1.48000000e+00 -3.70000000e-01 -1.96757537e-12 -3.70000000e-01  1.00000000e-02 
-3.80000000e-01  1.47000000e+00 -3.80000000e-01 -2.29869255e-12 -3.80000000e-01  1.00000000e-02 
-3.90000000e-01  1.46000000e+00 -3.90000000e-01 -2.68550167e-12 -3.90000000e-01  1.00000000e-02 
-4.00000000e-01  1.45000000e+00 -4.00000000e-01 -3.13736174e-12 -4.00000000e-01  1.00000000e-02 
-4.10000000e-01  1.44000000e+00 -4.10000000e-01 -3.66520247e-12 -4.10000000e-01  1.00000000e-02 
-4.20000000e-01  1.43000000e+00 -4.20000000e-01 -4.28178736e-12 -4.20000000e-01  1.00000000e-02 
-4.30000000e-01  1.42000000e+00 -4.30000000e-01 -5.00202060e-12 -4.30000000e-01  1.00000000e-02 
-4.40000000e-01  1.41000000e+00 -4.40000000e-01 -5.84330537e-12 -4.40000000e-01  1.00000000e-02 
-4.50000000e-01  1.40000000e+00 -4.50000000e-01 -6.82596168e-12 -4.50000000e-01  1.00000000e-02 
-4.60000000e-01  1.39000000e+00 -4.60000000e-01 -7.97371391e-12 -4.60000000e-01  1.00000000e-02 
-4.70000000e-01  1.38000000e+00 -4.70000000e-01 -9.31425954e-12 -4.70000000e-01  1.00000000e-02 
-4.80000000e-01  1.37000000e+00 -4.80000000e-01 -1.08799323e-11 -4.80000000e-01  1.00000000e-02 
-4.90000000e-01  1.36000000e+00 -4.90000000e-01 -1.27084757e-11 -4.90000000e-01  1.00000000e-02 
-5.00000000e-01  1.35000000e+00 -5.00000000e-01 -1.48439439e-11 -5.00000000e-01  1.00000000e-02 
-5.10000000e-01  1.34000000e+00 -5.10000000e-01 -1.73377541e-11 -5.10000000e-01  1.00000000e-02 
-5.20000000e-01  1.33000000e+00 -5.20000000e-01 -2.02499111e-11 -5.20000000e-01  1.00000000e-02 
-5.30000000e-01  1.32000000e+00 -5.30000000e-01 -2.36504356e-11 -5.30000000e-01  1.00000000e-02 
-5.40000000e-01  1.31000000e+00 -5.40000000e-01 -2.76210275e-11 -5.40000000e-01  1.00000000e-02 
-5.50000000e-01  1.30000000e+00 -5.50000000e-01 -3.22570036e-11 -5.50000000e-01  1.00000000e-02 
-5.60000000e-01  1.29000000e+00 -5.60000000e-01 -3.76695549e-11 -5.60000000e-01  1.00000000e-02 
-5.70000000e-01  1.28000000e+00 -5.70000000e-01 -4.39883743e-11 -5.70000000e-01  1.00000000e-02 
-5.80000000e-01  1.27000000e+00 -5.80000000e-01 -5.13647154e-11 -5.80000000e-01  1.00000000e-02 
-5.90000000e-01  1.26000000e+00 -5.90000000e-01 -5.99749529e-11 -5.90000000e-01  1.00000000e-02 
-6.00000000e-01  1.25000000e+00 -6.00000000e-01 -7.00247244e-11 -6.00000000e-01  1.00000000e-02 
-6.10000000e-01  1.24000000e+00 -6.10000000e-01 -8.17537483e-11 -6.10000000e-01  1.00000000e-02 
-6.20000000e-01  1.23000000e+00 -6.20000000e-01 -9.54414259e-11 -6.20000000e-01  1.00000000e-02 
-6.30000000e-01  1.22000000e+00 -6.30000000e-01 -1.11413354e-10 -6.30000000e-01  1.00000000e-02 
-6.40000000e-01  1.21000000e+00 -6.40000000e-01 -1.30048891e-10 -6.40000000e-01  1.00000000e-02 
-6.50000000e-01  1.20000000e+00 -6.50000000e-01 -1.51789953e-10 -6.50000000e-01  1.00000000e-02 
-6.60000000e-01  1.19000000e+00 -6.60000000e-01 -1.77151220e-10 -6.60000000e-01  1.00000000e-02 
-6.70000000e-01  1.18000000e+00 -6.70000000e-01 -2.06731990e-10 -6.70000000e-01  1.00000000e-02 
-6.80000000e-01  1.17000000e+00 -6.80000000e-01 -2.41229942e-10 -6.80000000e-01  1.00000000e-02 
-6.90000000e-01  1.16000000e+00 -6.90000000e-01 -2.81457093e-10 -6.90000000e-01  1.00000000e-02 
-7.00000000e-01  1.15000000e+00 -7.00000000e-01 -3.28358315e-10 -7.00000000e-01  1.00000000e-02 
-7.10000000e-01  1.14000000e+00 -7.10000000e-01 -3.83032801e-10 -7.10000000e-01  1.00000000e-02 
-7.20000000e-01  1.13000000e+00 -7.20000000e-01 -4.46758956e-10 -7.20000000e-01  1.00000000e-02 
-7.30000000e-01  1.12000000e+00 -7.30000000e-01 -5.21023236e-10 -7.30000000e-01  1.00000000e-02 
-7.40000000e-01  1.11000000e+00 -7.40000000e-01 -6.07553569e-10 -7.40000000e-01  1.00000000e-02 
-7.50000000e-01  1.10000000e+00 -7.50000000e-01 -7.08358079e-10 -7.50000000e-01  1.00000000e-02 
-7.60000000e-01  1.09000000e+00 -7.60000000e-01 -8.25769946e-10 -7.60000000e-01  1.00000000e-02 
-7.70000000e-01  1.08000000e+00 -7.70000000e-01 -9.62499376e-10 -7.70000000e-01  1.00000000e-02 
-7.80000000e-01  1.07000000e+00 -7.80000000e-01 -1.12169382e-09 -7.80000000e-01  1.00000000e-02 
-7.90000000e-01  1.06000000e+00 -7.90000000e-01 -1.30700778e-09 -7.90000000e-01  1.00000000e-02 
-8.00000000e-01  1.05000000e+00 -8.00000000e-01 -1.52268367e-09 -8.00000000e-01  1.00000000e-02 
-8.10000000e-01  1.04000000e+00 -8.10000000e-01 -1.77364575e-09 -8.10000000e-01  1.00000000e-02 
-8.20000000e-01  1.03000000e+00 -8.20000000e-01 -2.06560899e-09 -8.20000000e-01  1.00000000e-02 
-8.30000000e-01  1.02000000e+00 -8.30000000e-01 -2.40520564e-09 -8.30000000e-01  1.00000000e-02 
-8.40000000e-01  1.01000000e+00 -8.40000000e-01 -2.80013239e-09 -8.40000000e-01  1.00000000e-02 
-8.50000000e-01  1.00000000e+00 -8.50000000e-01 -3.25932167e-09 -8.50000000e-01  1.00000000e-02 
-8.60000000e-01  9.90000000e-01 -8.60000000e-01 -3.79314134e-09 -8.60000000e-01  1.00000000e-02 
-8.70000000e-01  9.80000000e-01 -8.70000000e-01 -4.41362776e-09 -8.70000000e-01  1.00000000e-02 
-8.80000000e-01  9.70000000e-01 -8.80000000e-01 -5.13475837e-09 -8.80000000e-01  1.00000000e-02 
-8.90000000e-01  9.60000000e-01 -8.90000000e-01 -5.97277072e-09 -8.90000000e-01  1.00000000e-02 
-9.00000000e-01  9.50000000e-01 -9.00000000e-01 -6.94653663e-09 -9.00000000e-01  1.00000000e-02 
-9.10000000e-01  9.40000000e-01 -9.10000000e-01 -8.07800147e-09 -9.10000000e-01  1.00000000e-02 
-9.20000000e-01  9.30000000e-01 -9.20000000e-01 -9.39270030e-09 -9.20000000e-01  1.00000000e-02 
-9.30000000e-01  9.20000000e-01 -9.30000000e-01 -1.09203648e-08 -9.30000000e-01  1.00000000e-02 
-9.40000000e-01  9.10000000e-01 -9.40000000e-01 -1.26956369e-08 -9.40000000e-01  1.00000000e-02 
-9.50000000e-01  9.00000000e-01 -9.50000000e-01 -1.47589065e-08 -9.50000000e-01  1.00000000e-02 
-9.60000000e-01  8.90000000e-01 -9.60000000e-01 -1.71572938e-08 -9.60000000e-01  1.00000000e-02 
-9.70000000e-01  8.80000000e-01 -9.70000000e-01 -1.99457969e-08 -9.70000000e-01  1.00000000e-02 
-9.80000000e-01  8.70000000e-01 -9.80000000e-01 -2.31886258e-08 -9.80000000e-01  1.00000000e-02 
-9.90000000e-01  8.60000000e-01 -9.90000000e-01 -2.69607428e-08 -9.90000000e-01  1.00000000e-02 
-1.00000000e+00  8.50000000e-01 -1.00000000e+00 -3.13496245e-08 -1.00000000e+00  1.00000000e-02 
-1.01000000e+00  8.40000000e-01 -1.01000000e+00 -3.64572547e-08 -1.01000000e+00  1.00000000e-02 
-1.02000000e+00  8.30000000e-01 -1.02000000e+00 -4.24023400e-08 -1.02000000e+00  1.00000000e-02 
-1.03000000e+00  8.20000000e-01 -1.03000000e+00 -4.93227261e-08 -1.03000000e+00  1.00000000e-02 
-1.04000000e+00  8.10000000e-01 -1.04000000e+00 -5.73779572e-08 -1.04000000e+00  1.00000000e-02 
-1.05000000e+00  8.00000000e-01 -1.05000000e+00 -6.67518905e-08 -1.05000000e+00  1.00000000e-02 
-1.06000000e+00  7.90000000e-01 -1.06000000e+00 -7.76552213e-08 -1.06000000e+00  1.00000000e-02 
-1.07000000e+00  7.80000000e-01 -1.07000000e+00 -9.03277198e-08 -1.07000000e+00  1.00000000e-02 
-1.08000000e+00  7.70000000e-01 -1.08000000e+00 -1.05039913e-07 -1.08000000e+00  1.00000000e-02 
-1.09000000e+00  7.60000000e-01 -1.09000000e+00 -1.22093870e-07 -1.09000000e+00  1.00000000e-02 
-1.10000000e+00  7.50000000e-01 -1.10000000e+00 -1.41822694e-07 -1.10000000e+00  1.00000000e-02 
-1.11000000e+00  7.40000000e-01 -1.11000000e+00 -1.64588264e-07 -1.11000000e+00  1.00000000e-02 
-1.12000000e+00  7.30000000e-01 -1.12000000e+00 -1.90776762e-07 -1.12000000e+00  1.00000000e-02 
-1.13000000e+00  7.20000000e-01 -1.13000000e+00 -2.20791558e-07 -1.13000000e+00  1.00000000e-02 
-1.14000000e+00  7.10000000e-01 -1.14000000e+00 -2.55043129e-07 -1.14000000e+00  1.00000000e-02 
-1.15000000e+00  7.00000000e-01 -1.15000000e+00 -2.93935865e-07 -1.15000000e+00  1.00000000e-02 
-1.16000000e+00  6.90000000e-01 -1.16000000e+00 -3.37851917e-07 -1.16000000e+00  1.00000000e-02 
-1.17000000e+00  6.80000000e-01 -1.17000000e+00 -3.87132537e-07 -1.17000000e+00  1.00000000e-02 
-1.18000000e+00  6.70000000e-01 -1.18000000e+00 -4.42057828e-07 -1.18000000e+00  1.00000000e-02 
-1.19000000e+00  6.60000000e-01 -1.19000000e+00 -5.02826123e-07 -1.19000000e+00  1.00000000e-02 
-1.20000000e+00  6.50000000e-01 -1.20000000e+00 -5.69534623e-07 -1.20000000e+00  1.00000000e-02 
-1.21000000e+00  6.40000000e-01 -1.21000000e+00 -6.42163022e-07 -1.21000000e+00  1.00000000e-02 
-1.22000000e+00  6.30000000e-01 -1.22000000e+00 -7.20561880e-07 -1.22000000e+00  1.00000000e-02 
-1.23000000e+00  6.20000000e-01 -1.23000000e+00 -8.04447225e-07 -1.23000000e+00  1.00000000e-02 
-1.24000000e+00  6.10000000e-01 -1.24000000e+00 -8.93402362e-07 -1.24000000e+00  1.00000000e-02 
-1.25000000e+00  6.00000000e-01 -1.25000000e+00 -9.86887212e-07 -1.25000000e+00  1.00000000e-02 
-1.26000000e+00  5.90000000e-01 -1.26000000e+00 -1.08425473e-06 -1.26000000e+00  1.00000000e-02 
-1.27000000e+00  5.80000000e-01 -1.27000000e+00 -1.18477327e-06 -1.27000000e+00  1.00000000e-02 
-1.28000000e+00  5.70000000e-01 -1.28000000e+00 -1.28765304e-06 -1.28000000e+00  1.00000000e-02 
-1.29000000e+00  5.60000000e-01 -1.29000000e+00 -1.39207473e-06 -1.29000000e+00  1.00000000e-02 
-1.30000000e+00  5.50000000e-01 -1.30000000e+00 -1.49721798e-06 -1.30000000e+00  1.00000000e-02 
-1.31000000e+00  5.40000000e-01 -1.31000000e+00 -1.60228782e-06 -1.31000000e+00  1.00000000e-02 
-1.32000000e+00  5.30000000e-01 -1.32000000e+00 -1.70653745e-06 -1.32000000e+00  1.00000000e-02 
-1.33000000e+00  5.20000000e-01 -1.33000000e+00 -1.80928641e-06 -1.33000000e+00  1.00000000e-02 
-1.34000000e+00  5.10000000e-01 -1.34000000e+00 -1.90993353e-06 -1.34000000e+00  1.00000000e-02 
-1.35000000e+00  5.00000000e-01 -1.35000000e+00 -2.00796474e-06 -1.35000000e+00  1.00000000e-02 
-1.36000000e+00  4.90000000e-01 -1.36000000e+00 -2.10295614e-06 -1.36000000e+00  1.00000000e-02 
-1.37000000e+00  4.80000000e-01 -1.37000000e+00 -2.19457302e-06 -1.37000000e+00  1.00000000e-02 
-1.38000000e+00  4.70000000e-01 -1.38000000e+00 -2.28256558e-06 -1.38000000e+00  1.00000000e-02 
-1.39000000e+00  4.60000000e-01 -1.39000000e+00 -2.36676240e-06 -1.39000000e+00  1.00000000e-02 
-1.40000000e+00  4.50000000e-01 -1.40000000e+00 -2.44706229e-06 -1.40000000e+00  1.00000000e-02 
-1.41000000e+00  4.40000000e-01 -1.41000000e+00 -2.52342535e-06 -1.41000000e+00  1.00000000e-02 
-1.42000000e+00  4.30000000e-01 -1.42000000e+00 -2.59586379e-06 -1.42000000e+00  1.00000000e-02 
-1.43000000e+00  4.20000000e-01 -1.43000000e+00 -2.66443296e-06 -1.43000000e+00  1.00000000e-02 
-1.44000000e+00  4.10000000e-01 -1.44000000e+00 -2.72922300e-06 -1.44000000e+00  1.00000000e-02 
-1.45000000e+00  4.00000000e-01 -1.45000000e+00 -2.79035110e-06 -1.45000000e+00  1.00000000e-02 
-1.46000000e+00  3.90000000e-01 -1.46000000e+00 -2.84795476e-06 -1.46000000e+00  1.00000000e-02 
-1.47000000e+00  3.80000000e-01 -1.47000000e+00 -2.90218584e-06 -1.47000000e+00  1.00000000e-02 
-1.48000000e+00  3.70000000e-01 -1.48000000e+00 -2.95320560e-06 -1.48000000e+00  1.00000000e-02 
-1.49000000e+00  3.60000000e-01 -1.49000000e+00 -3.00118048e-06 -1.49000000e+00  1.00000000e-02 
-1.50000000e+00  3.50000000e-01 -1.50000000e+00 -3.04627871e-06 -1.50000000e+00  1.00000000e-02 
-1.51000000e+00  3.40000000e-01 -1.51000000e+00 -3.08866760e-06 -1.51000000e+00  1.00000000e-02 
-1.52000000e+00  3.30000000e-01 -1.52000000e+00 -3.12851139e-06 -1.52000000e+00  1.00000000e-02 
-1.53000000e+00  3.20000000e-01 -1.53000000e+00 -3.16596967e-06 -1.53000000e+00  1.00000000e-02 
-1.54000000e+00  3.10000000e-01 -1.54000000e+00 -3.20119616e-06 -1.54000000e+00  1.00000000e-02 
-1.55000000e+00  3.00000000e-01 -1.55000000e+00 -3.23433790e-06 -1.55000000e+00  1.00000000e-02 
-1.56000000e+00  2.90000000e-01 -1.56000000e+00 -3.26553470e-06 -1.56000000e+00  1.00000000e-02 
-1.57000000e+00  2.80000000e-01 -1.57000000e+00 -3.29491888e-06 -1.57000000e+00  1.00000000e-02 
-1.58000000e+00  2.70000000e-01 -1.58000000e+00 -3.32261511e-06 -1.58000000e+00  1.00000000e-02 
-1.59000000e+00  2.60000000e-01 -1.59000000e+00 -3.34874045e-06 -1.59000000e+00  1.00000000e-02 
-1.60000000e+00  2.50000000e-01 -1.60000000e+00 -3.37340450e-06 -1.60000000e+00  1.00000000e-02 
-1.61000000e+00  2.40000000e-01 -1.61000000e+00 -3.39670962e-06 -1.61000000e+00  1.00000000e-02 
-1.62000000e+00  2.30000000e-01 -1.62000000e+00 -3.41875117e-06 -1.62000000e+00  1.00000000e-02 
-1.63000000e+00  2.20000000e-01 -1.63000000e+00 -3.43961790e-06 -1.63000000e+00  1.00000000e-02 
-1.64000000e+00  2.10000000e-01 -1.64000000e+00 -3.45939221e-06 -1.64000000e+00  1.00000000e-02 
-1.65000000e+00  2.00000000e-01 -1.65000000e+00 -3.47815056e-06 -1.65000000e+00  1.00000000e-02 
-1.66000000e+00  1.90000000e-01 -1.66000000e+00 -3.49596382e-06 -1.66000000e+00  1.00000000e-02 
-1.67000000e+00  1.80000000e-01 -1.67000000e+00 -3.51289761e-06 -1.67000000e+00  1.00000000e-02 
-1.68000000e+00  1.70000000e-01 -1.68000000e+00 -3.52901265e-06 -1.68000000e+00  1.00000000e-02 
-1.69000000e+00  1.60000000e-01 -1.69000000e+00 -3.54436511e-06 -1.69000000e+00  1.00000000e-02 
-1.70000000e+00  1.50000000e-01 -1.70000000e+00 -3.55900694e-06 -1.70000000e+00  1.00000000e-02 
-1.71000000e+00  1.40000000e-01 -1.71000000e+00 -3.57298613e-06 -1.71000000e+00  1.00000000e-02 
-1.72000000e+00  1.30000000e-01 -1.72000000e+00 -3.58634708e-06 -1.72000000e+00  1.00000000e-02 
-1.73000000e+00  1.20000000e-01 -1.73000000e+00 -3.59913078e-06 -1.73000000e+00  1.00000000e-02 
-1.74000000e+00  1.10000000e-01 -1.74000000e+00 -3.61137515e-06 -1.74000000e+00  1.00000000e-02 
-1.75000000e+00  1.00000000e-01 -1.75000000e+00 -3.62311522e-06 -1.75000000e+00  1.00000000e-02 
-1.76000000e+00  9.00000000e-02 -1.76000000e+00 -3.63438339e-06 -1.76000000e+00  1.00000000e-02 
-1.77000000e+00  8.00000000e-02 -1.77000000e+00 -3.64520961e-06 -1.77000000e+00  1.00000000e-02 
-1.78000000e+00  7.00000000e-02 -1.78000000e+00 -3.65562159e-06 -1.78000000e+00  1.00000000e-02 
-1.79000000e+00  6.00000000e-02 -1.79000000e+00 -3.66564495e-06 -1.79000000e+00  1.00000000e-02 
-1.80000000e+00  5.00000000e-02 -1.80000000e+00 -3.67530345e-06 -1.80000000e+00  1.00000000e-02 
-1.81000000e+00  4.00000000e-02 -1.81000000e+00 -3.68461904e-06 -1.81000000e+00  1.00000000e-02 
-1.82000000e+00  3.00000000e-02 -1.82000000e+00 -3.69361210e-06 -1.82000000e+00  1.00000000e-02 
-1.83000000e+00  2.00000000e-02 -1.83000000e+00 -3.70230148e-06 -1.83000000e+00  1.00000000e-02 
-1.84000000e+00  1.00000000e-02 -1.84000000e+00 -3.71070471e-06 -1.84000000e+00  1.00000000e-02 
-1.85000000e+00 -1.33226763e-15 -1.85000000e+00 -3.71883801e-06 -1.85000000e+00  1.00000000e-02 
