 0.00000000e+00  1.85000000e+00  0.00000000e+00 -4.80257334e-14  0.00000000e+00  1.85000000e+00 
-1.00000000e-02  1.84000000e+00 -1.00000000e-02 -5.61154010e-14 -1.00000000e-02  1.85000000e+00 
-2.00000000e-02  1.83000000e+00 -2.00000000e-02 -6.55676852e-14 -2.00000000e-02  1.85000000e+00 
-3.00000000e-02  1.82000000e+00 -3.00000000e-02 -7.66120927e-14 -3.00000000e-02  1.85000000e+00 
-4.00000000e-02  1.81000000e+00 -4.00000000e-02 -8.95167830e-14 -4.00000000e-02  1.85000000e+00 
-5.00000000e-02  1.80000000e+00 -5.00000000e-02 -1.04595078e-13 -5.00000000e-02  1.85000000e+00 
-6.00000000e-02  1.79000000e+00 -6.00000000e-02 -1.22213067e-13 -6.00000000e-02  1.85000000e+00 
-7.00000000e-02  1.78000000e+00 -7.00000000e-02 -1.42798490e-13 -7.00000000e-02  1.85000000e+00 
-8.00000000e-02  1.77000000e+00 -8.00000000e-02 -1.66851124e-13 -8.00000000e-02  1.85000000e+00 
-9.00000000e-02  1.76000000e+00 -9.00000000e-02 -1.94954905e-13 -9.00000000e-02  1.85000000e+00 
-1.00000000e-01  1.75000000e+00 -1.00000000e-01 -2.27792104e-13 -1.00000000e-01  1.85000000e+00 
-1.10000000e-01  1.74000000e+00 -1.10000000e-01 -2.66159880e-13 -1.10000000e-01  1.85000000e+00 
-1.20000000e-01  1.73000000e+00 -1.20000000e-01 -3.10989624e-13 -1.20000000e-01  1.85000000e+00 
-1.30000000e-01  1.72000000e+00 -1.30000000e-01 -3.63369556e-13 -1.30000000e-01  1.85000000e+00 
-1.40000000e-01  1.71000000e+00 -1.40000000e-01 -4.24571123e-13 -1.40000000e-01  1.85000000e+00 
-1.50000000e-01  1.70000000e+00 -1.50000000e-01 -4.96079849e-13 -1.50000000e-01  1.85000000e+00 
-1.60000000e-01  1.69000000e+00 -1.60000000e-01 -5.79631360e-13 -1.60000000e-01  1.85000000e+00 
-1.70000000e-01  1.68000000e+00 -1.70000000e-01 -6.77253485e-13 -1.70000000e-01  1.85000000e+00 
-1.80000000e-01  1.67000000e+00 -1.80000000e-01 -7.91315434e-13 -1.80000000e-01  1.85000000e+00 
-1.90000000e-01  1.66000000e+00 -1.90000000e-01 -9.24585242e-13 -1.90000000e-01  1.85000000e+00 
-2.00000000e-01  1.65000000e+00 -2.00000000e-01 -1.08029689e-12 -2.00000000e-01  1.85000000e+00 
-2.10000000e-01  1.64000000e+00 -2.10000000e-01 -1.26222869e-12 -2.10000000e-01  1.85000000e+00 
-2.20000000e-01  1.63000000e+00 -2.20000000e-01 -1.47479488e-12 -2.20000000e-01  1.85000000e+00 
-2.30000000e-01  1.62000000e+00 -2.30000000e-01 -1.72315260e-12 -2.30000000e-01  1.85000000e+00 
-2.40000000e-01  1.61000000e+00 -2.40000000e-01 -2.01332685e-12 -2.40000000e-01  1.85000000e+00 
-2.50000000e-01  1.60000000e+00 -2.50000000e-01 -2.35235645e-12 -2.50000000e-01  1.85000000e+00 
-2.60000000e-01  1.59000000e+00 -2.60000000e-01 -2.74846454e-12 -2.60000000e-01  1.85000000e+00 
-2.70000000e-01  1.58000000e+00 -2.70000000e-01 -3.21125772e-12 -2.70000000e-01  1.85000000e+00 
-2.80000000e-01  1.57000000e+00 -2.80000000e-01 -3.75195861e-12 -2.80000000e-01  1.85000000e+00 
-2.90000000e-01  1.56000000e+00 -2.90000000e-01 -4.38367752e-12 -2.90000000e-01  1.85000000e+00 
-3.00000000e-01  1.55000000e+00 -3.00000000e-01 -5.12172966e-12 -3.00000000e-01  1.85000000e+00 
-3.10000000e-01  1.54000000e+00 -3.10000000e-01 -5.98400570e-12 -3.10000000e-01  1.85000000e+00 
-3.20000000e-01  1.53000000e+00 -3.20000000e-01 -6.99140434e-12 -3.20000000e-01  1.85000000e+00 
-3.30000000e-01  1.52000000e+00 -3.30000000e-01 -8.16833763e-12 -3.30000000e-01  1.85000000e+00 
-3.40000000e-01  1.51000000e+00 -3.40000000e-01 -9.54332089e-12 -3.40000000e-01  1.85000000e+00 
-3.50000000e-01  1.50000000e+00 -3.50000000e-01 -1.11496615e-11 -3.50000000e-01  1.85000000e+00 
-3.60000000e-01  1.49000000e+00 -3.60000000e-01 -1.30262634e-11 -3.60000000e-01  1.85000000e+00 
-3.70000000e-01  1.48000000e+00 -3.70000000e-01 -1.52185656e-11 -3.70000000e-01  1.85000000e+00 
-3.80000000e-01  1.47000000e+00 -3.80000000e-01 -1.77796388e-11 -3.80000000e-01  1.85000000e+00 
-3.90000000e-01  1.46000000e+00 -3.90000000e-01 -2.07714648e-11 -3.90000000e-01  1.85000000e+00 
-4.00000000e-01  1.45000000e+00 -4.00000000e-01 -2.42664298e-11 -4.00000000e-01  1.85000000e+00 
-4.10000000e-01  1.44000000e+00 -4.10000000e-01 -2.83490680e-11 -4.10000000e-01  1.85000000e+00 
-4.20000000e-01  1.43000000e+00 -4.20000000e-01 -3.31180955e-11 -4.20000000e-01  1.85000000e+00 
-4.30000000e-01  1.42000000e+00 -4.30000000e-01 -3.86887846e-11 -4.30000000e-01  1.85000000e+00 
-4.40000000e-01  1.41000000e+00 -4.40000000e-01 -4.51957331e-11 -4.40000000e-01  1.85000000e+00 
-4.50000000e-01  1.40000000e+00 -4.50000000e-01 -5.27960963e-11 -4.50000000e-01  1.85000000e+00 
-4.60000000e-01  1.39000000e+00 -4.60000000e-01 -6.16733561e-11 -4.60000000e-01  1.85000000e+00 
-4.70000000e-01  1.38000000e+00 -4.70000000e-01 -7.20417178e-11 -4.70000000e-01  1.85000000e+00 
-4.80000000e-01  1.37000000e+00 -4.80000000e-01 -8.41512377e-11 -4.80000000e-01  1.85000000e+00 
-4.90000000e-01  1.36000000e+00 -4.90000000e-01 -9.82938009e-11 -4.90000000e-01  1.85000000e+00 
-5.00000000e-01  1.35000000e+00 -5.00000000e-01 -1.14810088e-10 -5.00000000e-01  1.85000000e+00 
-5.10000000e-01  1.34000000e+00 -5.10000000e-01 -1.34097702e-10 -5.10000000e-01  1.85000000e+00 
-5.20000000e-01  1.33000000e+00 -5.20000000e-01 -1.56620640e-10 -5.20000000e-01  1.85000000e+00 
-5.30000000e-01  1.32000000e+00 -5.30000000e-01 -1.82920321e-10 -5.30000000e-01  1.85000000e+00 
-5.40000000e-01  1.31000000e+00 -5.40000000e-01 -2.13628437e-10 -5.40000000e-01  1.85000000e+00 
-5.50000000e-01  1.30000000e+00 -5.50000000e-01 -2.49481922e-10 -5.50000000e-01  1.85000000e+00 
-5.60000000e-01  1.29000000e+00 -5.60000000e-01 -2.91340373e-10 -5.60000000e-01  1.85000000e+00 
-5.70000000e-01  1.28000000e+00 -5.70000000e-01 -3.40206342e-10 -5.70000000e-01  1.85000000e+00 
-5.80000000e-01  1.27000000e+00 -5.80000000e-01 -3.97248931e-10 -5.80000000e-01  1.85000000e+00 
-5.90000000e-01  1.26000000e+00 -5.90000000e-01 -4.63831261e-10 -5.90000000e-01  1.85000000e+00 
-6.00000000e-01  1.25000000e+00 -6.00000000e-01 -5.41542396e-10 -6.00000000e-01  1.85000000e+00 
-6.10000000e-01  1.24000000e+00 -6.10000000e-01 -6.32234472e-10 -6.10000000e-01  1.85000000e+00 
-6.20000000e-01  1.23000000e+00 -6.20000000e-01 -7.38065833e-10 -6.20000000e-01  1.85000000e+00 
-6.30000000e-01  1.22000000e+00 -6.30000000e-01 -8.61551141e-10 -6.30000000e-01  1.85000000e+00 
-6.40000000e-01  1.21000000e+00 -6.40000000e-01 -1.00561955e-09 -6.40000000e-01  1.85000000e+00 
-6.50000000e-01  1.20000000e+00 -6.50000000e-01 -1.17368225e-09 -6.50000000e-01  1.85000000e+00 
-6.60000000e-01  1.19000000e+00 -6.60000000e-01 -1.36971075e-09 -6.60000000e-01  1.85000000e+00 
-6.70000000e-01  1.18000000e+00 -6.70000000e-01 -1.59832773e-09 -6.70000000e-01  1.85000000e+00 
-6.80000000e-01  1.17000000e+00 -6.80000000e-01 -1.86491220e-09 -6.80000000e-01  1.85000000e+00 
-6.90000000e-01  1.16000000e+00 -6.90000000e-01 -2.17572140e-09 -6.90000000e-01  1.85000000e+00 
-7.00000000e-01  1.15000000e+00 -7.00000000e-01 -2.53803177e-09 -7.00000000e-01  1.85000000e+00 
-7.10000000e-01  1.14000000e+00 -7.10000000e-01 -2.96030204e-09 -7.10000000e-01  1.85000000e+00 
-7.20000000e-01  1.13000000e+00 -7.20000000e-01 -3.45236174e-09 -7.20000000e-01  1.85000000e+00 
-7.30000000e-01  1.12000000e+00 -7.30000000e-01 -4.02562886e-09 -7.30000000e-01  1.85000000e+00 
-7.40000000e-01  1.11000000e+00 -7.40000000e-01 -4.69336109e-09 -7.40000000e-01  1.85000000e+00 
-7.50000000e-01  1.10000000e+00 -7.50000000e-01 -5.47094554e-09 -7.50000000e-01  1.85000000e+00 
-7.60000000e-01  1.09000000e+00 -7.60000000e-01 -6.37623251e-09 -7.60000000e-01  1.85000000e+00 
-7.70000000e-01  1.08000000e+00 -7.70000000e-01 -7.42991985e-09 -7.70000000e-01  1.85000000e+00 
-7.80000000e-01  1.07000000e+00 -7.80000000e-01 -8.65599498e-09 -7.80000000e-01  1.85000000e+00 
-7.90000000e-01  1.06000000e+00 -7.90000000e-01 -1.00822430e-08 -7.90000000e-01  1.85000000e+00 
-8.00000000e-01  1.05000000e+00 -8.00000000e-01 -1.17408303e-08 -8.00000000e-01  1.85000000e+00 
-8.10000000e-01  1.04000000e+00 -8.10000000e-01 -1.36689737e-08 -8.10000000e-01  1.85000000e+00 
-8.20000000e-01  1.03000000e+00 -8.20000000e-01 -1.59097082e-08 -8.20000000e-01  1.85000000e+00 
-8.30000000e-01  1.02000000e+00 -8.30000000e-01 -1.85127660e-08 -8.30000000e-01  1.85000000e+00 
-8.40000000e-01  1.01000000e+00 -8.40000000e-01 -2.15355828e-08 -8.40000000e-01  1.85000000e+00 
-8.50000000e-01  1.00000000e+00 -8.50000000e-01 -2.50444484e-08 -8.50000000e-01  1.85000000e+00 
-8.60000000e-01  9.90000000e-01 -8.60000000e-01 -2.91158231e-08 -8.60000000e-01  1.85000000e+00 
-8.70000000e-01  9.80000000e-01 -8.70000000e-01 -3.38378399e-08 -8.70000000e-01  1.85000000e+00 
-8.80000000e-01  9.70000000e-01 -8.80000000e-01 -3.93120216e-08 -8.80000000e-01  1.85000000e+00 
-8.90000000e-01  9.60000000e-01 -8.90000000e-01 -4.56552404e-08 -8.90000000e-01  1.85000000e+00 
-9.00000000e-01  9.50000000e-01 -9.00000000e-01 -5.30019545e-08 -9.00000000e-01  1.85000000e+00 
-9.10000000e-01  9.40000000e-01 -9.10000000e-01 -6.15067619e-08 -9.10000000e-01  1.85000000e+00 
-9.20000000e-01  9.30000000e-01 -9.20000000e-01 -7.13473156e-08 -9.20000000e-01  1.85000000e+00 
-9.30000000e-01  9.20000000e-01 -9.30000000e-01 -8.27276521e-08 -9.30000000e-01  1.85000000e+00 
-9.40000000e-01  9.10000000e-01 -9.40000000e-01 -9.58819960e-08 -9.40000000e-01  1.85000000e+00 
-9.50000000e-01  9.00000000e-01 -9.50000000e-01 -1.11079106e-07 -9.50000000e-01  1.85000000e+00 
-9.60000000e-01  8.90000000e-01 -9.60000000e-01 -1.28627250e-07 -9.60000000e-01  1.85000000e+00 
-9.70000000e-01  8.80000000e-01 -9.70000000e-01 -1.48879892e-07 -9.70000000e-01  1.85000000e+00 
-9.80000000e-01  8.70000000e-01 -9.80000000e-01 -1.72242205e-07 -9.80000000e-01  1.85000000e+00 
-9.90000000e-01  8.60000000e-01 -9.90000000e-01 -1.99178529e-07 -9.90000000e-01  1.85000000e+00 
-1.00000000e+00  8.50000000e-01 -1.00000000e+00 -2.30220903e-07 -1.00000000e+00  1.85000000e+00 
-1.01000000e+00  8.40000000e-01 -1.01000000e+00 -2.65978818e-07 -1.01000000e+00  1.85000000e+00 
-1.02000000e+00  8.30000000e-01 -1.02000000e+00 -3.07150359e-07 -1.02000000e+00  1.85000000e+00 
-1.03000000e+00  8.20000000e-01 -1.03000000e+00 -3.54534884e-07 -1.03000000e+00  1.85000000e+00 
-1.04000000e+00  8.10000000e-01 -1.04000000e+00 -4.09047414e-07 -1.04000000e+00  1.85000000e+00 
-1.05000000e+00  8.00000000e-01 -1.05000000e+00 -4.71734870e-07 -1.05000000e+00  1.85000000e+00 
-1.06000000e+00  7.90000000e-01 -1.06000000e+00 -5.43794290e-07 -1.06000000e+00  1.85000000e+00 
-1.07000000e+00  7.80000000e-01 -1.07000000e+00 -6.26593065e-07 -1.07000000e+00  1.85000000e+00 
-1.08000000e+00  7.70000000e-01 -1.08000000e+00 -7.21691212e-07 -1.08000000e+00  1.85000000e+00 
-1.09000000e+00  7.60000000e-01 -1.09000000e+00 -8.30865531e-07 -1.09000000e+00  1.85000000e+00 
-1.10000000e+00  7.50000000e-01 -1.10000000e+00 -9.56135380e-07 -1.10000000e+00  1.85000000e+00 
-1.11000000e+00  7.40000000e-01 -1.11000000e+00 -1.09978962e-06 -1.11000000e+00  1.85000000e+00 
-1.12000000e+00  7.30000000e-01 -1.12000000e+00 -1.26441399e-06 -1.12000000e+00  1.85000000e+00 
-1.13000000e+00  7.20000000e-01 -1.13000000e+00 -1.45291806e-06 -1.13000000e+00  1.85000000e+00 
-1.14000000e+00  7.10000000e-01 -1.14000000e+00 -1.66856046e-06 -1.14000000e+00  1.85000000e+00 
-1.15000000e+00  7.00000000e-01 -1.15000000e+00 -1.91497086e-06 -1.15000000e+00  1.85000000e+00 
-1.16000000e+00  6.90000000e-01 -1.16000000e+00 -2.19616718e-06 -1.16000000e+00  1.85000000e+00 
-1.17000000e+00  6.80000000e-01 -1.17000000e+00 -2.51656581e-06 -1.17000000e+00  1.85000000e+00 
-1.18000000e+00  6.70000000e-01 -1.18000000e+00 -2.88098314e-06 -1.18000000e+00  1.85000000e+00 
-1.19000000e+00  6.60000000e-01 -1.19000000e+00 -3.29462621e-06 -1.19000000e+00  1.85000000e+00 
-1.20000000e+00  6.50000000e-01 -1.20000000e+00 -3.76307100e-06 -1.20000000e+00  1.85000000e+00 
-1.21000000e+00  6.40000000e-01 -1.21000000e+00 -4.29222678e-06 -1.21000000e+00  1.85000000e+00 
-1.22000000e+00  6.30000000e-01 -1.22000000e+00 -4.88828585e-06 -1.22000000e+00  1.85000000e+00 
-1.23000000e+00  6.20000000e-01 -1.23000000e+00 -5.55765856e-06 -1.23000000e+00  1.85000000e+00 
-1.24000000e+00  6.10000000e-01 -1.24000000e+00 -6.30689425e-06 -1.24000000e+00  1.85000000e+00 
-1.25000000e+00  6.00000000e-01 -1.25000000e+00 -7.14258963e-06 -1.25000000e+00  1.85000000e+00 
-1.26000000e+00  5.90000000e-01 -1.26000000e+00 -8.07128687e-06 -1.26000000e+00  1.85000000e+00 
-1.27000000e+00  5.80000000e-01 -1.27000000e+00 -9.09936438e-06 -1.27000000e+00  1.85000000e+00 
-1.28000000e+00  5.70000000e-01 -1.28000000e+00 -1.02329236e-05 -1.28000000e+00  1.85000000e+00 
-1.29000000e+00  5.60000000e-01 -1.29000000e+00 -1.14776759e-05 -1.29000000e+00  1.85000000e+00 
-1.30000000e+00  5.50000000e-01 -1.30000000e+00 -1.28388324e-05 -1.30000000e+00  1.85000000e+00 
-1.31000000e+00  5.40000000e-01 -1.31000000e+00 -1.43210023e-05 -1.31000000e+00  1.85000000e+00 
-1.32000000e+00  5.30000000e-01 -1.32000000e+00 -1.59281000e-05 -1.32000000e+00  1.85000000e+00 
-1.33000000e+00  5.20000000e-01 -1.33000000e+00 -1.76632669e-05 -1.33000000e+00  1.85000000e+00 
-1.34000000e+00  5.10000000e-01 -1.34000000e+00 -1.95288081e-05 -1.34000000e+00  1.85000000e+00 
-1.35000000e+00  5.00000000e-01 -1.35000000e+00 -2.15261458e-05 -1.35000000e+00  1.85000000e+00 
-1.36000000e+00  4.90000000e-01 -1.36000000e+00 -2.36557910e-05 -1.36000000e+00  1.85000000e+00 
-1.37000000e+00  4.80000000e-01 -1.37000000e+00 -2.59173330e-05 -1.37000000e+00  1.85000000e+00 
-1.38000000e+00  4.70000000e-01 -1.38000000e+00 -2.83094471e-05 -1.38000000e+00  1.85000000e+00 
-1.39000000e+00  4.60000000e-01 -1.39000000e+00 -3.08299192e-05 -1.39000000e+00  1.85000000e+00 
-1.40000000e+00  4.50000000e-01 -1.40000000e+00 -3.34756864e-05 -1.40000000e+00  1.85000000e+00 
-1.41000000e+00  4.40000000e-01 -1.41000000e+00 -3.62428914e-05 -1.41000000e+00  1.85000000e+00 
-1.42000000e+00  4.30000000e-01 -1.42000000e+00 -3.91269506e-05 -1.42000000e+00  1.85000000e+00 
-1.43000000e+00  4.20000000e-01 -1.43000000e+00 -4.21226311e-05 -1.43000000e+00  1.85000000e+00 
-1.44000000e+00  4.10000000e-01 -1.44000000e+00 -4.52241366e-05 -1.44000000e+00  1.85000000e+00 
-1.45000000e+00  4.00000000e-01 -1.45000000e+00 -4.84251991e-05 -1.45000000e+00  1.85000000e+00 
-1.46000000e+00  3.90000000e-01 -1.46000000e+00 -5.17191738e-05 -1.46000000e+00  1.85000000e+00 
-1.47000000e+00  3.80000000e-01 -1.47000000e+00 -5.50991348e-05 -1.47000000e+00  1.85000000e+00 
-1.48000000e+00  3.70000000e-01 -1.48000000e+00 -5.85579703e-05 -1.48000000e+00  1.85000000e+00 
-1.49000000e+00  3.60000000e-01 -1.49000000e+00 -6.20884746e-05 -1.49000000e+00  1.85000000e+00 
-1.50000000e+00  3.50000000e-01 -1.50000000e+00 -6.56834345e-05 -1.50000000e+00  1.85000000e+00 
-1.51000000e+00  3.40000000e-01 -1.51000000e+00 -6.93357106e-05 -1.51000000e+00  1.85000000e+00 
-1.52000000e+00  3.30000000e-01 -1.52000000e+00 -7.30383101e-05 -1.52000000e+00  1.85000000e+00 
-1.53000000e+00  3.20000000e-01 -1.53000000e+00 -7.67844518e-05 -1.53000000e+00  1.85000000e+00 
-1.54000000e+00  3.10000000e-01 -1.54000000e+00 -8.05676214e-05 -1.54000000e+00  1.85000000e+00 
-1.55000000e+00  3.00000000e-01 -1.55000000e+00 -8.43816189e-05 -1.55000000e+00  1.85000000e+00 
-1.56000000e+00  2.90000000e-01 -1.56000000e+00 -8.82205952e-05 -1.56000000e+00  1.85000000e+00 
-1.57000000e+00  2.80000000e-01 -1.57000000e+00 -9.20790812e-05 -1.57000000e+00  1.85000000e+00 
-1.58000000e+00  2.70000000e-01 -1.58000000e+00 -9.59520071e-05 -1.58000000e+00  1.85000000e+00 
-1.59000000e+00  2.60000000e-01 -1.59000000e+00 -9.98347149e-05 -1.59000000e+00  1.85000000e+00 
-1.60000000e+00  2.50000000e-01 -1.60000000e+00 -1.03722963e-04 -1.60000000e+00  1.85000000e+00 
-1.61000000e+00  2.40000000e-01 -1.61000000e+00 -1.07612925e-04 -1.61000000e+00  1.85000000e+00 
-1.62000000e+00  2.30000000e-01 -1.62000000e+00 -1.11501182e-04 -1.62000000e+00  1.85000000e+00 
-1.63000000e+00  2.20000000e-01 -1.63000000e+00 -1.15384712e-04 -1.63000000e+00  1.85000000e+00 
-1.64000000e+00  2.10000000e-01 -1.64000000e+00 -1.19260874e-04 -1.64000000e+00  1.85000000e+00 
-1.65000000e+00  2.00000000e-01 -1.65000000e+00 -1.23127388e-04 -1.65000000e+00  1.85000000e+00 
-1.66000000e+00  1.90000000e-01 -1.66000000e+00 -1.26982318e-04 -1.66000000e+00  1.85000000e+00 
-1.67000000e+00  1.80000000e-01 -1.67000000e+00 -1.30824044e-04 -1.67000000e+00  1.85000000e+00 
-1.68000000e+00  1.70000000e-01 -1.68000000e+00 -1.34651245e-04 -1.68000000e+00  1.85000000e+00 
-1.69000000e+00  1.60000000e-01 -1.69000000e+00 -1.38462870e-04 -1.69000000e+00  1.85000000e+00 
-1.70000000e+00  1.50000000e-01 -1.70000000e+00 -1.42258118e-04 -1.70000000e+00  1.85000000e+00 
-1.71000000e+00  1.40000000e-01 -1.71000000e+00 -1.46036411e-04 -1.71000000e+00  1.85000000e+00 
-1.72000000e+00  1.30000000e-01 -1.72000000e+00 -1.49797376e-04 -1.72000000e+00  1.85000000e+00 
-1.73000000e+00  1.20000000e-01 -1.73000000e+00 -1.53540816e-04 -1.73000000e+00  1.85000000e+00 
-1.74000000e+00  1.10000000e-01 -1.74000000e+00 -1.57266698e-04 -1.74000000e+00  1.85000000e+00 
-1.75000000e+00  1.00000000e-01 -1.75000000e+00 -1.60975125e-04 -1.75000000e+00  1.85000000e+00 
-1.76000000e+00  9.00000000e-02 -1.76000000e+00 -1.64666325e-04 -1.76000000e+00  1.85000000e+00 
-1.77000000e+00  8.00000000e-02 -1.77000000e+00 -1.68340627e-04 -1.77000000e+00  1.85000000e+00 
-1.78000000e+00  7.00000000e-02 -1.78000000e+00 -1.71998453e-04 -1.78000000e+00  1.85000000e+00 
-1.79000000e+00  6.00000000e-02 -1.79000000e+00 -1.75640295e-04 -1.79000000e+00  1.85000000e+00 
-1.80000000e+00  5.00000000e-02 -1.80000000e+00 -1.79266710e-04 -1.80000000e+00  1.85000000e+00 
-1.81000000e+00  4.00000000e-02 -1.81000000e+00 -1.82878305e-04 -1.81000000e+00  1.85000000e+00 
-1.82000000e+00  3.00000000e-02 -1.82000000e+00 -1.86475726e-04 -1.82000000e+00  1.85000000e+00 
-1.83000000e+00  2.00000000e-02 -1.83000000e+00 -1.90059647e-04 -1.83000000e+00  1.85000000e+00 
-1.84000000e+00  1.00000000e-02 -1.84000000e+00 -1.93630767e-04 -1.84000000e+00  1.85000000e+00 
-1.85000000e+00 -1.33226763e-15 -1.85000000e+00 -1.97189798e-04 -1.85000000e+00  1.85000000e+00 
