 0.00000000e+00 -1.48000000e+00  0.00000000e+00 -0.00000000e+00  0.00000000e+00  0.00000000e+00 
-1.00000000e-02 -1.48000000e+00 -1.00000000e-02 -2.80720787e-06 -1.00000000e-02 -1.00000000e-02 
-2.00000000e-02 -1.48000000e+00 -2.00000000e-02 -5.53844763e-06 -2.00000000e-02 -2.00000000e-02 
-3.00000000e-02 -1.48000000e+00 -3.00000000e-02 -8.19122581e-06 -3.00000000e-02 -3.00000000e-02 
-4.00000000e-02 -1.48000000e+00 -4.00000000e-02 -1.07633325e-05 -4.00000000e-02 -4.00000000e-02 
-5.00000000e-02 -1.48000000e+00 -5.00000000e-02 -1.32525876e-05 -5.00000000e-02 -5.00000000e-02 
-6.00000000e-02 -1.48000000e+00 -6.00000000e-02 -1.56568135e-05 -6.00000000e-02 -6.00000000e-02 
-7.00000000e-02 -1.48000000e+00 -7.00000000e-02 -1.79738386e-05 -7.00000000e-02 -7.00000000e-02 
-8.00000000e-02 -1.48000000e+00 -8.00000000e-02 -2.02015119e-05 -8.00000000e-02 -8.00000000e-02 
-9.00000000e-02 -1.48000000e+00 -9.00000000e-02 -2.23377254e-05 -9.00000000e-02 -9.00000000e-02 
-1.00000000e-01 -1.48000000e+00 -1.00000000e-01 -2.43804456e-05 -1.00000000e-01 -1.00000000e-01 
-1.10000000e-01 -1.48000000e+00 -1.10000000e-01 -2.63277530e-05 -1.10000000e-01 -1.10000000e-01 
-1.20000000e-01 -1.48000000e+00 -1.20000000e-01 -2.81778922e-05 -1.20000000e-01 -1.20000000e-01 
-1.30000000e-01 -1.48000000e+00 -1.30000000e-01 -2.99293324e-05 -1.30000000e-01 -1.30000000e-01 
-1.40000000e-01 -1.48000000e+00 -1.40000000e-01 -3.15808388e-05 -1.40000000e-01 -1.40000000e-01 
-1.50000000e-01 -1.48000000e+00 -1.50000000e-01 -3.31315552e-05 -1.50000000e-01 -1.50000000e-01 
-1.60000000e-01 -1.48000000e+00 -1.60000000e-01 -3.45810940e-05 -1.60000000e-01 -1.60000000e-01 
-1.70000000e-01 -1.48000000e+00 -1.70000000e-01 -3.59296311e-05 -1.70000000e-01 -1.70000000e-01 
-1.80000000e-01 -1.48000000e+00 -1.80000000e-01 -3.71779980e-05 -1.80000000e-01 -1.80000000e-01 
-1.90000000e-01 -1.48000000e+00 -1.90000000e-01 -3.83277617e-05 -1.90000000e-01 -1.90000000e-01 
-2.00000000e-01 -1.48000000e+00 -2.00000000e-01 -3.93812825e-05 -2.00000000e-01 -2.00000000e-01 
-2.10000000e-01 -1.48000000e+00 -2.10000000e-01 -4.03417370e-05 -2.10000000e-01 -2.10000000e-01 
-2.20000000e-01 -1.48000000e+00 -2.20000000e-01 -4.12130976e-05 -2.20000000e-01 -2.20000000e-01 
-2.30000000e-01 -1.48000000e+00 -2.30000000e-01 -4.20000632e-05 -2.30000000e-01 -2.30000000e-01 
-2.40000000e-01 -1.48000000e+00 -2.40000000e-01 -4.27079432e-05 -2.40000000e-01 -2.40000000e-01 
-2.50000000e-01 -1.48000000e+00 -2.50000000e-01 -4.33425025e-05 -2.50000000e-01 -2.50000000e-01 
-2.60000000e-01 -1.48000000e+00 -2.60000000e-01 -4.39097830e-05 -2.60000000e-01 -2.60000000e-01 
-2.70000000e-01 -1.48000000e+00 -2.70000000e-01 -4.44159202e-05 -2.70000000e-01 -2.70000000e-01 
-2.80000000e-01 -1.48000000e+00 -2.80000000e-01 -4.48669703e-05 -2.80000000e-01 -2.80000000e-01 
-2.90000000e-01 -1.48000000e+00 -2.90000000e-01 -4.52687645e-05 -2.90000000e-01 -2.90000000e-01 
-3.00000000e-01 -1.48000000e+00 -3.00000000e-01 -4.56267958e-05 -3.00000000e-01 -3.00000000e-01 
-3.10000000e-01 -1.48000000e+00 -3.10000000e-01 -4.59461431e-05 -3.10000000e-01 -3.10000000e-01 
-3.20000000e-01 -1.48000000e+00 -3.20000000e-01 -4.62314288e-05 -3.20000000e-01 -3.20000000e-01 
-3.30000000e-01 -1.48000000e+00 -3.30000000e-01 -4.64868054e-05 -3.30000000e-01 -3.30000000e-01 
-3.40000000e-01 -1.48000000e+00 -3.40000000e-01 -4.67159648e-05 -3.40000000e-01 -3.40000000e-01 
-3.50000000e-01 -1.48000000e+00 -3.50000000e-01 -4.69221614e-05 -3.50000000e-01 -3.50000000e-01 
-3.60000000e-01 -1.48000000e+00 -3.60000000e-01 -4.71082467e-05 -3.60000000e-01 -3.60000000e-01 
-3.70000000e-01 -1.48000000e+00 -3.70000000e-01 -4.72767070e-05 -3.70000000e-01 -3.70000000e-01 
-3.80000000e-01 -1.48000000e+00 -3.80000000e-01 -4.74297037e-05 -3.80000000e-01 -3.80000000e-01 
-3.90000000e-01 -1.48000000e+00 -3.90000000e-01 -4.75691115e-05 -3.90000000e-01 -3.90000000e-01 
-4.00000000e-01 -1.48000000e+00 -4.00000000e-01 -4.76965552e-05 -4.00000000e-01 -4.00000000e-01 
-4.10000000e-01 -1.48000000e+00 -4.10000000e-01 -4.78134423e-05 -4.10000000e-01 -4.10000000e-01 
-4.20000000e-01 -1.48000000e+00 -4.20000000e-01 -4.79209930e-05 -4.20000000e-01 -4.20000000e-01 
-4.30000000e-01 -1.48000000e+00 -4.30000000e-01 -4.80202658e-05 -4.30000000e-01 -4.30000000e-01 
-4.40000000e-01 -1.48000000e+00 -4.40000000e-01 -4.81121805e-05 -4.40000000e-01 -4.40000000e-01 
-4.50000000e-01 -1.48000000e+00 -4.50000000e-01 -4.81975375e-05 -4.50000000e-01 -4.50000000e-01 
-4.60000000e-01 -1.48000000e+00 -4.60000000e-01 -4.82770348e-05 -4.60000000e-01 -4.60000000e-01 
-4.70000000e-01 -1.48000000e+00 -4.70000000e-01 -4.83512825e-05 -4.70000000e-01 -4.70000000e-01 
-4.80000000e-01 -1.48000000e+00 -4.80000000e-01 -4.84208147e-05 -4.80000000e-01 -4.80000000e-01 
-4.90000000e-01 -1.48000000e+00 -4.90000000e-01 -4.84861005e-05 -4.90000000e-01 -4.90000000e-01 
-5.00000000e-01 -1.48000000e+00 -5.00000000e-01 -4.85475527e-05 -5.00000000e-01 -5.00000000e-01 
-5.10000000e-01 -1.48000000e+00 -5.10000000e-01 -4.86055354e-05 -5.10000000e-01 -5.10000000e-01 
-5.20000000e-01 -1.48000000e+00 -5.20000000e-01 -4.86603708e-05 -5.20000000e-01 -5.20000000e-01 
-5.30000000e-01 -1.48000000e+00 -5.30000000e-01 -4.87123444e-05 -5.30000000e-01 -5.30000000e-01 
-5.40000000e-01 -1.48000000e+00 -5.40000000e-01 -4.87617099e-05 -5.40000000e-01 -5.40000000e-01 
-5.50000000e-01 -1.48000000e+00 -5.50000000e-01 -4.88086934e-05 -5.50000000e-01 -5.50000000e-01 
-5.60000000e-01 -1.48000000e+00 -5.60000000e-01 -4.88534968e-05 -5.60000000e-01 -5.60000000e-01 
-5.70000000e-01 -1.48000000e+00 -5.70000000e-01 -4.88963007e-05 -5.70000000e-01 -5.70000000e-01 
-5.80000000e-01 -1.48000000e+00 -5.80000000e-01 -4.89372673e-05 -5.80000000e-01 -5.80000000e-01 
-5.90000000e-01 -1.48000000e+00 -5.90000000e-01 -4.89765422e-05 -5.90000000e-01 -5.90000000e-01 
-6.00000000e-01 -1.48000000e+00 -6.00000000e-01 -4.90142568e-05 -6.00000000e-01 -6.00000000e-01 
-6.10000000e-01 -1.48000000e+00 -6.10000000e-01 -4.90505296e-05 -6.10000000e-01 -6.10000000e-01 
-6.20000000e-01 -1.48000000e+00 -6.20000000e-01 -4.90854678e-05 -6.20000000e-01 -6.20000000e-01 
-6.30000000e-01 -1.48000000e+00 -6.30000000e-01 -4.91191687e-05 -6.30000000e-01 -6.30000000e-01 
-6.40000000e-01 -1.48000000e+00 -6.40000000e-01 -4.91517205e-05 -6.40000000e-01 -6.40000000e-01 
-6.50000000e-01 -1.48000000e+00 -6.50000000e-01 -4.91832036e-05 -6.50000000e-01 -6.50000000e-01 
-6.60000000e-01 -1.48000000e+00 -6.60000000e-01 -4.92136913e-05 -6.60000000e-01 -6.60000000e-01 
-6.70000000e-01 -1.48000000e+00 -6.70000000e-01 -4.92432504e-05 -6.70000000e-01 -6.70000000e-01 
-6.80000000e-01 -1.48000000e+00 -6.80000000e-01 -4.92719422e-05 -6.80000000e-01 -6.80000000e-01 
-6.90000000e-01 -1.48000000e+00 -6.90000000e-01 -4.92998227e-05 -6.90000000e-01 -6.90000000e-01 
-7.00000000e-01 -1.48000000e+00 -7.00000000e-01 -4.93269434e-05 -7.00000000e-01 -7.00000000e-01 
-7.10000000e-01 -1.48000000e+00 -7.10000000e-01 -4.93533516e-05 -7.10000000e-01 -7.10000000e-01 
-7.20000000e-01 -1.48000000e+00 -7.20000000e-01 -4.93790908e-05 -7.20000000e-01 -7.20000000e-01 
-7.30000000e-01 -1.48000000e+00 -7.30000000e-01 -4.94042012e-05 -7.30000000e-01 -7.30000000e-01 
-7.40000000e-01 -1.48000000e+00 -7.40000000e-01 -4.94287199e-05 -7.40000000e-01 -7.40000000e-01 
-7.50000000e-01 -1.48000000e+00 -7.50000000e-01 -4.94526812e-05 -7.50000000e-01 -7.50000000e-01 
-7.60000000e-01 -1.48000000e+00 -7.60000000e-01 -4.94761167e-05 -7.60000000e-01 -7.60000000e-01 
-7.70000000e-01 -1.48000000e+00 -7.70000000e-01 -4.94990560e-05 -7.70000000e-01 -7.70000000e-01 
-7.80000000e-01 -1.48000000e+00 -7.80000000e-01 -4.95215262e-05 -7.80000000e-01 -7.80000000e-01 
-7.90000000e-01 -1.48000000e+00 -7.90000000e-01 -4.95435528e-05 -7.90000000e-01 -7.90000000e-01 
-8.00000000e-01 -1.48000000e+00 -8.00000000e-01 -4.95651595e-05 -8.00000000e-01 -8.00000000e-01 
-8.10000000e-01 -1.48000000e+00 -8.10000000e-01 -4.95863680e-05 -8.10000000e-01 -8.10000000e-01 
-8.20000000e-01 -1.48000000e+00 -8.20000000e-01 -4.96071991e-05 -8.20000000e-01 -8.20000000e-01 
-8.30000000e-01 -1.48000000e+00 -8.30000000e-01 -4.96276718e-05 -8.30000000e-01 -8.30000000e-01 
-8.40000000e-01 -1.48000000e+00 -8.40000000e-01 -4.96478041e-05 -8.40000000e-01 -8.40000000e-01 
-8.50000000e-01 -1.48000000e+00 -8.50000000e-01 -4.96676126e-05 -8.50000000e-01 -8.50000000e-01 
-8.60000000e-01 -1.48000000e+00 -8.60000000e-01 -4.96871130e-05 -8.60000000e-01 -8.60000000e-01 
-8.70000000e-01 -1.48000000e+00 -8.70000000e-01 -4.97063201e-05 -8.70000000e-01 -8.70000000e-01 
-8.80000000e-01 -1.48000000e+00 -8.80000000e-01 -4.97252476e-05 -8.80000000e-01 -8.80000000e-01 
-8.90000000e-01 -1.48000000e+00 -8.90000000e-01 -4.97439084e-05 -8.90000000e-01 -8.90000000e-01 
-9.00000000e-01 -1.48000000e+00 -9.00000000e-01 -4.97623148e-05 -9.00000000e-01 -9.00000000e-01 
-9.10000000e-01 -1.48000000e+00 -9.10000000e-01 -4.97804782e-05 -9.10000000e-01 -9.10000000e-01 
-9.20000000e-01 -1.48000000e+00 -9.20000000e-01 -4.97984094e-05 -9.20000000e-01 -9.20000000e-01 
-9.30000000e-01 -1.48000000e+00 -9.30000000e-01 -4.98161185e-05 -9.30000000e-01 -9.30000000e-01 
-9.40000000e-01 -1.48000000e+00 -9.40000000e-01 -4.98336151e-05 -9.40000000e-01 -9.40000000e-01 
-9.50000000e-01 -1.48000000e+00 -9.50000000e-01 -4.98509083e-05 -9.50000000e-01 -9.50000000e-01 
-9.60000000e-01 -1.48000000e+00 -9.60000000e-01 -4.98680066e-05 -9.60000000e-01 -9.60000000e-01 
-9.70000000e-01 -1.48000000e+00 -9.70000000e-01 -4.98849181e-05 -9.70000000e-01 -9.70000000e-01 
-9.80000000e-01 -1.48000000e+00 -9.80000000e-01 -4.99016504e-05 -9.80000000e-01 -9.80000000e-01 
-9.90000000e-01 -1.48000000e+00 -9.90000000e-01 -4.99182107e-05 -9.90000000e-01 -9.90000000e-01 
-1.00000000e+00 -1.48000000e+00 -1.00000000e+00 -4.99346060e-05 -1.00000000e+00 -1.00000000e+00 
-1.01000000e+00 -1.48000000e+00 -1.01000000e+00 -4.99508428e-05 -1.01000000e+00 -1.01000000e+00 
-1.02000000e+00 -1.48000000e+00 -1.02000000e+00 -4.99669271e-05 -1.02000000e+00 -1.02000000e+00 
-1.03000000e+00 -1.48000000e+00 -1.03000000e+00 -4.99828648e-05 -1.03000000e+00 -1.03000000e+00 
-1.04000000e+00 -1.48000000e+00 -1.04000000e+00 -4.99986615e-05 -1.04000000e+00 -1.04000000e+00 
-1.05000000e+00 -1.48000000e+00 -1.05000000e+00 -5.00143225e-05 -1.05000000e+00 -1.05000000e+00 
-1.06000000e+00 -1.48000000e+00 -1.06000000e+00 -5.00298529e-05 -1.06000000e+00 -1.06000000e+00 
-1.07000000e+00 -1.48000000e+00 -1.07000000e+00 -5.00452573e-05 -1.07000000e+00 -1.07000000e+00 
-1.08000000e+00 -1.48000000e+00 -1.08000000e+00 -5.00605403e-05 -1.08000000e+00 -1.08000000e+00 
-1.09000000e+00 -1.48000000e+00 -1.09000000e+00 -5.00757063e-05 -1.09000000e+00 -1.09000000e+00 
-1.10000000e+00 -1.48000000e+00 -1.10000000e+00 -5.00907594e-05 -1.10000000e+00 -1.10000000e+00 
-1.11000000e+00 -1.48000000e+00 -1.11000000e+00 -5.01057036e-05 -1.11000000e+00 -1.11000000e+00 
-1.12000000e+00 -1.48000000e+00 -1.12000000e+00 -5.01205426e-05 -1.12000000e+00 -1.12000000e+00 
-1.13000000e+00 -1.48000000e+00 -1.13000000e+00 -5.01352801e-05 -1.13000000e+00 -1.13000000e+00 
-1.14000000e+00 -1.48000000e+00 -1.14000000e+00 -5.01499193e-05 -1.14000000e+00 -1.14000000e+00 
-1.15000000e+00 -1.48000000e+00 -1.15000000e+00 -5.01644637e-05 -1.15000000e+00 -1.15000000e+00 
-1.16000000e+00 -1.48000000e+00 -1.16000000e+00 -5.01789164e-05 -1.16000000e+00 -1.16000000e+00 
-1.17000000e+00 -1.48000000e+00 -1.17000000e+00 -5.01932803e-05 -1.17000000e+00 -1.17000000e+00 
-1.18000000e+00 -1.48000000e+00 -1.18000000e+00 -5.02075583e-05 -1.18000000e+00 -1.18000000e+00 
-1.19000000e+00 -1.48000000e+00 -1.19000000e+00 -5.02217533e-05 -1.19000000e+00 -1.19000000e+00 
-1.20000000e+00 -1.48000000e+00 -1.20000000e+00 -5.02358677e-05 -1.20000000e+00 -1.20000000e+00 
-1.21000000e+00 -1.48000000e+00 -1.21000000e+00 -5.02499042e-05 -1.21000000e+00 -1.21000000e+00 
-1.22000000e+00 -1.48000000e+00 -1.22000000e+00 -5.02638652e-05 -1.22000000e+00 -1.22000000e+00 
-1.23000000e+00 -1.48000000e+00 -1.23000000e+00 -5.02777529e-05 -1.23000000e+00 -1.23000000e+00 
-1.24000000e+00 -1.48000000e+00 -1.24000000e+00 -5.02915697e-05 -1.24000000e+00 -1.24000000e+00 
-1.25000000e+00 -1.48000000e+00 -1.25000000e+00 -5.03053176e-05 -1.25000000e+00 -1.25000000e+00 
-1.26000000e+00 -1.48000000e+00 -1.26000000e+00 -5.03189988e-05 -1.26000000e+00 -1.26000000e+00 
-1.27000000e+00 -1.48000000e+00 -1.27000000e+00 -5.03326151e-05 -1.27000000e+00 -1.27000000e+00 
-1.28000000e+00 -1.48000000e+00 -1.28000000e+00 -5.03461685e-05 -1.28000000e+00 -1.28000000e+00 
-1.29000000e+00 -1.48000000e+00 -1.29000000e+00 -5.03596608e-05 -1.29000000e+00 -1.29000000e+00 
-1.30000000e+00 -1.48000000e+00 -1.30000000e+00 -5.03730938e-05 -1.30000000e+00 -1.30000000e+00 
-1.31000000e+00 -1.48000000e+00 -1.31000000e+00 -5.03864691e-05 -1.31000000e+00 -1.31000000e+00 
-1.32000000e+00 -1.48000000e+00 -1.32000000e+00 -5.03997884e-05 -1.32000000e+00 -1.32000000e+00 
-1.33000000e+00 -1.48000000e+00 -1.33000000e+00 -5.04130532e-05 -1.33000000e+00 -1.33000000e+00 
-1.34000000e+00 -1.48000000e+00 -1.34000000e+00 -5.04262651e-05 -1.34000000e+00 -1.34000000e+00 
-1.35000000e+00 -1.48000000e+00 -1.35000000e+00 -5.04394254e-05 -1.35000000e+00 -1.35000000e+00 
-1.36000000e+00 -1.48000000e+00 -1.36000000e+00 -5.04525357e-05 -1.36000000e+00 -1.36000000e+00 
-1.37000000e+00 -1.48000000e+00 -1.37000000e+00 -5.04655972e-05 -1.37000000e+00 -1.37000000e+00 
-1.38000000e+00 -1.48000000e+00 -1.38000000e+00 -5.04786112e-05 -1.38000000e+00 -1.38000000e+00 
-1.39000000e+00 -1.48000000e+00 -1.39000000e+00 -5.04915791e-05 -1.39000000e+00 -1.39000000e+00 
-1.40000000e+00 -1.48000000e+00 -1.40000000e+00 -5.05045020e-05 -1.40000000e+00 -1.40000000e+00 
-1.41000000e+00 -1.48000000e+00 -1.41000000e+00 -5.05173810e-05 -1.41000000e+00 -1.41000000e+00 
-1.42000000e+00 -1.48000000e+00 -1.42000000e+00 -5.05302174e-05 -1.42000000e+00 -1.42000000e+00 
-1.43000000e+00 -1.48000000e+00 -1.43000000e+00 -5.05430122e-05 -1.43000000e+00 -1.43000000e+00 
-1.44000000e+00 -1.48000000e+00 -1.44000000e+00 -5.05557664e-05 -1.44000000e+00 -1.44000000e+00 
-1.45000000e+00 -1.48000000e+00 -1.45000000e+00 -5.05684812e-05 -1.45000000e+00 -1.45000000e+00 
-1.46000000e+00 -1.48000000e+00 -1.46000000e+00 -5.05811574e-05 -1.46000000e+00 -1.46000000e+00 
-1.47000000e+00 -1.48000000e+00 -1.47000000e+00 -5.05937960e-05 -1.47000000e+00 -1.47000000e+00 
-1.48000000e+00 -1.48000000e+00 -1.48000000e+00 -5.06063979e-05 -1.48000000e+00 -1.48000000e+00 
-1.49000000e+00 -1.48000000e+00 -1.49000000e+00 -5.06189641e-05 -1.49000000e+00 -1.49000000e+00 
-1.50000000e+00 -1.48000000e+00 -1.50000000e+00 -5.06314954e-05 -1.50000000e+00 -1.50000000e+00 
-1.51000000e+00 -1.48000000e+00 -1.51000000e+00 -5.06439926e-05 -1.51000000e+00 -1.51000000e+00 
-1.52000000e+00 -1.48000000e+00 -1.52000000e+00 -5.06564566e-05 -1.52000000e+00 -1.52000000e+00 
-1.53000000e+00 -1.48000000e+00 -1.53000000e+00 -5.06688881e-05 -1.53000000e+00 -1.53000000e+00 
-1.54000000e+00 -1.48000000e+00 -1.54000000e+00 -5.06812878e-05 -1.54000000e+00 -1.54000000e+00 
-1.55000000e+00 -1.48000000e+00 -1.55000000e+00 -5.06936566e-05 -1.55000000e+00 -1.55000000e+00 
-1.56000000e+00 -1.48000000e+00 -1.56000000e+00 -5.07059952e-05 -1.56000000e+00 -1.56000000e+00 
-1.57000000e+00 -1.48000000e+00 -1.57000000e+00 -5.07183041e-05 -1.57000000e+00 -1.57000000e+00 
-1.58000000e+00 -1.48000000e+00 -1.58000000e+00 -5.07305842e-05 -1.58000000e+00 -1.58000000e+00 
-1.59000000e+00 -1.48000000e+00 -1.59000000e+00 -5.07428360e-05 -1.59000000e+00 -1.59000000e+00 
-1.60000000e+00 -1.48000000e+00 -1.60000000e+00 -5.07550602e-05 -1.60000000e+00 -1.60000000e+00 
-1.61000000e+00 -1.48000000e+00 -1.61000000e+00 -5.07672574e-05 -1.61000000e+00 -1.61000000e+00 
-1.62000000e+00 -1.48000000e+00 -1.62000000e+00 -5.07794282e-05 -1.62000000e+00 -1.62000000e+00 
-1.63000000e+00 -1.48000000e+00 -1.63000000e+00 -5.07915731e-05 -1.63000000e+00 -1.63000000e+00 
-1.64000000e+00 -1.48000000e+00 -1.64000000e+00 -5.08036928e-05 -1.64000000e+00 -1.64000000e+00 
-1.65000000e+00 -1.48000000e+00 -1.65000000e+00 -5.08157877e-05 -1.65000000e+00 -1.65000000e+00 
-1.66000000e+00 -1.48000000e+00 -1.66000000e+00 -5.08278584e-05 -1.66000000e+00 -1.66000000e+00 
-1.67000000e+00 -1.48000000e+00 -1.67000000e+00 -5.08399055e-05 -1.67000000e+00 -1.67000000e+00 
-1.68000000e+00 -1.48000000e+00 -1.68000000e+00 -5.08519293e-05 -1.68000000e+00 -1.68000000e+00 
-1.69000000e+00 -1.48000000e+00 -1.69000000e+00 -5.08639305e-05 -1.69000000e+00 -1.69000000e+00 
-1.70000000e+00 -1.48000000e+00 -1.70000000e+00 -5.08759095e-05 -1.70000000e+00 -1.70000000e+00 
-1.71000000e+00 -1.48000000e+00 -1.71000000e+00 -5.08878666e-05 -1.71000000e+00 -1.71000000e+00 
-1.72000000e+00 -1.48000000e+00 -1.72000000e+00 -5.08998025e-05 -1.72000000e+00 -1.72000000e+00 
-1.73000000e+00 -1.48000000e+00 -1.73000000e+00 -5.09117174e-05 -1.73000000e+00 -1.73000000e+00 
-1.74000000e+00 -1.48000000e+00 -1.74000000e+00 -5.09236119e-05 -1.74000000e+00 -1.74000000e+00 
-1.75000000e+00 -1.48000000e+00 -1.75000000e+00 -5.09354863e-05 -1.75000000e+00 -1.75000000e+00 
-1.76000000e+00 -1.48000000e+00 -1.76000000e+00 -5.09473411e-05 -1.76000000e+00 -1.76000000e+00 
-1.77000000e+00 -1.48000000e+00 -1.77000000e+00 -5.09591767e-05 -1.77000000e+00 -1.77000000e+00 
-1.78000000e+00 -1.48000000e+00 -1.78000000e+00 -5.09709933e-05 -1.78000000e+00 -1.78000000e+00 
-1.79000000e+00 -1.48000000e+00 -1.79000000e+00 -5.09827914e-05 -1.79000000e+00 -1.79000000e+00 
-1.80000000e+00 -1.48000000e+00 -1.80000000e+00 -5.09945714e-05 -1.80000000e+00 -1.80000000e+00 
-1.81000000e+00 -1.48000000e+00 -1.81000000e+00 -5.10063335e-05 -1.81000000e+00 -1.81000000e+00 
-1.82000000e+00 -1.48000000e+00 -1.82000000e+00 -5.10180782e-05 -1.82000000e+00 -1.82000000e+00 
-1.83000000e+00 -1.48000000e+00 -1.83000000e+00 -5.10298058e-05 -1.83000000e+00 -1.83000000e+00 
-1.84000000e+00 -1.48000000e+00 -1.84000000e+00 -5.10415166e-05 -1.84000000e+00 -1.84000000e+00 
-1.85000000e+00 -1.48000000e+00 -1.85000000e+00 -5.10532109e-05 -1.85000000e+00 -1.85000000e+00 
