 0.00000000e+00 -7.40000000e-01  0.00000000e+00 -0.00000000e+00  0.00000000e+00  0.00000000e+00 
-1.00000000e-02 -7.40000000e-01 -1.00000000e-02 -3.25275751e-11 -1.00000000e-02 -1.00000000e-02 
-2.00000000e-02 -7.40000000e-01 -2.00000000e-02 -4.83696256e-11 -2.00000000e-02 -2.00000000e-02 
-3.00000000e-02 -7.40000000e-01 -3.00000000e-02 -5.68422633e-11 -3.00000000e-02 -3.00000000e-02 
-4.00000000e-02 -7.40000000e-01 -4.00000000e-02 -6.18402155e-11 -4.00000000e-02 -4.00000000e-02 
-5.00000000e-02 -7.40000000e-01 -5.00000000e-02 -6.50588098e-11 -5.00000000e-02 -5.00000000e-02 
-6.00000000e-02 -7.40000000e-01 -6.00000000e-02 -6.72932097e-11 -6.00000000e-02 -6.00000000e-02 
-7.00000000e-02 -7.40000000e-01 -7.00000000e-02 -6.89460989e-11 -7.00000000e-02 -7.00000000e-02 
-8.00000000e-02 -7.40000000e-01 -8.00000000e-02 -7.02359271e-11 -8.00000000e-02 -8.00000000e-02 
-9.00000000e-02 -7.40000000e-01 -9.00000000e-02 -7.12884237e-11 -9.00000000e-02 -9.00000000e-02 
-1.00000000e-01 -7.40000000e-01 -1.00000000e-01 -7.21796867e-11 -1.00000000e-01 -1.00000000e-01 
-1.10000000e-01 -7.40000000e-01 -1.10000000e-01 -7.29577899e-11 -1.10000000e-01 -1.10000000e-01 
-1.20000000e-01 -7.40000000e-01 -1.20000000e-01 -7.36542358e-11 -1.20000000e-01 -1.20000000e-01 
-1.30000000e-01 -7.40000000e-01 -1.30000000e-01 -7.42903303e-11 -1.30000000e-01 -1.30000000e-01 
-1.40000000e-01 -7.40000000e-01 -1.40000000e-01 -7.48808828e-11 -1.40000000e-01 -1.40000000e-01 
-1.50000000e-01 -7.40000000e-01 -1.50000000e-01 -7.54364376e-11 -1.50000000e-01 -1.50000000e-01 
-1.60000000e-01 -7.40000000e-01 -1.60000000e-01 -7.59646617e-11 -1.60000000e-01 -1.60000000e-01 
-1.70000000e-01 -7.40000000e-01 -1.70000000e-01 -7.64712359e-11 -1.70000000e-01 -1.70000000e-01 
-1.80000000e-01 -7.40000000e-01 -1.80000000e-01 -7.69604399e-11 -1.80000000e-01 -1.80000000e-01 
-1.90000000e-01 -7.40000000e-01 -1.90000000e-01 -7.74355467e-11 -1.90000000e-01 -1.90000000e-01 
-2.00000000e-01 -7.40000000e-01 -2.00000000e-01 -7.78990936e-11 -2.00000000e-01 -2.00000000e-01 
-2.10000000e-01 -7.40000000e-01 -2.10000000e-01 -7.83530716e-11 -2.10000000e-01 -2.10000000e-01 
-2.20000000e-01 -7.40000000e-01 -2.20000000e-01 -7.87990605e-11 -2.20000000e-01 -2.20000000e-01 
-2.30000000e-01 -7.40000000e-01 -2.30000000e-01 -7.92383270e-11 -2.30000000e-01 -2.30000000e-01 
-2.40000000e-01 -7.40000000e-01 -2.40000000e-01 -7.96718960e-11 -2.40000000e-01 -2.40000000e-01 
-2.50000000e-01 -7.40000000e-01 -2.50000000e-01 -8.01006039e-11 -2.50000000e-01 -2.50000000e-01 
-2.60000000e-01 -7.40000000e-01 -2.60000000e-01 -8.05251388e-11 -2.60000000e-01 -2.60000000e-01 
-2.70000000e-01 -7.40000000e-01 -2.70000000e-01 -8.09460711e-11 -2.70000000e-01 -2.70000000e-01 
-2.80000000e-01 -7.40000000e-01 -2.80000000e-01 -8.13638766e-11 -2.80000000e-01 -2.80000000e-01 
-2.90000000e-01 -7.40000000e-01 -2.90000000e-01 -8.17789550e-11 -2.90000000e-01 -2.90000000e-01 
-3.00000000e-01 -7.40000000e-01 -3.00000000e-01 -8.21916437e-11 -3.00000000e-01 -3.00000000e-01 
-3.10000000e-01 -7.40000000e-01 -3.10000000e-01 -8.26022297e-11 -3.10000000e-01 -3.10000000e-01 
-3.20000000e-01 -7.40000000e-01 -3.20000000e-01 -8.30109576e-11 -3.20000000e-01 -3.20000000e-01 
-3.30000000e-01 -7.40000000e-01 -3.30000000e-01 -8.34180376e-11 -3.30000000e-01 -3.30000000e-01 
-3.40000000e-01 -7.40000000e-01 -3.40000000e-01 -8.38236508e-11 -3.40000000e-01 -3.40000000e-01 
-3.50000000e-01 -7.40000000e-01 -3.50000000e-01 -8.42279539e-11 -3.50000000e-01 -3.50000000e-01 
-3.60000000e-01 -7.40000000e-01 -3.60000000e-01 -8.46310833e-11 -3.60000000e-01 -3.60000000e-01 
-3.70000000e-01 -7.40000000e-01 -3.70000000e-01 -8.50331579e-11 -3.70000000e-01 -3.70000000e-01 
-3.80000000e-01 -7.40000000e-01 -3.80000000e-01 -8.54342818e-11 -3.80000000e-01 -3.80000000e-01 
-3.90000000e-01 -7.40000000e-01 -3.90000000e-01 -8.58345466e-11 -3.90000000e-01 -3.90000000e-01 
-4.00000000e-01 -7.40000000e-01 -4.00000000e-01 -8.62340330e-11 -4.00000000e-01 -4.00000000e-01 
-4.10000000e-01 -7.40000000e-01 -4.10000000e-01 -8.66328125e-11 -4.10000000e-01 -4.10000000e-01 
-4.20000000e-01 -7.40000000e-01 -4.20000000e-01 -8.70309484e-11 -4.20000000e-01 -4.20000000e-01 
-4.30000000e-01 -7.40000000e-01 -4.30000000e-01 -8.74284971e-11 -4.30000000e-01 -4.30000000e-01 
-4.40000000e-01 -7.40000000e-01 -4.40000000e-01 -8.78255088e-11 -4.40000000e-01 -4.40000000e-01 
-4.50000000e-01 -7.40000000e-01 -4.50000000e-01 -8.82220287e-11 -4.50000000e-01 -4.50000000e-01 
-4.60000000e-01 -7.40000000e-01 -4.60000000e-01 -8.86180969e-11 -4.60000000e-01 -4.60000000e-01 
-4.70000000e-01 -7.40000000e-01 -4.70000000e-01 -8.90137499e-11 -4.70000000e-01 -4.70000000e-01 
-4.80000000e-01 -7.40000000e-01 -4.80000000e-01 -8.94090202e-11 -4.80000000e-01 -4.80000000e-01 
-4.90000000e-01 -7.40000000e-01 -4.90000000e-01 -8.98039374e-11 -4.90000000e-01 -4.90000000e-01 
-5.00000000e-01 -7.40000000e-01 -5.00000000e-01 -9.01985281e-11 -5.00000000e-01 -5.00000000e-01 
-5.10000000e-01 -7.40000000e-01 -5.10000000e-01 -9.05928165e-11 -5.10000000e-01 -5.10000000e-01 
-5.20000000e-01 -7.40000000e-01 -5.20000000e-01 -9.09868247e-11 -5.20000000e-01 -5.20000000e-01 
-5.30000000e-01 -7.40000000e-01 -5.30000000e-01 -9.13805726e-11 -5.30000000e-01 -5.30000000e-01 
-5.40000000e-01 -7.40000000e-01 -5.40000000e-01 -9.17740785e-11 -5.40000000e-01 -5.40000000e-01 
-5.50000000e-01 -7.40000000e-01 -5.50000000e-01 -9.21673589e-11 -5.50000000e-01 -5.50000000e-01 
-5.60000000e-01 -7.40000000e-01 -5.60000000e-01 -9.25604292e-11 -5.60000000e-01 -5.60000000e-01 
-5.70000000e-01 -7.40000000e-01 -5.70000000e-01 -9.29533033e-11 -5.70000000e-01 -5.70000000e-01 
-5.80000000e-01 -7.40000000e-01 -5.80000000e-01 -9.33459940e-11 -5.80000000e-01 -5.80000000e-01 
-5.90000000e-01 -7.40000000e-01 -5.90000000e-01 -9.37385131e-11 -5.90000000e-01 -5.90000000e-01 
-6.00000000e-01 -7.40000000e-01 -6.00000000e-01 -9.41308714e-11 -6.00000000e-01 -6.00000000e-01 
-6.10000000e-01 -7.40000000e-01 -6.10000000e-01 -9.45230788e-11 -6.10000000e-01 -6.10000000e-01 
-6.20000000e-01 -7.40000000e-01 -6.20000000e-01 -9.49151447e-11 -6.20000000e-01 -6.20000000e-01 
-6.30000000e-01 -7.40000000e-01 -6.30000000e-01 -9.53070775e-11 -6.30000000e-01 -6.30000000e-01 
-6.40000000e-01 -7.40000000e-01 -6.40000000e-01 -9.56988851e-11 -6.40000000e-01 -6.40000000e-01 
-6.50000000e-01 -7.40000000e-01 -6.50000000e-01 -9.60905748e-11 -6.50000000e-01 -6.50000000e-01 
-6.60000000e-01 -7.40000000e-01 -6.60000000e-01 -9.64821534e-11 -6.60000000e-01 -6.60000000e-01 
-6.70000000e-01 -7.40000000e-01 -6.70000000e-01 -9.68736271e-11 -6.70000000e-01 -6.70000000e-01 
-6.80000000e-01 -7.40000000e-01 -6.80000000e-01 -9.72650018e-11 -6.80000000e-01 -6.80000000e-01 
-6.90000000e-01 -7.40000000e-01 -6.90000000e-01 -9.76562830e-11 -6.90000000e-01 -6.90000000e-01 
-7.00000000e-01 -7.40000000e-01 -7.00000000e-01 -9.80474756e-11 -7.00000000e-01 -7.00000000e-01 
-7.10000000e-01 -7.40000000e-01 -7.10000000e-01 -9.84385845e-11 -7.10000000e-01 -7.10000000e-01 
-7.20000000e-01 -7.40000000e-01 -7.20000000e-01 -9.88296140e-11 -7.20000000e-01 -7.20000000e-01 
-7.30000000e-01 -7.40000000e-01 -7.30000000e-01 -9.92205683e-11 -7.30000000e-01 -7.30000000e-01 
-7.40000000e-01 -7.40000000e-01 -7.40000000e-01 -9.96114512e-11 -7.40000000e-01 -7.40000000e-01 
-7.50000000e-01 -7.40000000e-01 -7.50000000e-01 -1.00002266e-10 -7.50000000e-01 -7.50000000e-01 
-7.60000000e-01 -7.40000000e-01 -7.60000000e-01 -1.00393017e-10 -7.60000000e-01 -7.60000000e-01 
-7.70000000e-01 -7.40000000e-01 -7.70000000e-01 -1.00783707e-10 -7.70000000e-01 -7.70000000e-01 
-7.80000000e-01 -7.40000000e-01 -7.80000000e-01 -1.01174338e-10 -7.80000000e-01 -7.80000000e-01 
-7.90000000e-01 -7.40000000e-01 -7.90000000e-01 -1.01564914e-10 -7.90000000e-01 -7.90000000e-01 
-8.00000000e-01 -7.40000000e-01 -8.00000000e-01 -1.01955437e-10 -8.00000000e-01 -8.00000000e-01 
-8.10000000e-01 -7.40000000e-01 -8.10000000e-01 -1.02345909e-10 -8.10000000e-01 -8.10000000e-01 
-8.20000000e-01 -7.40000000e-01 -8.20000000e-01 -1.02736334e-10 -8.20000000e-01 -8.20000000e-01 
-8.30000000e-01 -7.40000000e-01 -8.30000000e-01 -1.03126713e-10 -8.30000000e-01 -8.30000000e-01 
-8.40000000e-01 -7.40000000e-01 -8.40000000e-01 -1.03517048e-10 -8.40000000e-01 -8.40000000e-01 
-8.50000000e-01 -7.40000000e-01 -8.50000000e-01 -1.03907341e-10 -8.50000000e-01 -8.50000000e-01 
-8.60000000e-01 -7.40000000e-01 -8.60000000e-01 -1.04297595e-10 -8.60000000e-01 -8.60000000e-01 
-8.70000000e-01 -7.40000000e-01 -8.70000000e-01 -1.04687810e-10 -8.70000000e-01 -8.70000000e-01 
-8.80000000e-01 -7.40000000e-01 -8.80000000e-01 -1.05077988e-10 -8.80000000e-01 -8.80000000e-01 
-8.90000000e-01 -7.40000000e-01 -8.90000000e-01 -1.05468132e-10 -8.90000000e-01 -8.90000000e-01 
-9.00000000e-01 -7.40000000e-01 -9.00000000e-01 -1.05858242e-10 -9.00000000e-01 -9.00000000e-01 
-9.10000000e-01 -7.40000000e-01 -9.10000000e-01 -1.06248320e-10 -9.10000000e-01 -9.10000000e-01 
-9.20000000e-01 -7.40000000e-01 -9.20000000e-01 -1.06638367e-10 -9.20000000e-01 -9.20000000e-01 
-9.30000000e-01 -7.40000000e-01 -9.30000000e-01 -1.07028384e-10 -9.30000000e-01 -9.30000000e-01 
-9.40000000e-01 -7.40000000e-01 -9.40000000e-01 -1.07418374e-10 -9.40000000e-01 -9.40000000e-01 
-9.50000000e-01 -7.40000000e-01 -9.50000000e-01 -1.07808336e-10 -9.50000000e-01 -9.50000000e-01 
-9.60000000e-01 -7.40000000e-01 -9.60000000e-01 -1.08198272e-10 -9.60000000e-01 -9.60000000e-01 
-9.70000000e-01 -7.40000000e-01 -9.70000000e-01 -1.08588182e-10 -9.70000000e-01 -9.70000000e-01 
-9.80000000e-01 -7.40000000e-01 -9.80000000e-01 -1.08978069e-10 -9.80000000e-01 -9.80000000e-01 
-9.90000000e-01 -7.40000000e-01 -9.90000000e-01 -1.09367932e-10 -9.90000000e-01 -9.90000000e-01 
-1.00000000e+00 -7.40000000e-01 -1.00000000e+00 -1.09757773e-10 -1.00000000e+00 -1.00000000e+00 
-1.01000000e+00 -7.40000000e-01 -1.01000000e+00 -1.10147593e-10 -1.01000000e+00 -1.01000000e+00 
-1.02000000e+00 -7.40000000e-01 -1.02000000e+00 -1.10537392e-10 -1.02000000e+00 -1.02000000e+00 
-1.03000000e+00 -7.40000000e-01 -1.03000000e+00 -1.10927171e-10 -1.03000000e+00 -1.03000000e+00 
-1.04000000e+00 -7.40000000e-01 -1.04000000e+00 -1.11316931e-10 -1.04000000e+00 -1.04000000e+00 
-1.05000000e+00 -7.40000000e-01 -1.05000000e+00 -1.11706672e-10 -1.05000000e+00 -1.05000000e+00 
-1.06000000e+00 -7.40000000e-01 -1.06000000e+00 -1.12096396e-10 -1.06000000e+00 -1.06000000e+00 
-1.07000000e+00 -7.40000000e-01 -1.07000000e+00 -1.12486102e-10 -1.07000000e+00 -1.07000000e+00 
-1.08000000e+00 -7.40000000e-01 -1.08000000e+00 -1.12875792e-10 -1.08000000e+00 -1.08000000e+00 
-1.09000000e+00 -7.40000000e-01 -1.09000000e+00 -1.13265465e-10 -1.09000000e+00 -1.09000000e+00 
-1.10000000e+00 -7.40000000e-01 -1.10000000e+00 -1.13655124e-10 -1.10000000e+00 -1.10000000e+00 
-1.11000000e+00 -7.40000000e-01 -1.11000000e+00 -1.14044767e-10 -1.11000000e+00 -1.11000000e+00 
-1.12000000e+00 -7.40000000e-01 -1.12000000e+00 -1.14434396e-10 -1.12000000e+00 -1.12000000e+00 
-1.13000000e+00 -7.40000000e-01 -1.13000000e+00 -1.14824011e-10 -1.13000000e+00 -1.13000000e+00 
-1.14000000e+00 -7.40000000e-01 -1.14000000e+00 -1.15213612e-10 -1.14000000e+00 -1.14000000e+00 
-1.15000000e+00 -7.40000000e-01 -1.15000000e+00 -1.15603201e-10 -1.15000000e+00 -1.15000000e+00 
-1.16000000e+00 -7.40000000e-01 -1.16000000e+00 -1.15992777e-10 -1.16000000e+00 -1.16000000e+00 
-1.17000000e+00 -7.40000000e-01 -1.17000000e+00 -1.16382341e-10 -1.17000000e+00 -1.17000000e+00 
-1.18000000e+00 -7.40000000e-01 -1.18000000e+00 -1.16771893e-10 -1.18000000e+00 -1.18000000e+00 
-1.19000000e+00 -7.40000000e-01 -1.19000000e+00 -1.17161433e-10 -1.19000000e+00 -1.19000000e+00 
-1.20000000e+00 -7.40000000e-01 -1.20000000e+00 -1.17550963e-10 -1.20000000e+00 -1.20000000e+00 
-1.21000000e+00 -7.40000000e-01 -1.21000000e+00 -1.17940482e-10 -1.21000000e+00 -1.21000000e+00 
-1.22000000e+00 -7.40000000e-01 -1.22000000e+00 -1.18329990e-10 -1.22000000e+00 -1.22000000e+00 
-1.23000000e+00 -7.40000000e-01 -1.23000000e+00 -1.18719489e-10 -1.23000000e+00 -1.23000000e+00 
-1.24000000e+00 -7.40000000e-01 -1.24000000e+00 -1.19108977e-10 -1.24000000e+00 -1.24000000e+00 
-1.25000000e+00 -7.40000000e-01 -1.25000000e+00 -1.19498457e-10 -1.25000000e+00 -1.25000000e+00 
-1.26000000e+00 -7.40000000e-01 -1.26000000e+00 -1.19887927e-10 -1.26000000e+00 -1.26000000e+00 
-1.27000000e+00 -7.40000000e-01 -1.27000000e+00 -1.20277388e-10 -1.27000000e+00 -1.27000000e+00 
-1.28000000e+00 -7.40000000e-01 -1.28000000e+00 -1.20666841e-10 -1.28000000e+00 -1.28000000e+00 
-1.29000000e+00 -7.40000000e-01 -1.29000000e+00 -1.21056286e-10 -1.29000000e+00 -1.29000000e+00 
-1.30000000e+00 -7.40000000e-01 -1.30000000e+00 -1.21445722e-10 -1.30000000e+00 -1.30000000e+00 
-1.31000000e+00 -7.40000000e-01 -1.31000000e+00 -1.21835151e-10 -1.31000000e+00 -1.31000000e+00 
-1.32000000e+00 -7.40000000e-01 -1.32000000e+00 -1.22224572e-10 -1.32000000e+00 -1.32000000e+00 
-1.33000000e+00 -7.40000000e-01 -1.33000000e+00 -1.22613985e-10 -1.33000000e+00 -1.33000000e+00 
-1.34000000e+00 -7.40000000e-01 -1.34000000e+00 -1.23003391e-10 -1.34000000e+00 -1.34000000e+00 
-1.35000000e+00 -7.40000000e-01 -1.35000000e+00 -1.23392791e-10 -1.35000000e+00 -1.35000000e+00 
-1.36000000e+00 -7.40000000e-01 -1.36000000e+00 -1.23782183e-10 -1.36000000e+00 -1.36000000e+00 
-1.37000000e+00 -7.40000000e-01 -1.37000000e+00 -1.24171569e-10 -1.37000000e+00 -1.37000000e+00 
-1.38000000e+00 -7.40000000e-01 -1.38000000e+00 -1.24560949e-10 -1.38000000e+00 -1.38000000e+00 
-1.39000000e+00 -7.40000000e-01 -1.39000000e+00 -1.24950322e-10 -1.39000000e+00 -1.39000000e+00 
-1.40000000e+00 -7.40000000e-01 -1.40000000e+00 -1.25339690e-10 -1.40000000e+00 -1.40000000e+00 
-1.41000000e+00 -7.40000000e-01 -1.41000000e+00 -1.25729051e-10 -1.41000000e+00 -1.41000000e+00 
-1.42000000e+00 -7.40000000e-01 -1.42000000e+00 -1.26118407e-10 -1.42000000e+00 -1.42000000e+00 
-1.43000000e+00 -7.40000000e-01 -1.43000000e+00 -1.26507757e-10 -1.43000000e+00 -1.43000000e+00 
-1.44000000e+00 -7.40000000e-01 -1.44000000e+00 -1.26897102e-10 -1.44000000e+00 -1.44000000e+00 
-1.45000000e+00 -7.40000000e-01 -1.45000000e+00 -1.27286441e-10 -1.45000000e+00 -1.45000000e+00 
-1.46000000e+00 -7.40000000e-01 -1.46000000e+00 -1.27675776e-10 -1.46000000e+00 -1.46000000e+00 
-1.47000000e+00 -7.40000000e-01 -1.47000000e+00 -1.28065105e-10 -1.47000000e+00 -1.47000000e+00 
-1.48000000e+00 -7.40000000e-01 -1.48000000e+00 -1.28454430e-10 -1.48000000e+00 -1.48000000e+00 
-1.49000000e+00 -7.40000000e-01 -1.49000000e+00 -1.28843750e-10 -1.49000000e+00 -1.49000000e+00 
-1.50000000e+00 -7.40000000e-01 -1.50000000e+00 -1.29233065e-10 -1.50000000e+00 -1.50000000e+00 
-1.51000000e+00 -7.40000000e-01 -1.51000000e+00 -1.29622375e-10 -1.51000000e+00 -1.51000000e+00 
-1.52000000e+00 -7.40000000e-01 -1.52000000e+00 -1.30011682e-10 -1.52000000e+00 -1.52000000e+00 
-1.53000000e+00 -7.40000000e-01 -1.53000000e+00 -1.30400984e-10 -1.53000000e+00 -1.53000000e+00 
-1.54000000e+00 -7.40000000e-01 -1.54000000e+00 -1.30790282e-10 -1.54000000e+00 -1.54000000e+00 
-1.55000000e+00 -7.40000000e-01 -1.55000000e+00 -1.31179576e-10 -1.55000000e+00 -1.55000000e+00 
-1.56000000e+00 -7.40000000e-01 -1.56000000e+00 -1.31568865e-10 -1.56000000e+00 -1.56000000e+00 
-1.57000000e+00 -7.40000000e-01 -1.57000000e+00 -1.31958152e-10 -1.57000000e+00 -1.57000000e+00 
-1.58000000e+00 -7.40000000e-01 -1.58000000e+00 -1.32347434e-10 -1.58000000e+00 -1.58000000e+00 
-1.59000000e+00 -7.40000000e-01 -1.59000000e+00 -1.32736713e-10 -1.59000000e+00 -1.59000000e+00 
-1.60000000e+00 -7.40000000e-01 -1.60000000e+00 -1.33125988e-10 -1.60000000e+00 -1.60000000e+00 
-1.61000000e+00 -7.40000000e-01 -1.61000000e+00 -1.33515259e-10 -1.61000000e+00 -1.61000000e+00 
-1.62000000e+00 -7.40000000e-01 -1.62000000e+00 -1.33904528e-10 -1.62000000e+00 -1.62000000e+00 
-1.63000000e+00 -7.40000000e-01 -1.63000000e+00 -1.34293792e-10 -1.63000000e+00 -1.63000000e+00 
-1.64000000e+00 -7.40000000e-01 -1.64000000e+00 -1.34683054e-10 -1.64000000e+00 -1.64000000e+00 
-1.65000000e+00 -7.40000000e-01 -1.65000000e+00 -1.35072313e-10 -1.65000000e+00 -1.65000000e+00 
-1.66000000e+00 -7.40000000e-01 -1.66000000e+00 -1.35461568e-10 -1.66000000e+00 -1.66000000e+00 
-1.67000000e+00 -7.40000000e-01 -1.67000000e+00 -1.35850821e-10 -1.67000000e+00 -1.67000000e+00 
-1.68000000e+00 -7.40000000e-01 -1.68000000e+00 -1.36240070e-10 -1.68000000e+00 -1.68000000e+00 
-1.69000000e+00 -7.40000000e-01 -1.69000000e+00 -1.36629317e-10 -1.69000000e+00 -1.69000000e+00 
-1.70000000e+00 -7.40000000e-01 -1.70000000e+00 -1.37018561e-10 -1.70000000e+00 -1.70000000e+00 
-1.71000000e+00 -7.40000000e-01 -1.71000000e+00 -1.37407802e-10 -1.71000000e+00 -1.71000000e+00 
-1.72000000e+00 -7.40000000e-01 -1.72000000e+00 -1.37797041e-10 -1.72000000e+00 -1.72000000e+00 
-1.73000000e+00 -7.40000000e-01 -1.73000000e+00 -1.38186277e-10 -1.73000000e+00 -1.73000000e+00 
-1.74000000e+00 -7.40000000e-01 -1.74000000e+00 -1.38575510e-10 -1.74000000e+00 -1.74000000e+00 
-1.75000000e+00 -7.40000000e-01 -1.75000000e+00 -1.38964741e-10 -1.75000000e+00 -1.75000000e+00 
-1.76000000e+00 -7.40000000e-01 -1.76000000e+00 -1.39353970e-10 -1.76000000e+00 -1.76000000e+00 
-1.77000000e+00 -7.40000000e-01 -1.77000000e+00 -1.39743196e-10 -1.77000000e+00 -1.77000000e+00 
-1.78000000e+00 -7.40000000e-01 -1.78000000e+00 -1.40132420e-10 -1.78000000e+00 -1.78000000e+00 
-1.79000000e+00 -7.40000000e-01 -1.79000000e+00 -1.40521641e-10 -1.79000000e+00 -1.79000000e+00 
-1.80000000e+00 -7.40000000e-01 -1.80000000e+00 -1.40910861e-10 -1.80000000e+00 -1.80000000e+00 
-1.81000000e+00 -7.40000000e-01 -1.81000000e+00 -1.41300078e-10 -1.81000000e+00 -1.81000000e+00 
-1.82000000e+00 -7.40000000e-01 -1.82000000e+00 -1.41689293e-10 -1.82000000e+00 -1.82000000e+00 
-1.83000000e+00 -7.40000000e-01 -1.83000000e+00 -1.42078506e-10 -1.83000000e+00 -1.83000000e+00 
-1.84000000e+00 -7.40000000e-01 -1.84000000e+00 -1.42467717e-10 -1.84000000e+00 -1.84000000e+00 
-1.85000000e+00 -7.40000000e-01 -1.85000000e+00 -1.42856926e-10 -1.85000000e+00 -1.85000000e+00 
