 0.00000000e+00 -1.11000000e+00  0.00000000e+00 -0.00000000e+00  0.00000000e+00  0.00000000e+00 
-1.00000000e-02 -1.11000000e+00 -1.00000000e-02 -1.09522529e-07 -1.00000000e-02 -1.00000000e-02 
-2.00000000e-02 -1.11000000e+00 -2.00000000e-02 -1.75412371e-07 -2.00000000e-02 -2.00000000e-02 
-3.00000000e-02 -1.11000000e+00 -3.00000000e-02 -2.15011945e-07 -3.00000000e-02 -3.00000000e-02 
-4.00000000e-02 -1.11000000e+00 -4.00000000e-02 -2.39475667e-07 -4.00000000e-02 -4.00000000e-02 
-5.00000000e-02 -1.11000000e+00 -5.00000000e-02 -2.55244409e-07 -5.00000000e-02 -5.00000000e-02 
-6.00000000e-02 -1.11000000e+00 -6.00000000e-02 -2.65898262e-07 -6.00000000e-02 -6.00000000e-02 
-7.00000000e-02 -1.11000000e+00 -7.00000000e-02 -2.73435886e-07 -7.00000000e-02 -7.00000000e-02 
-8.00000000e-02 -1.11000000e+00 -8.00000000e-02 -2.79001901e-07 -8.00000000e-02 -8.00000000e-02 
-9.00000000e-02 -1.11000000e+00 -9.00000000e-02 -2.83274360e-07 -9.00000000e-02 -9.00000000e-02 
-1.00000000e-01 -1.11000000e+00 -1.00000000e-01 -2.86669437e-07 -1.00000000e-01 -1.00000000e-01 
-1.10000000e-01 -1.11000000e+00 -1.10000000e-01 -2.89451429e-07 -1.10000000e-01 -1.10000000e-01 
-1.20000000e-01 -1.11000000e+00 -1.20000000e-01 -2.91793554e-07 -1.20000000e-01 -1.20000000e-01 
-1.30000000e-01 -1.11000000e+00 -1.30000000e-01 -2.93812631e-07 -1.30000000e-01 -1.30000000e-01 
-1.40000000e-01 -1.11000000e+00 -1.40000000e-01 -2.95589497e-07 -1.40000000e-01 -1.40000000e-01 
-1.50000000e-01 -1.11000000e+00 -1.50000000e-01 -2.97181394e-07 -1.50000000e-01 -1.50000000e-01 
-1.60000000e-01 -1.11000000e+00 -1.60000000e-01 -2.98629704e-07 -1.60000000e-01 -1.60000000e-01 
-1.70000000e-01 -1.11000000e+00 -1.70000000e-01 -2.99964909e-07 -1.70000000e-01 -1.70000000e-01 
-1.80000000e-01 -1.11000000e+00 -1.80000000e-01 -3.01209837e-07 -1.80000000e-01 -1.80000000e-01 
-1.90000000e-01 -1.11000000e+00 -1.90000000e-01 -3.02381850e-07 -1.90000000e-01 -1.90000000e-01 
-2.00000000e-01 -1.11000000e+00 -2.00000000e-01 -3.03494334e-07 -2.00000000e-01 -2.00000000e-01 
-2.10000000e-01 -1.11000000e+00 -2.10000000e-01 -3.04557738e-07 -2.10000000e-01 -2.10000000e-01 
-2.20000000e-01 -1.11000000e+00 -2.20000000e-01 -3.05580317e-07 -2.20000000e-01 -2.20000000e-01 
-2.30000000e-01 -1.11000000e+00 -2.30000000e-01 -3.06568655e-07 -2.30000000e-01 -2.30000000e-01 
-2.40000000e-01 -1.11000000e+00 -2.40000000e-01 -3.07528061e-07 -2.40000000e-01 -2.40000000e-01 
-2.50000000e-01 -1.11000000e+00 -2.50000000e-01 -3.08462848e-07 -2.50000000e-01 -2.50000000e-01 
-2.60000000e-01 -1.11000000e+00 -2.60000000e-01 -3.09376554e-07 -2.60000000e-01 -2.60000000e-01 
-2.70000000e-01 -1.11000000e+00 -2.70000000e-01 -3.10272099e-07 -2.70000000e-01 -2.70000000e-01 
-2.80000000e-01 -1.11000000e+00 -2.80000000e-01 -3.11151913e-07 -2.80000000e-01 -2.80000000e-01 
-2.90000000e-01 -1.11000000e+00 -2.90000000e-01 -3.12018030e-07 -2.90000000e-01 -2.90000000e-01 
-3.00000000e-01 -1.11000000e+00 -3.00000000e-01 -3.12872164e-07 -3.00000000e-01 -3.00000000e-01 
-3.10000000e-01 -1.11000000e+00 -3.10000000e-01 -3.13715767e-07 -3.10000000e-01 -3.10000000e-01 
-3.20000000e-01 -1.11000000e+00 -3.20000000e-01 -3.14550077e-07 -3.20000000e-01 -3.20000000e-01 
-3.30000000e-01 -1.11000000e+00 -3.30000000e-01 -3.15376153e-07 -3.30000000e-01 -3.30000000e-01 
-3.40000000e-01 -1.11000000e+00 -3.40000000e-01 -3.16194905e-07 -3.40000000e-01 -3.40000000e-01 
-3.50000000e-01 -1.11000000e+00 -3.50000000e-01 -3.17007123e-07 -3.50000000e-01 -3.50000000e-01 
-3.60000000e-01 -1.11000000e+00 -3.60000000e-01 -3.17813488e-07 -3.60000000e-01 -3.60000000e-01 
-3.70000000e-01 -1.11000000e+00 -3.70000000e-01 -3.18614597e-07 -3.70000000e-01 -3.70000000e-01 
-3.80000000e-01 -1.11000000e+00 -3.80000000e-01 -3.19410971e-07 -3.80000000e-01 -3.80000000e-01 
-3.90000000e-01 -1.11000000e+00 -3.90000000e-01 -3.20203067e-07 -3.90000000e-01 -3.90000000e-01 
-4.00000000e-01 -1.11000000e+00 -4.00000000e-01 -3.20991287e-07 -4.00000000e-01 -4.00000000e-01 
-4.10000000e-01 -1.11000000e+00 -4.10000000e-01 -3.21775988e-07 -4.10000000e-01 -4.10000000e-01 
-4.20000000e-01 -1.11000000e+00 -4.20000000e-01 -3.22557485e-07 -4.20000000e-01 -4.20000000e-01 
-4.30000000e-01 -1.11000000e+00 -4.30000000e-01 -3.23336059e-07 -4.30000000e-01 -4.30000000e-01 
-4.40000000e-01 -1.11000000e+00 -4.40000000e-01 -3.24111959e-07 -4.40000000e-01 -4.40000000e-01 
-4.50000000e-01 -1.11000000e+00 -4.50000000e-01 -3.24885409e-07 -4.50000000e-01 -4.50000000e-01 
-4.60000000e-01 -1.11000000e+00 -4.60000000e-01 -3.25656609e-07 -4.60000000e-01 -4.60000000e-01 
-4.70000000e-01 -1.11000000e+00 -4.70000000e-01 -3.26425740e-07 -4.70000000e-01 -4.70000000e-01 
-4.80000000e-01 -1.11000000e+00 -4.80000000e-01 -3.27192962e-07 -4.80000000e-01 -4.80000000e-01 
-4.90000000e-01 -1.11000000e+00 -4.90000000e-01 -3.27958424e-07 -4.90000000e-01 -4.90000000e-01 
-5.00000000e-01 -1.11000000e+00 -5.00000000e-01 -3.28722256e-07 -5.00000000e-01 -5.00000000e-01 
-5.10000000e-01 -1.11000000e+00 -5.10000000e-01 -3.29484579e-07 -5.10000000e-01 -5.10000000e-01 
-5.20000000e-01 -1.11000000e+00 -5.20000000e-01 -3.30245501e-07 -5.20000000e-01 -5.20000000e-01 
-5.30000000e-01 -1.11000000e+00 -5.30000000e-01 -3.31005122e-07 -5.30000000e-01 -5.30000000e-01 
-5.40000000e-01 -1.11000000e+00 -5.40000000e-01 -3.31763532e-07 -5.40000000e-01 -5.40000000e-01 
-5.50000000e-01 -1.11000000e+00 -5.50000000e-01 -3.32520814e-07 -5.50000000e-01 -5.50000000e-01 
-5.60000000e-01 -1.11000000e+00 -5.60000000e-01 -3.33277042e-07 -5.60000000e-01 -5.60000000e-01 
-5.70000000e-01 -1.11000000e+00 -5.70000000e-01 -3.34032287e-07 -5.70000000e-01 -5.70000000e-01 
-5.80000000e-01 -1.11000000e+00 -5.80000000e-01 -3.34786610e-07 -5.80000000e-01 -5.80000000e-01 
-5.90000000e-01 -1.11000000e+00 -5.90000000e-01 -3.35540072e-07 -5.90000000e-01 -5.90000000e-01 
-6.00000000e-01 -1.11000000e+00 -6.00000000e-01 -3.36292725e-07 -6.00000000e-01 -6.00000000e-01 
-6.10000000e-01 -1.11000000e+00 -6.10000000e-01 -3.37044619e-07 -6.10000000e-01 -6.10000000e-01 
-6.20000000e-01 -1.11000000e+00 -6.20000000e-01 -3.37795799e-07 -6.20000000e-01 -6.20000000e-01 
-6.30000000e-01 -1.11000000e+00 -6.30000000e-01 -3.38546309e-07 -6.30000000e-01 -6.30000000e-01 
-6.40000000e-01 -1.11000000e+00 -6.40000000e-01 -3.39296186e-07 -6.40000000e-01 -6.40000000e-01 
-6.50000000e-01 -1.11000000e+00 -6.50000000e-01 -3.40045467e-07 -6.50000000e-01 -6.50000000e-01 
-6.60000000e-01 -1.11000000e+00 -6.60000000e-01 -3.40794186e-07 -6.60000000e-01 -6.60000000e-01 
-6.70000000e-01 -1.11000000e+00 -6.70000000e-01 -3.41542373e-07 -6.70000000e-01 -6.70000000e-01 
-6.80000000e-01 -1.11000000e+00 -6.80000000e-01 -3.42290059e-07 -6.80000000e-01 -6.80000000e-01 
-6.90000000e-01 -1.11000000e+00 -6.90000000e-01 -3.43037270e-07 -6.90000000e-01 -6.90000000e-01 
-7.00000000e-01 -1.11000000e+00 -7.00000000e-01 -3.43784030e-07 -7.00000000e-01 -7.00000000e-01 
-7.10000000e-01 -1.11000000e+00 -7.10000000e-01 -3.44530364e-07 -7.10000000e-01 -7.10000000e-01 
-7.20000000e-01 -1.11000000e+00 -7.20000000e-01 -3.45276294e-07 -7.20000000e-01 -7.20000000e-01 
-7.30000000e-01 -1.11000000e+00 -7.30000000e-01 -3.46021840e-07 -7.30000000e-01 -7.30000000e-01 
-7.40000000e-01 -1.11000000e+00 -7.40000000e-01 -3.46767021e-07 -7.40000000e-01 -7.40000000e-01 
-7.50000000e-01 -1.11000000e+00 -7.50000000e-01 -3.47511855e-07 -7.50000000e-01 -7.50000000e-01 
-7.60000000e-01 -1.11000000e+00 -7.60000000e-01 -3.48256360e-07 -7.60000000e-01 -7.60000000e-01 
-7.70000000e-01 -1.11000000e+00 -7.70000000e-01 -3.49000550e-07 -7.70000000e-01 -7.70000000e-01 
-7.80000000e-01 -1.11000000e+00 -7.80000000e-01 -3.49744442e-07 -7.80000000e-01 -7.80000000e-01 
-7.90000000e-01 -1.11000000e+00 -7.90000000e-01 -3.50488048e-07 -7.90000000e-01 -7.90000000e-01 
-8.00000000e-01 -1.11000000e+00 -8.00000000e-01 -3.51231381e-07 -8.00000000e-01 -8.00000000e-01 
-8.10000000e-01 -1.11000000e+00 -8.10000000e-01 -3.51974456e-07 -8.10000000e-01 -8.10000000e-01 
-8.20000000e-01 -1.11000000e+00 -8.20000000e-01 -3.52717282e-07 -8.20000000e-01 -8.20000000e-01 
-8.30000000e-01 -1.11000000e+00 -8.30000000e-01 -3.53459871e-07 -8.30000000e-01 -8.30000000e-01 
-8.40000000e-01 -1.11000000e+00 -8.40000000e-01 -3.54202233e-07 -8.40000000e-01 -8.40000000e-01 
-8.50000000e-01 -1.11000000e+00 -8.50000000e-01 -3.54944379e-07 -8.50000000e-01 -8.50000000e-01 
-8.60000000e-01 -1.11000000e+00 -8.60000000e-01 -3.55686317e-07 -8.60000000e-01 -8.60000000e-01 
-8.70000000e-01 -1.11000000e+00 -8.70000000e-01 -3.56428055e-07 -8.70000000e-01 -8.70000000e-01 
-8.80000000e-01 -1.11000000e+00 -8.80000000e-01 -3.57169604e-07 -8.80000000e-01 -8.80000000e-01 
-8.90000000e-01 -1.11000000e+00 -8.90000000e-01 -3.57910969e-07 -8.90000000e-01 -8.90000000e-01 
-9.00000000e-01 -1.11000000e+00 -9.00000000e-01 -3.58652160e-07 -9.00000000e-01 -9.00000000e-01 
-9.10000000e-01 -1.11000000e+00 -9.10000000e-01 -3.59393182e-07 -9.10000000e-01 -9.10000000e-01 
-9.20000000e-01 -1.11000000e+00 -9.20000000e-01 -3.60134042e-07 -9.20000000e-01 -9.20000000e-01 
-9.30000000e-01 -1.11000000e+00 -9.30000000e-01 -3.60874748e-07 -9.30000000e-01 -9.30000000e-01 
-9.40000000e-01 -1.11000000e+00 -9.40000000e-01 -3.61615304e-07 -9.40000000e-01 -9.40000000e-01 
-9.50000000e-01 -1.11000000e+00 -9.50000000e-01 -3.62355716e-07 -9.50000000e-01 -9.50000000e-01 
-9.60000000e-01 -1.11000000e+00 -9.60000000e-01 -3.63095991e-07 -9.60000000e-01 -9.60000000e-01 
-9.70000000e-01 -1.11000000e+00 -9.70000000e-01 -3.63836132e-07 -9.70000000e-01 -9.70000000e-01 
-9.80000000e-01 -1.11000000e+00 -9.80000000e-01 -3.64576146e-07 -9.80000000e-01 -9.80000000e-01 
-9.90000000e-01 -1.11000000e+00 -9.90000000e-01 -3.65316037e-07 -9.90000000e-01 -9.90000000e-01 
-1.00000000e+00 -1.11000000e+00 -1.00000000e+00 -3.66055809e-07 -1.00000000e+00 -1.00000000e+00 
-1.01000000e+00 -1.11000000e+00 -1.01000000e+00 -3.66795466e-07 -1.01000000e+00 -1.01000000e+00 
-1.02000000e+00 -1.11000000e+00 -1.02000000e+00 -3.67535013e-07 -1.02000000e+00 -1.02000000e+00 
-1.03000000e+00 -1.11000000e+00 -1.03000000e+00 -3.68274454e-07 -1.03000000e+00 -1.03000000e+00 
-1.04000000e+00 -1.11000000e+00 -1.04000000e+00 -3.69013791e-07 -1.04000000e+00 -1.04000000e+00 
-1.05000000e+00 -1.11000000e+00 -1.05000000e+00 -3.69753030e-07 -1.05000000e+00 -1.05000000e+00 
-1.06000000e+00 -1.11000000e+00 -1.06000000e+00 -3.70492173e-07 -1.06000000e+00 -1.06000000e+00 
-1.07000000e+00 -1.11000000e+00 -1.07000000e+00 -3.71231223e-07 -1.07000000e+00 -1.07000000e+00 
-1.08000000e+00 -1.11000000e+00 -1.08000000e+00 -3.71970184e-07 -1.08000000e+00 -1.08000000e+00 
-1.09000000e+00 -1.11000000e+00 -1.09000000e+00 -3.72709058e-07 -1.09000000e+00 -1.09000000e+00 
-1.10000000e+00 -1.11000000e+00 -1.10000000e+00 -3.73447848e-07 -1.10000000e+00 -1.10000000e+00 
-1.11000000e+00 -1.11000000e+00 -1.11000000e+00 -3.74186558e-07 -1.11000000e+00 -1.11000000e+00 
-1.12000000e+00 -1.11000000e+00 -1.12000000e+00 -3.74925189e-07 -1.12000000e+00 -1.12000000e+00 
-1.13000000e+00 -1.11000000e+00 -1.13000000e+00 -3.75663744e-07 -1.13000000e+00 -1.13000000e+00 
-1.14000000e+00 -1.11000000e+00 -1.14000000e+00 -3.76402226e-07 -1.14000000e+00 -1.14000000e+00 
-1.15000000e+00 -1.11000000e+00 -1.15000000e+00 -3.77140637e-07 -1.15000000e+00 -1.15000000e+00 
-1.16000000e+00 -1.11000000e+00 -1.16000000e+00 -3.77878979e-07 -1.16000000e+00 -1.16000000e+00 
-1.17000000e+00 -1.11000000e+00 -1.17000000e+00 -3.78617254e-07 -1.17000000e+00 -1.17000000e+00 
-1.18000000e+00 -1.11000000e+00 -1.18000000e+00 -3.79355464e-07 -1.18000000e+00 -1.18000000e+00 
-1.19000000e+00 -1.11000000e+00 -1.19000000e+00 -3.80093612e-07 -1.19000000e+00 -1.19000000e+00 
-1.20000000e+00 -1.11000000e+00 -1.20000000e+00 -3.80831698e-07 -1.20000000e+00 -1.20000000e+00 
-1.21000000e+00 -1.11000000e+00 -1.21000000e+00 -3.81569726e-07 -1.21000000e+00 -1.21000000e+00 
-1.22000000e+00 -1.11000000e+00 -1.22000000e+00 -3.82307696e-07 -1.22000000e+00 -1.22000000e+00 
-1.23000000e+00 -1.11000000e+00 -1.23000000e+00 -3.83045610e-07 -1.23000000e+00 -1.23000000e+00 
-1.24000000e+00 -1.11000000e+00 -1.24000000e+00 -3.83783470e-07 -1.24000000e+00 -1.24000000e+00 
-1.25000000e+00 -1.11000000e+00 -1.25000000e+00 -3.84521278e-07 -1.25000000e+00 -1.25000000e+00 
-1.26000000e+00 -1.11000000e+00 -1.26000000e+00 -3.85259035e-07 -1.26000000e+00 -1.26000000e+00 
-1.27000000e+00 -1.11000000e+00 -1.27000000e+00 -3.85996742e-07 -1.27000000e+00 -1.27000000e+00 
-1.28000000e+00 -1.11000000e+00 -1.28000000e+00 -3.86734400e-07 -1.28000000e+00 -1.28000000e+00 
-1.29000000e+00 -1.11000000e+00 -1.29000000e+00 -3.87472012e-07 -1.29000000e+00 -1.29000000e+00 
-1.30000000e+00 -1.11000000e+00 -1.30000000e+00 -3.88209579e-07 -1.30000000e+00 -1.30000000e+00 
-1.31000000e+00 -1.11000000e+00 -1.31000000e+00 -3.88947100e-07 -1.31000000e+00 -1.31000000e+00 
-1.32000000e+00 -1.11000000e+00 -1.32000000e+00 -3.89684579e-07 -1.32000000e+00 -1.32000000e+00 
-1.33000000e+00 -1.11000000e+00 -1.33000000e+00 -3.90422016e-07 -1.33000000e+00 -1.33000000e+00 
-1.34000000e+00 -1.11000000e+00 -1.34000000e+00 -3.91159412e-07 -1.34000000e+00 -1.34000000e+00 
-1.35000000e+00 -1.11000000e+00 -1.35000000e+00 -3.91896768e-07 -1.35000000e+00 -1.35000000e+00 
-1.36000000e+00 -1.11000000e+00 -1.36000000e+00 -3.92634085e-07 -1.36000000e+00 -1.36000000e+00 
-1.37000000e+00 -1.11000000e+00 -1.37000000e+00 -3.93371365e-07 -1.37000000e+00 -1.37000000e+00 
-1.38000000e+00 -1.11000000e+00 -1.38000000e+00 -3.94108608e-07 -1.38000000e+00 -1.38000000e+00 
-1.39000000e+00 -1.11000000e+00 -1.39000000e+00 -3.94845815e-07 -1.39000000e+00 -1.39000000e+00 
-1.40000000e+00 -1.11000000e+00 -1.40000000e+00 -3.95582987e-07 -1.40000000e+00 -1.40000000e+00 
-1.41000000e+00 -1.11000000e+00 -1.41000000e+00 -3.96320125e-07 -1.41000000e+00 -1.41000000e+00 
-1.42000000e+00 -1.11000000e+00 -1.42000000e+00 -3.97057230e-07 -1.42000000e+00 -1.42000000e+00 
-1.43000000e+00 -1.11000000e+00 -1.43000000e+00 -3.97794302e-07 -1.43000000e+00 -1.43000000e+00 
-1.44000000e+00 -1.11000000e+00 -1.44000000e+00 -3.98531343e-07 -1.44000000e+00 -1.44000000e+00 
-1.45000000e+00 -1.11000000e+00 -1.45000000e+00 -3.99268353e-07 -1.45000000e+00 -1.45000000e+00 
-1.46000000e+00 -1.11000000e+00 -1.46000000e+00 -4.00005333e-07 -1.46000000e+00 -1.46000000e+00 
-1.47000000e+00 -1.11000000e+00 -1.47000000e+00 -4.00742284e-07 -1.47000000e+00 -1.47000000e+00 
-1.48000000e+00 -1.11000000e+00 -1.48000000e+00 -4.01479206e-07 -1.48000000e+00 -1.48000000e+00 
-1.49000000e+00 -1.11000000e+00 -1.49000000e+00 -4.02216100e-07 -1.49000000e+00 -1.49000000e+00 
-1.50000000e+00 -1.11000000e+00 -1.50000000e+00 -4.02952967e-07 -1.50000000e+00 -1.50000000e+00 
-1.51000000e+00 -1.11000000e+00 -1.51000000e+00 -4.03689807e-07 -1.51000000e+00 -1.51000000e+00 
-1.52000000e+00 -1.11000000e+00 -1.52000000e+00 -4.04426621e-07 -1.52000000e+00 -1.52000000e+00 
-1.53000000e+00 -1.11000000e+00 -1.53000000e+00 -4.05163410e-07 -1.53000000e+00 -1.53000000e+00 
-1.54000000e+00 -1.11000000e+00 -1.54000000e+00 -4.05900174e-07 -1.54000000e+00 -1.54000000e+00 
-1.55000000e+00 -1.11000000e+00 -1.55000000e+00 -4.06636914e-07 -1.55000000e+00 -1.55000000e+00 
-1.56000000e+00 -1.11000000e+00 -1.56000000e+00 -4.07373630e-07 -1.56000000e+00 -1.56000000e+00 
-1.57000000e+00 -1.11000000e+00 -1.57000000e+00 -4.08110323e-07 -1.57000000e+00 -1.57000000e+00 
-1.58000000e+00 -1.11000000e+00 -1.58000000e+00 -4.08846993e-07 -1.58000000e+00 -1.58000000e+00 
-1.59000000e+00 -1.11000000e+00 -1.59000000e+00 -4.09583641e-07 -1.59000000e+00 -1.59000000e+00 
-1.60000000e+00 -1.11000000e+00 -1.60000000e+00 -4.10320268e-07 -1.60000000e+00 -1.60000000e+00 
-1.61000000e+00 -1.11000000e+00 -1.61000000e+00 -4.11056873e-07 -1.61000000e+00 -1.61000000e+00 
-1.62000000e+00 -1.11000000e+00 -1.62000000e+00 -4.11793457e-07 -1.62000000e+00 -1.62000000e+00 
-1.63000000e+00 -1.11000000e+00 -1.63000000e+00 -4.12530021e-07 -1.63000000e+00 -1.63000000e+00 
-1.64000000e+00 -1.11000000e+00 -1.64000000e+00 -4.13266566e-07 -1.64000000e+00 -1.64000000e+00 
-1.65000000e+00 -1.11000000e+00 -1.65000000e+00 -4.14003091e-07 -1.65000000e+00 -1.65000000e+00 
-1.66000000e+00 -1.11000000e+00 -1.66000000e+00 -4.14739597e-07 -1.66000000e+00 -1.66000000e+00 
-1.67000000e+00 -1.11000000e+00 -1.67000000e+00 -4.15476084e-07 -1.67000000e+00 -1.67000000e+00 
-1.68000000e+00 -1.11000000e+00 -1.68000000e+00 -4.16212553e-07 -1.68000000e+00 -1.68000000e+00 
-1.69000000e+00 -1.11000000e+00 -1.69000000e+00 -4.16949004e-07 -1.69000000e+00 -1.69000000e+00 
-1.70000000e+00 -1.11000000e+00 -1.70000000e+00 -4.17685438e-07 -1.70000000e+00 -1.70000000e+00 
-1.71000000e+00 -1.11000000e+00 -1.71000000e+00 -4.18421855e-07 -1.71000000e+00 -1.71000000e+00 
-1.72000000e+00 -1.11000000e+00 -1.72000000e+00 -4.19158255e-07 -1.72000000e+00 -1.72000000e+00 
-1.73000000e+00 -1.11000000e+00 -1.73000000e+00 -4.19894638e-07 -1.73000000e+00 -1.73000000e+00 
-1.74000000e+00 -1.11000000e+00 -1.74000000e+00 -4.20631006e-07 -1.74000000e+00 -1.74000000e+00 
-1.75000000e+00 -1.11000000e+00 -1.75000000e+00 -4.21367357e-07 -1.75000000e+00 -1.75000000e+00 
-1.76000000e+00 -1.11000000e+00 -1.76000000e+00 -4.22103694e-07 -1.76000000e+00 -1.76000000e+00 
-1.77000000e+00 -1.11000000e+00 -1.77000000e+00 -4.22840015e-07 -1.77000000e+00 -1.77000000e+00 
-1.78000000e+00 -1.11000000e+00 -1.78000000e+00 -4.23576321e-07 -1.78000000e+00 -1.78000000e+00 
-1.79000000e+00 -1.11000000e+00 -1.79000000e+00 -4.24312613e-07 -1.79000000e+00 -1.79000000e+00 
-1.80000000e+00 -1.11000000e+00 -1.80000000e+00 -4.25048890e-07 -1.80000000e+00 -1.80000000e+00 
-1.81000000e+00 -1.11000000e+00 -1.81000000e+00 -4.25785154e-07 -1.81000000e+00 -1.81000000e+00 
-1.82000000e+00 -1.11000000e+00 -1.82000000e+00 -4.26521403e-07 -1.82000000e+00 -1.82000000e+00 
-1.83000000e+00 -1.11000000e+00 -1.83000000e+00 -4.27257640e-07 -1.83000000e+00 -1.83000000e+00 
-1.84000000e+00 -1.11000000e+00 -1.84000000e+00 -4.27993863e-07 -1.84000000e+00 -1.84000000e+00 
-1.85000000e+00 -1.11000000e+00 -1.85000000e+00 -4.28730073e-07 -1.85000000e+00 -1.85000000e+00 
