 0.00000000e+00  1.10000000e+00  0.00000000e+00  0.00000000e+00  0.00000000e+00  0.00000000e+00 
 1.00000000e-02  1.10000000e+00  1.00000000e-02  1.95688622e-05  1.00000000e-02  1.00000000e-02 
 2.00000000e-02  1.10000000e+00  2.00000000e-02  3.82535556e-05  2.00000000e-02  2.00000000e-02 
 3.00000000e-02  1.10000000e+00  3.00000000e-02  5.59652901e-05  3.00000000e-02  3.00000000e-02 
 4.00000000e-02  1.10000000e+00  4.00000000e-02  7.26673821e-05  4.00000000e-02  4.00000000e-02 
 5.00000000e-02  1.10000000e+00  5.00000000e-02  8.83511167e-05  5.00000000e-02  5.00000000e-02 
 6.00000000e-02  1.10000000e+00  6.00000000e-02  1.03025430e-04  6.00000000e-02  6.00000000e-02 
 7.00000000e-02  1.10000000e+00  7.00000000e-02  1.16711754e-04  7.00000000e-02  7.00000000e-02 
 8.00000000e-02  1.10000000e+00  8.00000000e-02  1.29441017e-04  8.00000000e-02  8.00000000e-02 
 9.00000000e-02  1.10000000e+00  9.00000000e-02  1.41251588e-04  9.00000000e-02  9.00000000e-02 
 1.00000000e-01  1.10000000e+00  1.00000000e-01  1.52187614e-04  1.00000000e-01  1.00000000e-01 
 1.10000000e-01  1.10000000e+00  1.10000000e-01  1.62297524e-04  1.10000000e-01  1.10000000e-01 
 1.20000000e-01  1.10000000e+00  1.20000000e-01  1.71632618e-04  1.20000000e-01  1.20000000e-01 
 1.30000000e-01  1.10000000e+00  1.30000000e-01  1.80245742e-04  1.30000000e-01  1.30000000e-01 
 1.40000000e-01  1.10000000e+00  1.40000000e-01  1.88190070e-04  1.40000000e-01  1.40000000e-01 
 1.50000000e-01  1.10000000e+00  1.50000000e-01  1.95518043e-04  1.50000000e-01  1.50000000e-01 
 1.60000000e-01  1.10000000e+00  1.60000000e-01  2.02280490e-04  1.60000000e-01  1.60000000e-01 
 1.70000000e-01  1.10000000e+00  1.70000000e-01  2.08525952e-04  1.70000000e-01  1.70000000e-01 
 1.80000000e-01  1.10000000e+00  1.80000000e-01  2.14300192e-04  1.80000000e-01  1.80000000e-01 
 1.90000000e-01  1.10000000e+00  1.90000000e-01  2.19645889e-04  1.90000000e-01  1.90000000e-01 
 2.00000000e-01  1.10000000e+00  2.00000000e-01  2.24602490e-04  2.00000000e-01  2.00000000e-01 
 2.10000000e-01  1.10000000e+00  2.10000000e-01  2.29206183e-04  2.10000000e-01  2.10000000e-01 
 2.20000000e-01  1.10000000e+00  2.20000000e-01  2.33489960e-04  2.20000000e-01  2.20000000e-01 
 2.30000000e-01  1.10000000e+00  2.30000000e-01  2.37483761e-04  2.30000000e-01  2.30000000e-01 
 2.40000000e-01  1.10000000e+00  2.40000000e-01  2.41214647e-04  2.40000000e-01  2.40000000e-01 
 2.50000000e-01  1.10000000e+00  2.50000000e-01  2.44707013e-04  2.50000000e-01  2.50000000e-01 
 2.60000000e-01  1.10000000e+00  2.60000000e-01  2.47982804e-04  2.60000000e-01  2.60000000e-01 
 2.70000000e-01  1.10000000e+00  2.70000000e-01  2.51061733e-04  2.70000000e-01  2.70000000e-01 
 2.80000000e-01  1.10000000e+00  2.80000000e-01  2.53961496e-04  2.80000000e-01  2.80000000e-01 
 2.90000000e-01  1.10000000e+00  2.90000000e-01  2.56697973e-04  2.90000000e-01  2.90000000e-01 
 3.00000000e-01  1.10000000e+00  3.00000000e-01  2.59285415e-04  3.00000000e-01  3.00000000e-01 
 3.10000000e-01  1.10000000e+00  3.10000000e-01  2.61736617e-04  3.10000000e-01  3.10000000e-01 
 3.20000000e-01  1.10000000e+00  3.20000000e-01  2.64063074e-04  3.20000000e-01  3.20000000e-01 
 3.30000000e-01  1.10000000e+00  3.30000000e-01  2.66275122e-04  3.30000000e-01  3.30000000e-01 
 3.40000000e-01  1.10000000e+00  3.40000000e-01  2.68382068e-04  3.40000000e-01  3.40000000e-01 
 3.50000000e-01  1.10000000e+00  3.50000000e-01  2.70392299e-04  3.50000000e-01  3.50000000e-01 
 3.60000000e-01  1.10000000e+00  3.60000000e-01  2.72313384e-04  3.60000000e-01  3.60000000e-01 
 3.70000000e-01  1.10000000e+00  3.70000000e-01  2.74152165e-04  3.70000000e-01  3.70000000e-01 
 3.80000000e-01  1.10000000e+00  3.80000000e-01  2.75914834e-04  3.80000000e-01  3.80000000e-01 
 3.90000000e-01  1.10000000e+00  3.90000000e-01  2.77607004e-04  3.90000000e-01  3.90000000e-01 
 4.00000000e-01  1.10000000e+00  4.00000000e-01  2.79233771e-04  4.00000000e-01  4.00000000e-01 
 4.10000000e-01  1.10000000e+00  4.10000000e-01  2.80799770e-04  4.10000000e-01  4.10000000e-01 
 4.20000000e-01  1.10000000e+00  4.20000000e-01  2.82309220e-04  4.20000000e-01  4.20000000e-01 
 4.30000000e-01  1.10000000e+00  4.30000000e-01  2.83765971e-04  4.30000000e-01  4.30000000e-01 
 4.40000000e-01  1.10000000e+00  4.40000000e-01  2.85173542e-04  4.40000000e-01  4.40000000e-01 
 4.50000000e-01  1.10000000e+00  4.50000000e-01  2.86535148e-04  4.50000000e-01  4.50000000e-01 
 4.60000000e-01  1.10000000e+00  4.60000000e-01  2.87853741e-04  4.60000000e-01  4.60000000e-01 
 4.70000000e-01  1.10000000e+00  4.70000000e-01  2.89132025e-04  4.70000000e-01  4.70000000e-01 
 4.80000000e-01  1.10000000e+00  4.80000000e-01  2.90372490e-04  4.80000000e-01  4.80000000e-01 
 4.90000000e-01  1.10000000e+00  4.90000000e-01  2.91577424e-04  4.90000000e-01  4.90000000e-01 
 5.00000000e-01  1.10000000e+00  5.00000000e-01  2.92748939e-04  5.00000000e-01  5.00000000e-01 
 5.10000000e-01  1.10000000e+00  5.10000000e-01  2.93888983e-04  5.10000000e-01  5.10000000e-01 
 5.20000000e-01  1.10000000e+00  5.20000000e-01  2.94999357e-04  5.20000000e-01  5.20000000e-01 
 5.30000000e-01  1.10000000e+00  5.30000000e-01  2.96081728e-04  5.30000000e-01  5.30000000e-01 
 5.40000000e-01  1.10000000e+00  5.40000000e-01  2.97137641e-04  5.40000000e-01  5.40000000e-01 
 5.50000000e-01  1.10000000e+00  5.50000000e-01  2.98168530e-04  5.50000000e-01  5.50000000e-01 
 5.60000000e-01  1.10000000e+00  5.60000000e-01  2.99175726e-04  5.60000000e-01  5.60000000e-01 
 5.70000000e-01  1.10000000e+00  5.70000000e-01  3.00160470e-04  5.70000000e-01  5.70000000e-01 
 5.80000000e-01  1.10000000e+00  5.80000000e-01  3.01123914e-04  5.80000000e-01  5.80000000e-01 
 5.90000000e-01  1.10000000e+00  5.90000000e-01  3.02067135e-04  5.90000000e-01  5.90000000e-01 
 6.00000000e-01  1.10000000e+00  6.00000000e-01  3.02991138e-04  6.00000000e-01  6.00000000e-01 
 6.10000000e-01  1.10000000e+00  6.10000000e-01  3.03896861e-04  6.10000000e-01  6.10000000e-01 
 6.20000000e-01  1.10000000e+00  6.20000000e-01  3.04785182e-04  6.20000000e-01  6.20000000e-01 
 6.30000000e-01  1.10000000e+00  6.30000000e-01  3.05656924e-04  6.30000000e-01  6.30000000e-01 
 6.40000000e-01  1.10000000e+00  6.40000000e-01  3.06512858e-04  6.40000000e-01  6.40000000e-01 
 6.50000000e-01  1.10000000e+00  6.50000000e-01  3.07353707e-04  6.50000000e-01  6.50000000e-01 
 6.60000000e-01  1.10000000e+00  6.60000000e-01  3.08180150e-04  6.60000000e-01  6.60000000e-01 
 6.70000000e-01  1.10000000e+00  6.70000000e-01  3.08992827e-04  6.70000000e-01  6.70000000e-01 
 6.80000000e-01  1.10000000e+00  6.80000000e-01  3.09792339e-04  6.80000000e-01  6.80000000e-01 
 6.90000000e-01  1.10000000e+00  6.90000000e-01  3.10579252e-04  6.90000000e-01  6.90000000e-01 
 7.00000000e-01  1.10000000e+00  7.00000000e-01  3.11354099e-04  7.00000000e-01  7.00000000e-01 
 7.10000000e-01  1.10000000e+00  7.10000000e-01  3.12117384e-04  7.10000000e-01  7.10000000e-01 
 7.20000000e-01  1.10000000e+00  7.20000000e-01  3.12869583e-04  7.20000000e-01  7.20000000e-01 
 7.30000000e-01  1.10000000e+00  7.30000000e-01  3.13611146e-04  7.30000000e-01  7.30000000e-01 
 7.40000000e-01  1.10000000e+00  7.40000000e-01  3.14342496e-04  7.40000000e-01  7.40000000e-01 
 7.50000000e-01  1.10000000e+00  7.50000000e-01  3.15064037e-04  7.50000000e-01  7.50000000e-01 
 7.60000000e-01  1.10000000e+00  7.60000000e-01  3.15776149e-04  7.60000000e-01  7.60000000e-01 
 7.70000000e-01  1.10000000e+00  7.70000000e-01  3.16479194e-04  7.70000000e-01  7.70000000e-01 
 7.80000000e-01  1.10000000e+00  7.80000000e-01  3.17173514e-04  7.80000000e-01  7.80000000e-01 
 7.90000000e-01  1.10000000e+00  7.90000000e-01  3.17859434e-04  7.90000000e-01  7.90000000e-01 
 8.00000000e-01  1.10000000e+00  8.00000000e-01  3.18537264e-04  8.00000000e-01  8.00000000e-01 
 8.10000000e-01  1.10000000e+00  8.10000000e-01  3.19207297e-04  8.10000000e-01  8.10000000e-01 
 8.20000000e-01  1.10000000e+00  8.20000000e-01  3.19869812e-04  8.20000000e-01  8.20000000e-01 
 8.30000000e-01  1.10000000e+00  8.30000000e-01  3.20525076e-04  8.30000000e-01  8.30000000e-01 
 8.40000000e-01  1.10000000e+00  8.40000000e-01  3.21173341e-04  8.40000000e-01  8.40000000e-01 
 8.50000000e-01  1.10000000e+00  8.50000000e-01  3.21814849e-04  8.50000000e-01  8.50000000e-01 
 8.60000000e-01  1.10000000e+00  8.60000000e-01  3.22449830e-04  8.60000000e-01  8.60000000e-01 
 8.70000000e-01  1.10000000e+00  8.70000000e-01  3.23078503e-04  8.70000000e-01  8.70000000e-01 
 8.80000000e-01  1.10000000e+00  8.80000000e-01  3.23701078e-04  8.80000000e-01  8.80000000e-01 
 8.90000000e-01  1.10000000e+00  8.90000000e-01  3.24317754e-04  8.90000000e-01  8.90000000e-01 
 9.00000000e-01  1.10000000e+00  9.00000000e-01  3.24928724e-04  9.00000000e-01  9.00000000e-01 
 9.10000000e-01  1.10000000e+00  9.10000000e-01  3.25534170e-04  9.10000000e-01  9.10000000e-01 
 9.20000000e-01  1.10000000e+00  9.20000000e-01  3.26134266e-04  9.20000000e-01  9.20000000e-01 
 9.30000000e-01  1.10000000e+00  9.30000000e-01  3.26729181e-04  9.30000000e-01  9.30000000e-01 
 9.40000000e-01  1.10000000e+00  9.40000000e-01  3.27319075e-04  9.40000000e-01  9.40000000e-01 
 9.50000000e-01  1.10000000e+00  9.50000000e-01  3.27904101e-04  9.50000000e-01  9.50000000e-01 
 9.60000000e-01  1.10000000e+00  9.60000000e-01  3.28484406e-04  9.60000000e-01  9.60000000e-01 
 9.70000000e-01  1.10000000e+00  9.70000000e-01  3.29060132e-04  9.70000000e-01  9.70000000e-01 
 9.80000000e-01  1.10000000e+00  9.80000000e-01  3.29631414e-04  9.80000000e-01  9.80000000e-01 
 9.90000000e-01  1.10000000e+00  9.90000000e-01  3.30198382e-04  9.90000000e-01  9.90000000e-01 
 1.00000000e+00  1.10000000e+00  1.00000000e+00  3.30761162e-04  1.00000000e+00  1.00000000e+00 
 1.01000000e+00  1.10000000e+00  1.01000000e+00  3.31319872e-04  1.01000000e+00  1.01000000e+00 
 1.02000000e+00  1.10000000e+00  1.02000000e+00  3.31874629e-04  1.02000000e+00  1.02000000e+00 
 1.03000000e+00  1.10000000e+00  1.03000000e+00  3.32425543e-04  1.03000000e+00  1.03000000e+00 
 1.04000000e+00  1.10000000e+00  1.04000000e+00  3.32972721e-04  1.04000000e+00  1.04000000e+00 
 1.05000000e+00  1.10000000e+00  1.05000000e+00  3.33516266e-04  1.05000000e+00  1.05000000e+00 
 1.06000000e+00  1.10000000e+00  1.06000000e+00  3.34056275e-04  1.06000000e+00  1.06000000e+00 
 1.07000000e+00  1.10000000e+00  1.07000000e+00  3.34592845e-04  1.07000000e+00  1.07000000e+00 
 1.08000000e+00  1.10000000e+00  1.08000000e+00  3.35126067e-04  1.08000000e+00  1.08000000e+00 
 1.09000000e+00  1.10000000e+00  1.09000000e+00  3.35656030e-04  1.09000000e+00  1.09000000e+00 
 1.10000000e+00  1.10000000e+00  1.10000000e+00  3.36182818e-04  1.10000000e+00  1.10000000e+00 
 1.11000000e+00  1.10000000e+00  1.11000000e+00  3.36706513e-04  1.11000000e+00  1.11000000e+00 
 1.12000000e+00  1.10000000e+00  1.12000000e+00  3.37227196e-04  1.12000000e+00  1.12000000e+00 
 1.13000000e+00  1.10000000e+00  1.13000000e+00  3.37744941e-04  1.13000000e+00  1.13000000e+00 
 1.14000000e+00  1.10000000e+00  1.14000000e+00  3.38259824e-04  1.14000000e+00  1.14000000e+00 
 1.15000000e+00  1.10000000e+00  1.15000000e+00  3.38771915e-04  1.15000000e+00  1.15000000e+00 
 1.16000000e+00  1.10000000e+00  1.16000000e+00  3.39281284e-04  1.16000000e+00  1.16000000e+00 
 1.17000000e+00  1.10000000e+00  1.17000000e+00  3.39787997e-04  1.17000000e+00  1.17000000e+00 
 1.18000000e+00  1.10000000e+00  1.18000000e+00  3.40292117e-04  1.18000000e+00  1.18000000e+00 
 1.19000000e+00  1.10000000e+00  1.19000000e+00  3.40793709e-04  1.19000000e+00  1.19000000e+00 
 1.20000000e+00  1.10000000e+00  1.20000000e+00  3.41292830e-04  1.20000000e+00  1.20000000e+00 
 1.21000000e+00  1.10000000e+00  1.21000000e+00  3.41789541e-04  1.21000000e+00  1.21000000e+00 
 1.22000000e+00  1.10000000e+00  1.22000000e+00  3.42283897e-04  1.22000000e+00  1.22000000e+00 
 1.23000000e+00  1.10000000e+00  1.23000000e+00  3.42775953e-04  1.23000000e+00  1.23000000e+00 
 1.24000000e+00  1.10000000e+00  1.24000000e+00  3.43265762e-04  1.24000000e+00  1.24000000e+00 
 1.25000000e+00  1.10000000e+00  1.25000000e+00  3.43753374e-04  1.25000000e+00  1.25000000e+00 
 1.26000000e+00  1.10000000e+00  1.26000000e+00  3.44238839e-04  1.26000000e+00  1.26000000e+00 
 1.27000000e+00  1.10000000e+00  1.27000000e+00  3.44722207e-04  1.27000000e+00  1.27000000e+00 
 1.28000000e+00  1.10000000e+00  1.28000000e+00  3.45203522e-04  1.28000000e+00  1.28000000e+00 
 1.29000000e+00  1.10000000e+00  1.29000000e+00  3.45682830e-04  1.29000000e+00  1.29000000e+00 
 1.30000000e+00  1.10000000e+00  1.30000000e+00  3.46160176e-04  1.30000000e+00  1.30000000e+00 
 1.31000000e+00  1.10000000e+00  1.31000000e+00  3.46635601e-04  1.31000000e+00  1.31000000e+00 
 1.32000000e+00  1.10000000e+00  1.32000000e+00  3.47109147e-04  1.32000000e+00  1.32000000e+00 
 1.33000000e+00  1.10000000e+00  1.33000000e+00  3.47580854e-04  1.33000000e+00  1.33000000e+00 
 1.34000000e+00  1.10000000e+00  1.34000000e+00  3.48050761e-04  1.34000000e+00  1.34000000e+00 
 1.35000000e+00  1.10000000e+00  1.35000000e+00  3.48518906e-04  1.35000000e+00  1.35000000e+00 
 1.36000000e+00  1.10000000e+00  1.36000000e+00  3.48985325e-04  1.36000000e+00  1.36000000e+00 
 1.37000000e+00  1.10000000e+00  1.37000000e+00  3.49450054e-04  1.37000000e+00  1.37000000e+00 
 1.38000000e+00  1.10000000e+00  1.38000000e+00  3.49913127e-04  1.38000000e+00  1.38000000e+00 
 1.39000000e+00  1.10000000e+00  1.39000000e+00  3.50374579e-04  1.39000000e+00  1.39000000e+00 
 1.40000000e+00  1.10000000e+00  1.40000000e+00  3.50834442e-04  1.40000000e+00  1.40000000e+00 
 1.41000000e+00  1.10000000e+00  1.41000000e+00  3.51292747e-04  1.41000000e+00  1.41000000e+00 
 1.42000000e+00  1.10000000e+00  1.42000000e+00  3.51749527e-04  1.42000000e+00  1.42000000e+00 
 1.43000000e+00  1.10000000e+00  1.43000000e+00  3.52204810e-04  1.43000000e+00  1.43000000e+00 
 1.44000000e+00  1.10000000e+00  1.44000000e+00  3.52658627e-04  1.44000000e+00  1.44000000e+00 
 1.45000000e+00  1.10000000e+00  1.45000000e+00  3.53111006e-04  1.45000000e+00  1.45000000e+00 
 1.46000000e+00  1.10000000e+00  1.46000000e+00  3.53561974e-04  1.46000000e+00  1.46000000e+00 
 1.47000000e+00  1.10000000e+00  1.47000000e+00  3.54011560e-04  1.47000000e+00  1.47000000e+00 
 1.48000000e+00  1.10000000e+00  1.48000000e+00  3.54459788e-04  1.48000000e+00  1.48000000e+00 
 1.49000000e+00  1.10000000e+00  1.49000000e+00  3.54906685e-04  1.49000000e+00  1.49000000e+00 
 1.50000000e+00  1.10000000e+00  1.50000000e+00  3.55352276e-04  1.50000000e+00  1.50000000e+00 
 1.51000000e+00  1.10000000e+00  1.51000000e+00  3.55796585e-04  1.51000000e+00  1.51000000e+00 
 1.52000000e+00  1.10000000e+00  1.52000000e+00  3.56239636e-04  1.52000000e+00  1.52000000e+00 
 1.53000000e+00  1.10000000e+00  1.53000000e+00  3.56681452e-04  1.53000000e+00  1.53000000e+00 
 1.54000000e+00  1.10000000e+00  1.54000000e+00  3.57122056e-04  1.54000000e+00  1.54000000e+00 
 1.55000000e+00  1.10000000e+00  1.55000000e+00  3.57561469e-04  1.55000000e+00  1.55000000e+00 
 1.56000000e+00  1.10000000e+00  1.56000000e+00  3.57999714e-04  1.56000000e+00  1.56000000e+00 
 1.57000000e+00  1.10000000e+00  1.57000000e+00  3.58436811e-04  1.57000000e+00  1.57000000e+00 
 1.58000000e+00  1.10000000e+00  1.58000000e+00  3.58872781e-04  1.58000000e+00  1.58000000e+00 
 1.59000000e+00  1.10000000e+00  1.59000000e+00  3.59307643e-04  1.59000000e+00  1.59000000e+00 
 1.60000000e+00  1.10000000e+00  1.60000000e+00  3.59741418e-04  1.60000000e+00  1.60000000e+00 
 1.61000000e+00  1.10000000e+00  1.61000000e+00  3.60174124e-04  1.61000000e+00  1.61000000e+00 
 1.62000000e+00  1.10000000e+00  1.62000000e+00  3.60605780e-04  1.62000000e+00  1.62000000e+00 
 1.63000000e+00  1.10000000e+00  1.63000000e+00  3.61036403e-04  1.63000000e+00  1.63000000e+00 
 1.64000000e+00  1.10000000e+00  1.64000000e+00  3.61466013e-04  1.64000000e+00  1.64000000e+00 
 1.65000000e+00  1.10000000e+00  1.65000000e+00  3.61894626e-04  1.65000000e+00  1.65000000e+00 
 1.66000000e+00  1.10000000e+00  1.66000000e+00  3.62322258e-04  1.66000000e+00  1.66000000e+00 
 1.67000000e+00  1.10000000e+00  1.67000000e+00  3.62748928e-04  1.67000000e+00  1.67000000e+00 
 1.68000000e+00  1.10000000e+00  1.68000000e+00  3.63174650e-04  1.68000000e+00  1.68000000e+00 
 1.69000000e+00  1.10000000e+00  1.69000000e+00  3.63599442e-04  1.69000000e+00  1.69000000e+00 
 1.70000000e+00  1.10000000e+00  1.70000000e+00  3.64023317e-04  1.70000000e+00  1.70000000e+00 
 1.71000000e+00  1.10000000e+00  1.71000000e+00  3.64446292e-04  1.71000000e+00  1.71000000e+00 
 1.72000000e+00  1.10000000e+00  1.72000000e+00  3.64868382e-04  1.72000000e+00  1.72000000e+00 
 1.73000000e+00  1.10000000e+00  1.73000000e+00  3.65289600e-04  1.73000000e+00  1.73000000e+00 
 1.74000000e+00  1.10000000e+00  1.74000000e+00  3.65709962e-04  1.74000000e+00  1.74000000e+00 
 1.75000000e+00  1.10000000e+00  1.75000000e+00  3.66129481e-04  1.75000000e+00  1.75000000e+00 
 1.76000000e+00  1.10000000e+00  1.76000000e+00  3.66548170e-04  1.76000000e+00  1.76000000e+00 
 1.77000000e+00  1.10000000e+00  1.77000000e+00  3.66966044e-04  1.77000000e+00  1.77000000e+00 
 1.78000000e+00  1.10000000e+00  1.78000000e+00  3.67383115e-04  1.78000000e+00  1.78000000e+00 
 1.79000000e+00  1.10000000e+00  1.79000000e+00  3.67799397e-04  1.79000000e+00  1.79000000e+00 
 1.80000000e+00  1.10000000e+00  1.80000000e+00  3.68214901e-04  1.80000000e+00  1.80000000e+00 
