 0.00000000e+00  1.50000000e+00  0.00000000e+00  0.00000000e+00  0.00000000e+00  0.00000000e+00 
 1.00000000e-02  1.50000000e+00  1.00000000e-02  3.70057153e-05  1.00000000e-02  1.00000000e-02 
 2.00000000e-02  1.50000000e+00  2.00000000e-02  7.29039053e-05  2.00000000e-02  2.00000000e-02 
 3.00000000e-02  1.50000000e+00  3.00000000e-02  1.07580116e-04  3.00000000e-02  3.00000000e-02 
 4.00000000e-02  1.50000000e+00  4.00000000e-02  1.40964846e-04  4.00000000e-02  4.00000000e-02 
 5.00000000e-02  1.50000000e+00  5.00000000e-02  1.73014497e-04  5.00000000e-02  5.00000000e-02 
 6.00000000e-02  1.50000000e+00  6.00000000e-02  2.03702294e-04  6.00000000e-02  6.00000000e-02 
 7.00000000e-02  1.50000000e+00  7.00000000e-02  2.33013654e-04  7.00000000e-02  7.00000000e-02 
 8.00000000e-02  1.50000000e+00  8.00000000e-02  2.60943760e-04  8.00000000e-02  8.00000000e-02 
 9.00000000e-02  1.50000000e+00  9.00000000e-02  2.87496264e-04  9.00000000e-02  9.00000000e-02 
 1.00000000e-01  1.50000000e+00  1.00000000e-01  3.12682607e-04  1.00000000e-01  1.00000000e-01 
 1.10000000e-01  1.50000000e+00  1.10000000e-01  3.36521599e-04  1.10000000e-01  1.10000000e-01 
 1.20000000e-01  1.50000000e+00  1.20000000e-01  3.59039099e-04  1.20000000e-01  1.20000000e-01 
 1.30000000e-01  1.50000000e+00  1.30000000e-01  3.80267635e-04  1.30000000e-01  1.30000000e-01 
 1.40000000e-01  1.50000000e+00  1.40000000e-01  4.00245919e-04  1.40000000e-01  1.40000000e-01 
 1.50000000e-01  1.50000000e+00  1.50000000e-01  4.19018207e-04  1.50000000e-01  1.50000000e-01 
 1.60000000e-01  1.50000000e+00  1.60000000e-01  4.36633517e-04  1.60000000e-01  1.60000000e-01 
 1.70000000e-01  1.50000000e+00  1.70000000e-01  4.53144716e-04  1.70000000e-01  1.70000000e-01 
 1.80000000e-01  1.50000000e+00  1.80000000e-01  4.68607543e-04  1.80000000e-01  1.80000000e-01 
 1.90000000e-01  1.50000000e+00  1.90000000e-01  4.83079591e-04  1.90000000e-01  1.90000000e-01 
 2.00000000e-01  1.50000000e+00  2.00000000e-01  4.96619329e-04  2.00000000e-01  2.00000000e-01 
 2.10000000e-01  1.50000000e+00  2.10000000e-01  5.09285191e-04  2.10000000e-01  2.10000000e-01 
 2.20000000e-01  1.50000000e+00  2.20000000e-01  5.21134761e-04  2.20000000e-01  2.20000000e-01 
 2.30000000e-01  1.50000000e+00  2.30000000e-01  5.32224106e-04  2.30000000e-01  2.30000000e-01 
 2.40000000e-01  1.50000000e+00  2.40000000e-01  5.42607225e-04  2.40000000e-01  2.40000000e-01 
 2.50000000e-01  1.50000000e+00  2.50000000e-01  5.52335644e-04  2.50000000e-01  2.50000000e-01 
 2.60000000e-01  1.50000000e+00  2.60000000e-01  5.61458137e-04  2.60000000e-01  2.60000000e-01 
 2.70000000e-01  1.50000000e+00  2.70000000e-01  5.70020551e-04  2.70000000e-01  2.70000000e-01 
 2.80000000e-01  1.50000000e+00  2.80000000e-01  5.78065735e-04  2.80000000e-01  2.80000000e-01 
 2.90000000e-01  1.50000000e+00  2.90000000e-01  5.85633536e-04  2.90000000e-01  2.90000000e-01 
 3.00000000e-01  1.50000000e+00  3.00000000e-01  5.92760860e-04  3.00000000e-01  3.00000000e-01 
 3.10000000e-01  1.50000000e+00  3.10000000e-01  5.99481776e-04  3.10000000e-01  3.10000000e-01 
 3.20000000e-01  1.50000000e+00  3.20000000e-01  6.05827651e-04  3.20000000e-01  3.20000000e-01 
 3.30000000e-01  1.50000000e+00  3.30000000e-01  6.11827299e-04  3.30000000e-01  3.30000000e-01 
 3.40000000e-01  1.50000000e+00  3.40000000e-01  6.17507153e-04  3.40000000e-01  3.40000000e-01 
 3.50000000e-01  1.50000000e+00  3.50000000e-01  6.22891428e-04  3.50000000e-01  3.50000000e-01 
 3.60000000e-01  1.50000000e+00  3.60000000e-01  6.28002292e-04  3.60000000e-01  3.60000000e-01 
 3.70000000e-01  1.50000000e+00  3.70000000e-01  6.32860030e-04  3.70000000e-01  3.70000000e-01 
 3.80000000e-01  1.50000000e+00  3.80000000e-01  6.37483197e-04  3.80000000e-01  3.80000000e-01 
 3.90000000e-01  1.50000000e+00  3.90000000e-01  6.41888769e-04  3.90000000e-01  3.90000000e-01 
 4.00000000e-01  1.50000000e+00  4.00000000e-01  6.46092283e-04  4.00000000e-01  4.00000000e-01 
 4.10000000e-01  1.50000000e+00  4.10000000e-01  6.50107958e-04  4.10000000e-01  4.10000000e-01 
 4.20000000e-01  1.50000000e+00  4.20000000e-01  6.53948819e-04  4.20000000e-01  4.20000000e-01 
 4.30000000e-01  1.50000000e+00  4.30000000e-01  6.57626806e-04  4.30000000e-01  4.30000000e-01 
 4.40000000e-01  1.50000000e+00  4.40000000e-01  6.61152867e-04  4.40000000e-01  4.40000000e-01 
 4.50000000e-01  1.50000000e+00  4.50000000e-01  6.64537054e-04  4.50000000e-01  4.50000000e-01 
 4.60000000e-01  1.50000000e+00  4.60000000e-01  6.67788603e-04  4.60000000e-01  4.60000000e-01 
 4.70000000e-01  1.50000000e+00  4.70000000e-01  6.70916009e-04  4.70000000e-01  4.70000000e-01 
 4.80000000e-01  1.50000000e+00  4.80000000e-01  6.73927089e-04  4.80000000e-01  4.80000000e-01 
 4.90000000e-01  1.50000000e+00  4.90000000e-01  6.76829051e-04  4.90000000e-01  4.90000000e-01 
 5.00000000e-01  1.50000000e+00  5.00000000e-01  6.79628542e-04  5.00000000e-01  5.00000000e-01 
 5.10000000e-01  1.50000000e+00  5.10000000e-01  6.82331699e-04  5.10000000e-01  5.10000000e-01 
 5.20000000e-01  1.50000000e+00  5.20000000e-01  6.84944198e-04  5.20000000e-01  5.20000000e-01 
 5.30000000e-01  1.50000000e+00  5.30000000e-01  6.87471290e-04  5.30000000e-01  5.30000000e-01 
 5.40000000e-01  1.50000000e+00  5.40000000e-01  6.89917840e-04  5.40000000e-01  5.40000000e-01 
 5.50000000e-01  1.50000000e+00  5.50000000e-01  6.92288362e-04  5.50000000e-01  5.50000000e-01 
 5.60000000e-01  1.50000000e+00  5.60000000e-01  6.94587044e-04  5.60000000e-01  5.60000000e-01 
 5.70000000e-01  1.50000000e+00  5.70000000e-01  6.96817780e-04  5.70000000e-01  5.70000000e-01 
 5.80000000e-01  1.50000000e+00  5.80000000e-01  6.98984191e-04  5.80000000e-01  5.80000000e-01 
 5.90000000e-01  1.50000000e+00  5.90000000e-01  7.01089653e-04  5.90000000e-01  5.90000000e-01 
 6.00000000e-01  1.50000000e+00  6.00000000e-01  7.03137309e-04  6.00000000e-01  6.00000000e-01 
 6.10000000e-01  1.50000000e+00  6.10000000e-01  7.05130096e-04  6.10000000e-01  6.10000000e-01 
 6.20000000e-01  1.50000000e+00  6.20000000e-01  7.07070754e-04  6.20000000e-01  6.20000000e-01 
 6.30000000e-01  1.50000000e+00  6.30000000e-01  7.08961849e-04  6.30000000e-01  6.30000000e-01 
 6.40000000e-01  1.50000000e+00  6.40000000e-01  7.10805779e-04  6.40000000e-01  6.40000000e-01 
 6.50000000e-01  1.50000000e+00  6.50000000e-01  7.12604792e-04  6.50000000e-01  6.50000000e-01 
 6.60000000e-01  1.50000000e+00  6.60000000e-01  7.14360998e-04  6.60000000e-01  6.60000000e-01 
 6.70000000e-01  1.50000000e+00  6.70000000e-01  7.16076373e-04  6.70000000e-01  6.70000000e-01 
 6.80000000e-01  1.50000000e+00  6.80000000e-01  7.17752777e-04  6.80000000e-01  6.80000000e-01 
 6.90000000e-01  1.50000000e+00  6.90000000e-01  7.19391957e-04  6.90000000e-01  6.90000000e-01 
 7.00000000e-01  1.50000000e+00  7.00000000e-01  7.20995557e-04  7.00000000e-01  7.00000000e-01 
 7.10000000e-01  1.50000000e+00  7.10000000e-01  7.22565127e-04  7.10000000e-01  7.10000000e-01 
 7.20000000e-01  1.50000000e+00  7.20000000e-01  7.24102125e-04  7.20000000e-01  7.20000000e-01 
 7.30000000e-01  1.50000000e+00  7.30000000e-01  7.25607929e-04  7.30000000e-01  7.30000000e-01 
 7.40000000e-01  1.50000000e+00  7.40000000e-01  7.27083838e-04  7.40000000e-01  7.40000000e-01 
 7.50000000e-01  1.50000000e+00  7.50000000e-01  7.28531081e-04  7.50000000e-01  7.50000000e-01 
 7.60000000e-01  1.50000000e+00  7.60000000e-01  7.29950820e-04  7.60000000e-01  7.60000000e-01 
 7.70000000e-01  1.50000000e+00  7.70000000e-01  7.31344151e-04  7.70000000e-01  7.70000000e-01 
 7.80000000e-01  1.50000000e+00  7.80000000e-01  7.32712117e-04  7.80000000e-01  7.80000000e-01 
 7.90000000e-01  1.50000000e+00  7.90000000e-01  7.34055703e-04  7.90000000e-01  7.90000000e-01 
 8.00000000e-01  1.50000000e+00  8.00000000e-01  7.35375844e-04  8.00000000e-01  8.00000000e-01 
 8.10000000e-01  1.50000000e+00  8.10000000e-01  7.36673426e-04  8.10000000e-01  8.10000000e-01 
 8.20000000e-01  1.50000000e+00  8.20000000e-01  7.37949292e-04  8.20000000e-01  8.20000000e-01 
 8.30000000e-01  1.50000000e+00  8.30000000e-01  7.39204242e-04  8.30000000e-01  8.30000000e-01 
 8.40000000e-01  1.50000000e+00  8.40000000e-01  7.40439036e-04  8.40000000e-01  8.40000000e-01 
 8.50000000e-01  1.50000000e+00  8.50000000e-01  7.41654399e-04  8.50000000e-01  8.50000000e-01 
 8.60000000e-01  1.50000000e+00  8.60000000e-01  7.42851019e-04  8.60000000e-01  8.60000000e-01 
 8.70000000e-01  1.50000000e+00  8.70000000e-01  7.44029551e-04  8.70000000e-01  8.70000000e-01 
 8.80000000e-01  1.50000000e+00  8.80000000e-01  7.45190622e-04  8.80000000e-01  8.80000000e-01 
 8.90000000e-01  1.50000000e+00  8.90000000e-01  7.46334827e-04  8.90000000e-01  8.90000000e-01 
 9.00000000e-01  1.50000000e+00  9.00000000e-01  7.47462736e-04  9.00000000e-01  9.00000000e-01 
 9.10000000e-01  1.50000000e+00  9.10000000e-01  7.48574890e-04  9.10000000e-01  9.10000000e-01 
 9.20000000e-01  1.50000000e+00  9.20000000e-01  7.49671809e-04  9.20000000e-01  9.20000000e-01 
 9.30000000e-01  1.50000000e+00  9.30000000e-01  7.50753988e-04  9.30000000e-01  9.30000000e-01 
 9.40000000e-01  1.50000000e+00  9.40000000e-01  7.51821901e-04  9.40000000e-01  9.40000000e-01 
 9.50000000e-01  1.50000000e+00  9.50000000e-01  7.52876001e-04  9.50000000e-01  9.50000000e-01 
 9.60000000e-01  1.50000000e+00  9.60000000e-01  7.53916721e-04  9.60000000e-01  9.60000000e-01 
 9.70000000e-01  1.50000000e+00  9.70000000e-01  7.54944479e-04  9.70000000e-01  9.70000000e-01 
 9.80000000e-01  1.50000000e+00  9.80000000e-01  7.55959670e-04  9.80000000e-01  9.80000000e-01 
 9.90000000e-01  1.50000000e+00  9.90000000e-01  7.56962677e-04  9.90000000e-01  9.90000000e-01 
 1.00000000e+00  1.50000000e+00  1.00000000e+00  7.57953865e-04  1.00000000e+00  1.00000000e+00 
 1.01000000e+00  1.50000000e+00  1.01000000e+00  7.58933585e-04  1.01000000e+00  1.01000000e+00 
 1.02000000e+00  1.50000000e+00  1.02000000e+00  7.59902173e-04  1.02000000e+00  1.02000000e+00 
 1.03000000e+00  1.50000000e+00  1.03000000e+00  7.60859954e-04  1.03000000e+00  1.03000000e+00 
 1.04000000e+00  1.50000000e+00  1.04000000e+00  7.61807237e-04  1.04000000e+00  1.04000000e+00 
 1.05000000e+00  1.50000000e+00  1.05000000e+00  7.62744320e-04  1.05000000e+00  1.05000000e+00 
 1.06000000e+00  1.50000000e+00  1.06000000e+00  7.63671492e-04  1.06000000e+00  1.06000000e+00 
 1.07000000e+00  1.50000000e+00  1.07000000e+00  7.64589026e-04  1.07000000e+00  1.07000000e+00 
 1.08000000e+00  1.50000000e+00  1.08000000e+00  7.65497190e-04  1.08000000e+00  1.08000000e+00 
 1.09000000e+00  1.50000000e+00  1.09000000e+00  7.66396237e-04  1.09000000e+00  1.09000000e+00 
 1.10000000e+00  1.50000000e+00  1.10000000e+00  7.67286415e-04  1.10000000e+00  1.10000000e+00 
 1.11000000e+00  1.50000000e+00  1.11000000e+00  7.68167961e-04  1.11000000e+00  1.11000000e+00 
 1.12000000e+00  1.50000000e+00  1.12000000e+00  7.69041101e-04  1.12000000e+00  1.12000000e+00 
 1.13000000e+00  1.50000000e+00  1.13000000e+00  7.69906057e-04  1.13000000e+00  1.13000000e+00 
 1.14000000e+00  1.50000000e+00  1.14000000e+00  7.70763041e-04  1.14000000e+00  1.14000000e+00 
 1.15000000e+00  1.50000000e+00  1.15000000e+00  7.71612256e-04  1.15000000e+00  1.15000000e+00 
 1.16000000e+00  1.50000000e+00  1.16000000e+00  7.72453902e-04  1.16000000e+00  1.16000000e+00 
 1.17000000e+00  1.50000000e+00  1.17000000e+00  7.73288168e-04  1.17000000e+00  1.17000000e+00 
 1.18000000e+00  1.50000000e+00  1.18000000e+00  7.74115238e-04  1.18000000e+00  1.18000000e+00 
 1.19000000e+00  1.50000000e+00  1.19000000e+00  7.74935290e-04  1.19000000e+00  1.19000000e+00 
 1.20000000e+00  1.50000000e+00  1.20000000e+00  7.75748496e-04  1.20000000e+00  1.20000000e+00 
 1.21000000e+00  1.50000000e+00  1.21000000e+00  7.76555022e-04  1.21000000e+00  1.21000000e+00 
 1.22000000e+00  1.50000000e+00  1.22000000e+00  7.77355028e-04  1.22000000e+00  1.22000000e+00 
 1.23000000e+00  1.50000000e+00  1.23000000e+00  7.78148669e-04  1.23000000e+00  1.23000000e+00 
 1.24000000e+00  1.50000000e+00  1.24000000e+00  7.78936096e-04  1.24000000e+00  1.24000000e+00 
 1.25000000e+00  1.50000000e+00  1.25000000e+00  7.79717454e-04  1.25000000e+00  1.25000000e+00 
 1.26000000e+00  1.50000000e+00  1.26000000e+00  7.80492883e-04  1.26000000e+00  1.26000000e+00 
 1.27000000e+00  1.50000000e+00  1.27000000e+00  7.81262520e-04  1.27000000e+00  1.27000000e+00 
 1.28000000e+00  1.50000000e+00  1.28000000e+00  7.82026496e-04  1.28000000e+00  1.28000000e+00 
 1.29000000e+00  1.50000000e+00  1.29000000e+00  7.82784939e-04  1.29000000e+00  1.29000000e+00 
 1.30000000e+00  1.50000000e+00  1.30000000e+00  7.83537972e-04  1.30000000e+00  1.30000000e+00 
 1.31000000e+00  1.50000000e+00  1.31000000e+00  7.84285717e-04  1.31000000e+00  1.31000000e+00 
 1.32000000e+00  1.50000000e+00  1.32000000e+00  7.85028288e-04  1.32000000e+00  1.32000000e+00 
 1.33000000e+00  1.50000000e+00  1.33000000e+00  7.85765799e-04  1.33000000e+00  1.33000000e+00 
 1.34000000e+00  1.50000000e+00  1.34000000e+00  7.86498359e-04  1.34000000e+00  1.34000000e+00 
 1.35000000e+00  1.50000000e+00  1.35000000e+00  7.87226074e-04  1.35000000e+00  1.35000000e+00 
 1.36000000e+00  1.50000000e+00  1.36000000e+00  7.87949047e-04  1.36000000e+00  1.36000000e+00 
 1.37000000e+00  1.50000000e+00  1.37000000e+00  7.88667379e-04  1.37000000e+00  1.37000000e+00 
 1.38000000e+00  1.50000000e+00  1.38000000e+00  7.89381165e-04  1.38000000e+00  1.38000000e+00 
 1.39000000e+00  1.50000000e+00  1.39000000e+00  7.90090502e-04  1.39000000e+00  1.39000000e+00 
 1.40000000e+00  1.50000000e+00  1.40000000e+00  7.90795479e-04  1.40000000e+00  1.40000000e+00 
 1.41000000e+00  1.50000000e+00  1.41000000e+00  7.91496186e-04  1.41000000e+00  1.41000000e+00 
 1.42000000e+00  1.50000000e+00  1.42000000e+00  7.92192710e-04  1.42000000e+00  1.42000000e+00 
 1.43000000e+00  1.50000000e+00  1.43000000e+00  7.92885134e-04  1.43000000e+00  1.43000000e+00 
 1.44000000e+00  1.50000000e+00  1.44000000e+00  7.93573540e-04  1.44000000e+00  1.44000000e+00 
 1.45000000e+00  1.50000000e+00  1.45000000e+00  7.94258008e-04  1.45000000e+00  1.45000000e+00 
 1.46000000e+00  1.50000000e+00  1.46000000e+00  7.94938616e-04  1.46000000e+00  1.46000000e+00 
 1.47000000e+00  1.50000000e+00  1.47000000e+00  7.95615437e-04  1.47000000e+00  1.47000000e+00 
 1.48000000e+00  1.50000000e+00  1.48000000e+00  7.96288546e-04  1.48000000e+00  1.48000000e+00 
 1.49000000e+00  1.50000000e+00  1.49000000e+00  7.96958014e-04  1.49000000e+00  1.49000000e+00 
 1.50000000e+00  1.50000000e+00  1.50000000e+00  7.97623909e-04  1.50000000e+00  1.50000000e+00 
 1.51000000e+00  1.50000000e+00  1.51000000e+00  7.98286301e-04  1.51000000e+00  1.51000000e+00 
 1.52000000e+00  1.50000000e+00  1.52000000e+00  7.98945253e-04  1.52000000e+00  1.52000000e+00 
 1.53000000e+00  1.50000000e+00  1.53000000e+00  7.99600831e-04  1.53000000e+00  1.53000000e+00 
 1.54000000e+00  1.50000000e+00  1.54000000e+00  8.00253097e-04  1.54000000e+00  1.54000000e+00 
 1.55000000e+00  1.50000000e+00  1.55000000e+00  8.00902112e-04  1.55000000e+00  1.55000000e+00 
 1.56000000e+00  1.50000000e+00  1.56000000e+00  8.01547934e-04  1.56000000e+00  1.56000000e+00 
 1.57000000e+00  1.50000000e+00  1.57000000e+00  8.02190623e-04  1.57000000e+00  1.57000000e+00 
 1.58000000e+00  1.50000000e+00  1.58000000e+00  8.02830234e-04  1.58000000e+00  1.58000000e+00 
 1.59000000e+00  1.50000000e+00  1.59000000e+00  8.03466821e-04  1.59000000e+00  1.59000000e+00 
 1.60000000e+00  1.50000000e+00  1.60000000e+00  8.04100440e-04  1.60000000e+00  1.60000000e+00 
 1.61000000e+00  1.50000000e+00  1.61000000e+00  8.04731142e-04  1.61000000e+00  1.61000000e+00 
 1.62000000e+00  1.50000000e+00  1.62000000e+00  8.05358978e-04  1.62000000e+00  1.62000000e+00 
 1.63000000e+00  1.50000000e+00  1.63000000e+00  8.05983998e-04  1.63000000e+00  1.63000000e+00 
 1.64000000e+00  1.50000000e+00  1.64000000e+00  8.06606251e-04  1.64000000e+00  1.64000000e+00 
 1.65000000e+00  1.50000000e+00  1.65000000e+00  8.07225784e-04  1.65000000e+00  1.65000000e+00 
 1.66000000e+00  1.50000000e+00  1.66000000e+00  8.07842643e-04  1.66000000e+00  1.66000000e+00 
 1.67000000e+00  1.50000000e+00  1.67000000e+00  8.08456875e-04  1.67000000e+00  1.67000000e+00 
 1.68000000e+00  1.50000000e+00  1.68000000e+00  8.09068523e-04  1.68000000e+00  1.68000000e+00 
 1.69000000e+00  1.50000000e+00  1.69000000e+00  8.09677630e-04  1.69000000e+00  1.69000000e+00 
 1.70000000e+00  1.50000000e+00  1.70000000e+00  8.10284239e-04  1.70000000e+00  1.70000000e+00 
 1.71000000e+00  1.50000000e+00  1.71000000e+00  8.10888391e-04  1.71000000e+00  1.71000000e+00 
 1.72000000e+00  1.50000000e+00  1.72000000e+00  8.11490127e-04  1.72000000e+00  1.72000000e+00 
 1.73000000e+00  1.50000000e+00  1.73000000e+00  8.12089486e-04  1.73000000e+00  1.73000000e+00 
 1.74000000e+00  1.50000000e+00  1.74000000e+00  8.12686507e-04  1.74000000e+00  1.74000000e+00 
 1.75000000e+00  1.50000000e+00  1.75000000e+00  8.13281227e-04  1.75000000e+00  1.75000000e+00 
 1.76000000e+00  1.50000000e+00  1.76000000e+00  8.13873684e-04  1.76000000e+00  1.76000000e+00 
 1.77000000e+00  1.50000000e+00  1.77000000e+00  8.14463914e-04  1.77000000e+00  1.77000000e+00 
 1.78000000e+00  1.50000000e+00  1.78000000e+00  8.15051952e-04  1.78000000e+00  1.78000000e+00 
 1.79000000e+00  1.50000000e+00  1.79000000e+00  8.15637833e-04  1.79000000e+00  1.79000000e+00 
 1.80000000e+00  1.50000000e+00  1.80000000e+00  8.16221591e-04  1.80000000e+00  1.80000000e+00 
