 0.00000000e+00  1.90000000e+00  0.00000000e+00  0.00000000e+00  0.00000000e+00  0.00000000e+00 
 1.00000000e-02  1.90000000e+00  1.00000000e-02  4.80575119e-05  1.00000000e-02  1.00000000e-02 
 2.00000000e-02  1.90000000e+00  2.00000000e-02  9.50490034e-05  2.00000000e-02  2.00000000e-02 
 3.00000000e-02  1.90000000e+00  3.00000000e-02  1.40890157e-04  3.00000000e-02  3.00000000e-02 
 4.00000000e-02  1.90000000e+00  4.00000000e-02  1.85520390e-04  4.00000000e-02  4.00000000e-02 
 5.00000000e-02  1.90000000e+00  5.00000000e-02  2.28894135e-04  5.00000000e-02  5.00000000e-02 
 6.00000000e-02  1.90000000e+00  6.00000000e-02  2.70975962e-04  6.00000000e-02  6.00000000e-02 
 7.00000000e-02  1.90000000e+00  7.00000000e-02  3.11737740e-04  7.00000000e-02  7.00000000e-02 
 8.00000000e-02  1.90000000e+00  8.00000000e-02  3.51156995e-04  8.00000000e-02  8.00000000e-02 
 9.00000000e-02  1.90000000e+00  9.00000000e-02  3.89215993e-04  9.00000000e-02  9.00000000e-02 
 1.00000000e-01  1.90000000e+00  1.00000000e-01  4.25901296e-04  1.00000000e-01  1.00000000e-01 
 1.10000000e-01  1.90000000e+00  1.10000000e-01  4.61203623e-04  1.10000000e-01  1.10000000e-01 
 1.20000000e-01  1.90000000e+00  1.20000000e-01  4.95117923e-04  1.20000000e-01  1.20000000e-01 
 1.30000000e-01  1.90000000e+00  1.30000000e-01  5.27643555e-04  1.30000000e-01  1.30000000e-01 
 1.40000000e-01  1.90000000e+00  1.40000000e-01  5.58784537e-04  1.40000000e-01  1.40000000e-01 
 1.50000000e-01  1.90000000e+00  1.50000000e-01  5.88549788e-04  1.50000000e-01  1.50000000e-01 
 1.60000000e-01  1.90000000e+00  1.60000000e-01  6.16953323e-04  1.60000000e-01  1.60000000e-01 
 1.70000000e-01  1.90000000e+00  1.70000000e-01  6.44014364e-04  1.70000000e-01  1.70000000e-01 
 1.80000000e-01  1.90000000e+00  1.80000000e-01  6.69757331e-04  1.80000000e-01  1.80000000e-01 
 1.90000000e-01  1.90000000e+00  1.90000000e-01  6.94211701e-04  1.90000000e-01  1.90000000e-01 
 2.00000000e-01  1.90000000e+00  2.00000000e-01  7.17411725e-04  2.00000000e-01  2.00000000e-01 
 2.10000000e-01  1.90000000e+00  2.10000000e-01  7.39396008e-04  2.10000000e-01  2.10000000e-01 
 2.20000000e-01  1.90000000e+00  2.20000000e-01  7.60206978e-04  2.20000000e-01  2.20000000e-01 
 2.30000000e-01  1.90000000e+00  2.30000000e-01  7.79890255e-04  2.30000000e-01  2.30000000e-01 
 2.40000000e-01  1.90000000e+00  2.40000000e-01  7.98493972e-04  2.40000000e-01  2.40000000e-01 
 2.50000000e-01  1.90000000e+00  2.50000000e-01  8.16068059e-04  2.50000000e-01  2.50000000e-01 
 2.60000000e-01  1.90000000e+00  2.60000000e-01  8.32663544e-04  2.60000000e-01  2.60000000e-01 
 2.70000000e-01  1.90000000e+00  2.70000000e-01  8.48331878e-04  2.70000000e-01  2.70000000e-01 
 2.80000000e-01  1.90000000e+00  2.80000000e-01  8.63124327e-04  2.80000000e-01  2.80000000e-01 
 2.90000000e-01  1.90000000e+00  2.90000000e-01  8.77091430e-04  2.90000000e-01  2.90000000e-01 
 3.00000000e-01  1.90000000e+00  3.00000000e-01  8.90282545e-04  3.00000000e-01  3.00000000e-01 
 3.10000000e-01  1.90000000e+00  3.10000000e-01  9.02745470e-04  3.10000000e-01  3.10000000e-01 
 3.20000000e-01  1.90000000e+00  3.20000000e-01  9.14526159e-04  3.20000000e-01  3.20000000e-01 
 3.30000000e-01  1.90000000e+00  3.30000000e-01  9.25668509e-04  3.30000000e-01  3.30000000e-01 
 3.40000000e-01  1.90000000e+00  3.40000000e-01  9.36214220e-04  3.40000000e-01  3.40000000e-01 
 3.50000000e-01  1.90000000e+00  3.50000000e-01  9.46202709e-04  3.50000000e-01  3.50000000e-01 
 3.60000000e-01  1.90000000e+00  3.60000000e-01  9.55671088e-04  3.60000000e-01  3.60000000e-01 
 3.70000000e-01  1.90000000e+00  3.70000000e-01  9.64654170e-04  3.70000000e-01  3.70000000e-01 
 3.80000000e-01  1.90000000e+00  3.80000000e-01  9.73184520e-04  3.80000000e-01  3.80000000e-01 
 3.90000000e-01  1.90000000e+00  3.90000000e-01  9.81292520e-04  3.90000000e-01  3.90000000e-01 
 4.00000000e-01  1.90000000e+00  4.00000000e-01  9.89006461e-04  4.00000000e-01  4.00000000e-01 
 4.10000000e-01  1.90000000e+00  4.10000000e-01  9.96352640e-04  4.10000000e-01  4.10000000e-01 
 4.20000000e-01  1.90000000e+00  4.20000000e-01  1.00335547e-03  4.20000000e-01  4.20000000e-01 
 4.30000000e-01  1.90000000e+00  4.30000000e-01  1.01003760e-03  4.30000000e-01  4.30000000e-01 
 4.40000000e-01  1.90000000e+00  4.40000000e-01  1.01642002e-03  4.40000000e-01  4.40000000e-01 
 4.50000000e-01  1.90000000e+00  4.50000000e-01  1.02252216e-03  4.50000000e-01  4.50000000e-01 
 4.60000000e-01  1.90000000e+00  4.60000000e-01  1.02836202e-03  4.60000000e-01  4.60000000e-01 
 4.70000000e-01  1.90000000e+00  4.70000000e-01  1.03395628e-03  4.70000000e-01  4.70000000e-01 
 4.80000000e-01  1.90000000e+00  4.80000000e-01  1.03932037e-03  4.80000000e-01  4.80000000e-01 
 4.90000000e-01  1.90000000e+00  4.90000000e-01  1.04446857e-03  4.90000000e-01  4.90000000e-01 
 5.00000000e-01  1.90000000e+00  5.00000000e-01  1.04941414e-03  5.00000000e-01  5.00000000e-01 
 5.10000000e-01  1.90000000e+00  5.10000000e-01  1.05416933e-03  5.10000000e-01  5.10000000e-01 
 5.20000000e-01  1.90000000e+00  5.20000000e-01  1.05874554e-03  5.20000000e-01  5.20000000e-01 
 5.30000000e-01  1.90000000e+00  5.30000000e-01  1.06315330e-03  5.30000000e-01  5.30000000e-01 
 5.40000000e-01  1.90000000e+00  5.40000000e-01  1.06740241e-03  5.40000000e-01  5.40000000e-01 
 5.50000000e-01  1.90000000e+00  5.50000000e-01  1.07150197e-03  5.50000000e-01  5.50000000e-01 
 5.60000000e-01  1.90000000e+00  5.60000000e-01  1.07546044e-03  5.60000000e-01  5.60000000e-01 
 5.70000000e-01  1.90000000e+00  5.70000000e-01  1.07928566e-03  5.70000000e-01  5.70000000e-01 
 5.80000000e-01  1.90000000e+00  5.80000000e-01  1.08298497e-03  5.80000000e-01  5.80000000e-01 
 5.90000000e-01  1.90000000e+00  5.90000000e-01  1.08656518e-03  5.90000000e-01  5.90000000e-01 
 6.00000000e-01  1.90000000e+00  6.00000000e-01  1.09003263e-03  6.00000000e-01  6.00000000e-01 
 6.10000000e-01  1.90000000e+00  6.10000000e-01  1.09339326e-03  6.10000000e-01  6.10000000e-01 
 6.20000000e-01  1.90000000e+00  6.20000000e-01  1.09665260e-03  6.20000000e-01  6.20000000e-01 
 6.30000000e-01  1.90000000e+00  6.30000000e-01  1.09981582e-03  6.30000000e-01  6.30000000e-01 
 6.40000000e-01  1.90000000e+00  6.40000000e-01  1.10288776e-03  6.40000000e-01  6.40000000e-01 
 6.50000000e-01  1.90000000e+00  6.50000000e-01  1.10587293e-03  6.50000000e-01  6.50000000e-01 
 6.60000000e-01  1.90000000e+00  6.60000000e-01  1.10877559e-03  6.60000000e-01  6.60000000e-01 
 6.70000000e-01  1.90000000e+00  6.70000000e-01  1.11159969e-03  6.70000000e-01  6.70000000e-01 
 6.80000000e-01  1.90000000e+00  6.80000000e-01  1.11434897e-03  6.80000000e-01  6.80000000e-01 
 6.90000000e-01  1.90000000e+00  6.90000000e-01  1.11702693e-03  6.90000000e-01  6.90000000e-01 
 7.00000000e-01  1.90000000e+00  7.00000000e-01  1.11963686e-03  7.00000000e-01  7.00000000e-01 
 7.10000000e-01  1.90000000e+00  7.10000000e-01  1.12218184e-03  7.10000000e-01  7.10000000e-01 
 7.20000000e-01  1.90000000e+00  7.20000000e-01  1.12466480e-03  7.20000000e-01  7.20000000e-01 
 7.30000000e-01  1.90000000e+00  7.30000000e-01  1.12708846e-03  7.30000000e-01  7.30000000e-01 
 7.40000000e-01  1.90000000e+00  7.40000000e-01  1.12945541e-03  7.40000000e-01  7.40000000e-01 
 7.50000000e-01  1.90000000e+00  7.50000000e-01  1.13176809e-03  7.50000000e-01  7.50000000e-01 
 7.60000000e-01  1.90000000e+00  7.60000000e-01  1.13402880e-03  7.60000000e-01  7.60000000e-01 
 7.70000000e-01  1.90000000e+00  7.70000000e-01  1.13623971e-03  7.70000000e-01  7.70000000e-01 
 7.80000000e-01  1.90000000e+00  7.80000000e-01  1.13840288e-03  7.80000000e-01  7.80000000e-01 
 7.90000000e-01  1.90000000e+00  7.90000000e-01  1.14052023e-03  7.90000000e-01  7.90000000e-01 
 8.00000000e-01  1.90000000e+00  8.00000000e-01  1.14259363e-03  8.00000000e-01  8.00000000e-01 
 8.10000000e-01  1.90000000e+00  8.10000000e-01  1.14462479e-03  8.10000000e-01  8.10000000e-01 
 8.20000000e-01  1.90000000e+00  8.20000000e-01  1.14661538e-03  8.20000000e-01  8.20000000e-01 
 8.30000000e-01  1.90000000e+00  8.30000000e-01  1.14856696e-03  8.30000000e-01  8.30000000e-01 
 8.40000000e-01  1.90000000e+00  8.40000000e-01  1.15048102e-03  8.40000000e-01  8.40000000e-01 
 8.50000000e-01  1.90000000e+00  8.50000000e-01  1.15235896e-03  8.50000000e-01  8.50000000e-01 
 8.60000000e-01  1.90000000e+00  8.60000000e-01  1.15420213e-03  8.60000000e-01  8.60000000e-01 
 8.70000000e-01  1.90000000e+00  8.70000000e-01  1.15601179e-03  8.70000000e-01  8.70000000e-01 
 8.80000000e-01  1.90000000e+00  8.80000000e-01  1.15778917e-03  8.80000000e-01  8.80000000e-01 
 8.90000000e-01  1.90000000e+00  8.90000000e-01  1.15953542e-03  8.90000000e-01  8.90000000e-01 
 9.00000000e-01  1.90000000e+00  9.00000000e-01  1.16125163e-03  9.00000000e-01  9.00000000e-01 
 9.10000000e-01  1.90000000e+00  9.10000000e-01  1.16293885e-03  9.10000000e-01  9.10000000e-01 
 9.20000000e-01  1.90000000e+00  9.20000000e-01  1.16459808e-03  9.20000000e-01  9.20000000e-01 
 9.30000000e-01  1.90000000e+00  9.30000000e-01  1.16623028e-03  9.30000000e-01  9.30000000e-01 
 9.40000000e-01  1.90000000e+00  9.40000000e-01  1.16783634e-03  9.40000000e-01  9.40000000e-01 
 9.50000000e-01  1.90000000e+00  9.50000000e-01  1.16941715e-03  9.50000000e-01  9.50000000e-01 
 9.60000000e-01  1.90000000e+00  9.60000000e-01  1.17097353e-03  9.60000000e-01  9.60000000e-01 
 9.70000000e-01  1.90000000e+00  9.70000000e-01  1.17250627e-03  9.70000000e-01  9.70000000e-01 
 9.80000000e-01  1.90000000e+00  9.80000000e-01  1.17401614e-03  9.80000000e-01  9.80000000e-01 
 9.90000000e-01  1.90000000e+00  9.90000000e-01  1.17550385e-03  9.90000000e-01  9.90000000e-01 
 1.00000000e+00  1.90000000e+00  1.00000000e+00  1.17697011e-03  1.00000000e+00  1.00000000e+00 
 1.01000000e+00  1.90000000e+00  1.01000000e+00  1.17841557e-03  1.01000000e+00  1.01000000e+00 
 1.02000000e+00  1.90000000e+00  1.02000000e+00  1.17984088e-03  1.02000000e+00  1.02000000e+00 
 1.03000000e+00  1.90000000e+00  1.03000000e+00  1.18124665e-03  1.03000000e+00  1.03000000e+00 
 1.04000000e+00  1.90000000e+00  1.04000000e+00  1.18263346e-03  1.04000000e+00  1.04000000e+00 
 1.05000000e+00  1.90000000e+00  1.05000000e+00  1.18400188e-03  1.05000000e+00  1.05000000e+00 
 1.06000000e+00  1.90000000e+00  1.06000000e+00  1.18535245e-03  1.06000000e+00  1.06000000e+00 
 1.07000000e+00  1.90000000e+00  1.07000000e+00  1.18668568e-03  1.07000000e+00  1.07000000e+00 
 1.08000000e+00  1.90000000e+00  1.08000000e+00  1.18800208e-03  1.08000000e+00  1.08000000e+00 
 1.09000000e+00  1.90000000e+00  1.09000000e+00  1.18930211e-03  1.09000000e+00  1.09000000e+00 
 1.10000000e+00  1.90000000e+00  1.10000000e+00  1.19058626e-03  1.10000000e+00  1.10000000e+00 
 1.11000000e+00  1.90000000e+00  1.11000000e+00  1.19185495e-03  1.11000000e+00  1.11000000e+00 
 1.12000000e+00  1.90000000e+00  1.12000000e+00  1.19310861e-03  1.12000000e+00  1.12000000e+00 
 1.13000000e+00  1.90000000e+00  1.13000000e+00  1.19434765e-03  1.13000000e+00  1.13000000e+00 
 1.14000000e+00  1.90000000e+00  1.14000000e+00  1.19557247e-03  1.14000000e+00  1.14000000e+00 
 1.15000000e+00  1.90000000e+00  1.15000000e+00  1.19678345e-03  1.15000000e+00  1.15000000e+00 
 1.16000000e+00  1.90000000e+00  1.16000000e+00  1.19798096e-03  1.16000000e+00  1.16000000e+00 
 1.17000000e+00  1.90000000e+00  1.17000000e+00  1.19916534e-03  1.17000000e+00  1.17000000e+00 
 1.18000000e+00  1.90000000e+00  1.18000000e+00  1.20033694e-03  1.18000000e+00  1.18000000e+00 
 1.19000000e+00  1.90000000e+00  1.19000000e+00  1.20149609e-03  1.19000000e+00  1.19000000e+00 
 1.20000000e+00  1.90000000e+00  1.20000000e+00  1.20264311e-03  1.20000000e+00  1.20000000e+00 
 1.21000000e+00  1.90000000e+00  1.21000000e+00  1.20377830e-03  1.21000000e+00  1.21000000e+00 
 1.22000000e+00  1.90000000e+00  1.22000000e+00  1.20490195e-03  1.22000000e+00  1.22000000e+00 
 1.23000000e+00  1.90000000e+00  1.23000000e+00  1.20601436e-03  1.23000000e+00  1.23000000e+00 
 1.24000000e+00  1.90000000e+00  1.24000000e+00  1.20711579e-03  1.24000000e+00  1.24000000e+00 
 1.25000000e+00  1.90000000e+00  1.25000000e+00  1.20820653e-03  1.25000000e+00  1.25000000e+00 
 1.26000000e+00  1.90000000e+00  1.26000000e+00  1.20928681e-03  1.26000000e+00  1.26000000e+00 
 1.27000000e+00  1.90000000e+00  1.27000000e+00  1.21035690e-03  1.27000000e+00  1.27000000e+00 
 1.28000000e+00  1.90000000e+00  1.28000000e+00  1.21141703e-03  1.28000000e+00  1.28000000e+00 
 1.29000000e+00  1.90000000e+00  1.29000000e+00  1.21246744e-03  1.29000000e+00  1.29000000e+00 
 1.30000000e+00  1.90000000e+00  1.30000000e+00  1.21350835e-03  1.30000000e+00  1.30000000e+00 
 1.31000000e+00  1.90000000e+00  1.31000000e+00  1.21453999e-03  1.31000000e+00  1.31000000e+00 
 1.32000000e+00  1.90000000e+00  1.32000000e+00  1.21556256e-03  1.32000000e+00  1.32000000e+00 
 1.33000000e+00  1.90000000e+00  1.33000000e+00  1.21657626e-03  1.33000000e+00  1.33000000e+00 
 1.34000000e+00  1.90000000e+00  1.34000000e+00  1.21758131e-03  1.34000000e+00  1.34000000e+00 
 1.35000000e+00  1.90000000e+00  1.35000000e+00  1.21857788e-03  1.35000000e+00  1.35000000e+00 
 1.36000000e+00  1.90000000e+00  1.36000000e+00  1.21956617e-03  1.36000000e+00  1.36000000e+00 
 1.37000000e+00  1.90000000e+00  1.37000000e+00  1.22054637e-03  1.37000000e+00  1.37000000e+00 
 1.38000000e+00  1.90000000e+00  1.38000000e+00  1.22151863e-03  1.38000000e+00  1.38000000e+00 
 1.39000000e+00  1.90000000e+00  1.39000000e+00  1.22248314e-03  1.39000000e+00  1.39000000e+00 
 1.40000000e+00  1.90000000e+00  1.40000000e+00  1.22344006e-03  1.40000000e+00  1.40000000e+00 
 1.41000000e+00  1.90000000e+00  1.41000000e+00  1.22438955e-03  1.41000000e+00  1.41000000e+00 
 1.42000000e+00  1.90000000e+00  1.42000000e+00  1.22533176e-03  1.42000000e+00  1.42000000e+00 
 1.43000000e+00  1.90000000e+00  1.43000000e+00  1.22626686e-03  1.43000000e+00  1.43000000e+00 
 1.44000000e+00  1.90000000e+00  1.44000000e+00  1.22719498e-03  1.44000000e+00  1.44000000e+00 
 1.45000000e+00  1.90000000e+00  1.45000000e+00  1.22811626e-03  1.45000000e+00  1.45000000e+00 
 1.46000000e+00  1.90000000e+00  1.46000000e+00  1.22903086e-03  1.46000000e+00  1.46000000e+00 
 1.47000000e+00  1.90000000e+00  1.47000000e+00  1.22993889e-03  1.47000000e+00  1.47000000e+00 
 1.48000000e+00  1.90000000e+00  1.48000000e+00  1.23084050e-03  1.48000000e+00  1.48000000e+00 
 1.49000000e+00  1.90000000e+00  1.49000000e+00  1.23173581e-03  1.49000000e+00  1.49000000e+00 
 1.50000000e+00  1.90000000e+00  1.50000000e+00  1.23262494e-03  1.50000000e+00  1.50000000e+00 
 1.51000000e+00  1.90000000e+00  1.51000000e+00  1.23350802e-03  1.51000000e+00  1.51000000e+00 
 1.52000000e+00  1.90000000e+00  1.52000000e+00  1.23438516e-03  1.52000000e+00  1.52000000e+00 
 1.53000000e+00  1.90000000e+00  1.53000000e+00  1.23525648e-03  1.53000000e+00  1.53000000e+00 
 1.54000000e+00  1.90000000e+00  1.54000000e+00  1.23612208e-03  1.54000000e+00  1.54000000e+00 
 1.55000000e+00  1.90000000e+00  1.55000000e+00  1.23698209e-03  1.55000000e+00  1.55000000e+00 
 1.56000000e+00  1.90000000e+00  1.56000000e+00  1.23783659e-03  1.56000000e+00  1.56000000e+00 
 1.57000000e+00  1.90000000e+00  1.57000000e+00  1.23868570e-03  1.57000000e+00  1.57000000e+00 
 1.58000000e+00  1.90000000e+00  1.58000000e+00  1.23952951e-03  1.58000000e+00  1.58000000e+00 
 1.59000000e+00  1.90000000e+00  1.59000000e+00  1.24036813e-03  1.59000000e+00  1.59000000e+00 
 1.60000000e+00  1.90000000e+00  1.60000000e+00  1.24120165e-03  1.60000000e+00  1.60000000e+00 
 1.61000000e+00  1.90000000e+00  1.61000000e+00  1.24203016e-03  1.61000000e+00  1.61000000e+00 
 1.62000000e+00  1.90000000e+00  1.62000000e+00  1.24285374e-03  1.62000000e+00  1.62000000e+00 
 1.63000000e+00  1.90000000e+00  1.63000000e+00  1.24367250e-03  1.63000000e+00  1.63000000e+00 
 1.64000000e+00  1.90000000e+00  1.64000000e+00  1.24448651e-03  1.64000000e+00  1.64000000e+00 
 1.65000000e+00  1.90000000e+00  1.65000000e+00  1.24529586e-03  1.65000000e+00  1.65000000e+00 
 1.66000000e+00  1.90000000e+00  1.66000000e+00  1.24610063e-03  1.66000000e+00  1.66000000e+00 
 1.67000000e+00  1.90000000e+00  1.67000000e+00  1.24690091e-03  1.67000000e+00  1.67000000e+00 
 1.68000000e+00  1.90000000e+00  1.68000000e+00  1.24769676e-03  1.68000000e+00  1.68000000e+00 
 1.69000000e+00  1.90000000e+00  1.69000000e+00  1.24848826e-03  1.69000000e+00  1.69000000e+00 
 1.70000000e+00  1.90000000e+00  1.70000000e+00  1.24927550e-03  1.70000000e+00  1.70000000e+00 
 1.71000000e+00  1.90000000e+00  1.71000000e+00  1.25005854e-03  1.71000000e+00  1.71000000e+00 
 1.72000000e+00  1.90000000e+00  1.72000000e+00  1.25083745e-03  1.72000000e+00  1.72000000e+00 
 1.73000000e+00  1.90000000e+00  1.73000000e+00  1.25161230e-03  1.73000000e+00  1.73000000e+00 
 1.74000000e+00  1.90000000e+00  1.74000000e+00  1.25238316e-03  1.74000000e+00  1.74000000e+00 
 1.75000000e+00  1.90000000e+00  1.75000000e+00  1.25315010e-03  1.75000000e+00  1.75000000e+00 
 1.76000000e+00  1.90000000e+00  1.76000000e+00  1.25391318e-03  1.76000000e+00  1.76000000e+00 
 1.77000000e+00  1.90000000e+00  1.77000000e+00  1.25467246e-03  1.77000000e+00  1.77000000e+00 
 1.78000000e+00  1.90000000e+00  1.78000000e+00  1.25542801e-03  1.78000000e+00  1.78000000e+00 
 1.79000000e+00  1.90000000e+00  1.79000000e+00  1.25617989e-03  1.79000000e+00  1.79000000e+00 
 1.80000000e+00  1.90000000e+00  1.80000000e+00  1.25692815e-03  1.80000000e+00  1.80000000e+00 
