 0.00000000e+00  1.85000000e+00  0.00000000e+00 -3.53992465e-21  0.00000000e+00  7.40000000e-01 
-1.00000000e-02  1.84000000e+00 -1.00000000e-02 -5.00757397e-21 -1.00000000e-02  7.40000000e-01 
-2.00000000e-02  1.83000000e+00 -2.00000000e-02 -7.08370900e-21 -2.00000000e-02  7.40000000e-01 
-3.00000000e-02  1.82000000e+00 -3.00000000e-02 -1.00206076e-20 -3.00000000e-02  7.40000000e-01 
-4.00000000e-02  1.81000000e+00 -4.00000000e-02 -1.41751417e-20 -4.00000000e-02  7.40000000e-01 
-5.00000000e-02  1.80000000e+00 -5.00000000e-02 -2.00521411e-20 -5.00000000e-02  7.40000000e-01 
-6.00000000e-02  1.79000000e+00 -6.00000000e-02 -2.83657383e-20 -6.00000000e-02  7.40000000e-01 
-7.00000000e-02  1.78000000e+00 -7.00000000e-02 -4.01261441e-20 -7.00000000e-02  7.40000000e-01 
-8.00000000e-02  1.77000000e+00 -8.00000000e-02 -5.67624028e-20 -8.00000000e-02  7.40000000e-01 
-9.00000000e-02  1.76000000e+00 -9.00000000e-02 -8.02960374e-20 -9.00000000e-02  7.40000000e-01 
-1.00000000e-01  1.75000000e+00 -1.00000000e-01 -1.13586691e-19 -1.00000000e-01  7.40000000e-01 
-1.10000000e-01  1.74000000e+00 -1.10000000e-01 -1.60679616e-19 -1.10000000e-01  7.40000000e-01 
-1.20000000e-01  1.73000000e+00 -1.20000000e-01 -2.27297216e-19 -1.20000000e-01  7.40000000e-01 
-1.30000000e-01  1.72000000e+00 -1.30000000e-01 -3.21534402e-19 -1.30000000e-01  7.40000000e-01 
-1.40000000e-01  1.71000000e+00 -1.40000000e-01 -4.54842222e-19 -1.40000000e-01  7.40000000e-01 
-1.50000000e-01  1.70000000e+00 -1.50000000e-01 -6.43419313e-19 -1.50000000e-01  7.40000000e-01 
-1.60000000e-01  1.69000000e+00 -1.60000000e-01 -9.10180246e-19 -1.60000000e-01  7.40000000e-01 
-1.70000000e-01  1.68000000e+00 -1.70000000e-01 -1.28753996e-18 -1.70000000e-01  7.40000000e-01 
-1.80000000e-01  1.67000000e+00 -1.80000000e-01 -1.82135254e-18 -1.80000000e-01  7.40000000e-01 
-1.90000000e-01  1.66000000e+00 -1.90000000e-01 -2.57648315e-18 -1.90000000e-01  7.40000000e-01 
-2.00000000e-01  1.65000000e+00 -2.00000000e-01 -3.64468994e-18 -2.00000000e-01  7.40000000e-01 
-2.10000000e-01  1.64000000e+00 -2.10000000e-01 -5.15577380e-18 -2.10000000e-01  7.40000000e-01 
-2.20000000e-01  1.63000000e+00 -2.20000000e-01 -7.29335086e-18 -2.20000000e-01  7.40000000e-01 
-2.30000000e-01  1.62000000e+00 -2.30000000e-01 -1.03171642e-17 -2.30000000e-01  7.40000000e-01 
-2.40000000e-01  1.61000000e+00 -2.40000000e-01 -1.45946455e-17 -2.40000000e-01  7.40000000e-01 
-2.50000000e-01  1.60000000e+00 -2.50000000e-01 -2.06455633e-17 -2.50000000e-01  7.40000000e-01 
-2.60000000e-01  1.59000000e+00 -2.60000000e-01 -2.92051803e-17 -2.60000000e-01  7.40000000e-01 
-2.70000000e-01  1.58000000e+00 -2.70000000e-01 -4.13135970e-17 -2.70000000e-01  7.40000000e-01 
-2.80000000e-01  1.57000000e+00 -2.80000000e-01 -5.84421363e-17 -2.80000000e-01  7.40000000e-01 
-2.90000000e-01  1.56000000e+00 -2.90000000e-01 -8.26721256e-17 -2.90000000e-01  7.40000000e-01 
-3.00000000e-01  1.55000000e+00 -3.00000000e-01 -1.16947802e-16 -3.00000000e-01  7.40000000e-01 
-3.10000000e-01  1.54000000e+00 -3.10000000e-01 -1.65434068e-16 -3.10000000e-01  7.40000000e-01 
-3.20000000e-01  1.53000000e+00 -3.20000000e-01 -2.34022571e-16 -3.20000000e-01  7.40000000e-01 
-3.30000000e-01  1.52000000e+00 -3.30000000e-01 -3.31047596e-16 -3.30000000e-01  7.40000000e-01 
-3.40000000e-01  1.51000000e+00 -3.40000000e-01 -4.68298759e-16 -3.40000000e-01  7.40000000e-01 
-3.50000000e-01  1.50000000e+00 -3.50000000e-01 -6.62453543e-16 -3.50000000e-01  7.40000000e-01 
-3.60000000e-01  1.49000000e+00 -3.60000000e-01 -9.37103742e-16 -3.60000000e-01  7.40000000e-01 
-3.70000000e-01  1.48000000e+00 -3.70000000e-01 -1.32562201e-15 -3.70000000e-01  7.40000000e-01 
-3.80000000e-01  1.47000000e+00 -3.80000000e-01 -1.87521684e-15 -3.80000000e-01  7.40000000e-01 
-3.90000000e-01  1.46000000e+00 -3.90000000e-01 -2.65266853e-15 -3.90000000e-01  7.40000000e-01 
-4.00000000e-01  1.45000000e+00 -4.00000000e-01 -3.75244317e-15 -4.00000000e-01  7.40000000e-01 
-4.10000000e-01  1.44000000e+00 -4.10000000e-01 -5.30817025e-15 -4.10000000e-01  7.40000000e-01 
-4.20000000e-01  1.43000000e+00 -4.20000000e-01 -7.50887830e-15 -4.20000000e-01  7.40000000e-01 
-4.30000000e-01  1.42000000e+00 -4.30000000e-01 -1.06219608e-14 -4.30000000e-01  7.40000000e-01 
-4.40000000e-01  1.41000000e+00 -4.40000000e-01 -1.50256622e-14 -4.40000000e-01  7.40000000e-01 
-4.50000000e-01  1.40000000e+00 -4.50000000e-01 -2.12550294e-14 -4.50000000e-01  7.40000000e-01 
-4.60000000e-01  1.39000000e+00 -4.60000000e-01 -3.00669103e-14 -4.60000000e-01  7.40000000e-01 
-4.70000000e-01  1.38000000e+00 -4.70000000e-01 -4.25318926e-14 -4.70000000e-01  7.40000000e-01 
-4.80000000e-01  1.37000000e+00 -4.80000000e-01 -6.01643469e-14 -4.80000000e-01  7.40000000e-01 
-4.90000000e-01  1.36000000e+00 -4.90000000e-01 -8.51063624e-14 -4.90000000e-01  7.40000000e-01 
-5.00000000e-01  1.35000000e+00 -5.00000000e-01 -1.20387905e-13 -5.00000000e-01  7.40000000e-01 
-5.10000000e-01  1.34000000e+00 -5.10000000e-01 -1.70294772e-13 -5.10000000e-01  7.40000000e-01 
-5.20000000e-01  1.33000000e+00 -5.20000000e-01 -2.40888992e-13 -5.20000000e-01  7.40000000e-01 
-5.30000000e-01  1.32000000e+00 -5.30000000e-01 -3.40744802e-13 -5.30000000e-01  7.40000000e-01 
-5.40000000e-01  1.31000000e+00 -5.40000000e-01 -4.81989456e-13 -5.40000000e-01  7.40000000e-01 
-5.50000000e-01  1.30000000e+00 -5.50000000e-01 -6.81775034e-13 -5.50000000e-01  7.40000000e-01 
-5.60000000e-01  1.29000000e+00 -5.60000000e-01 -9.64359604e-13 -5.60000000e-01  7.40000000e-01 
-5.70000000e-01  1.28000000e+00 -5.70000000e-01 -1.36404978e-12 -5.70000000e-01  7.40000000e-01 
-5.80000000e-01  1.27000000e+00 -5.80000000e-01 -1.92936082e-12 -5.80000000e-01  7.40000000e-01 
-5.90000000e-01  1.26000000e+00 -5.90000000e-01 -2.72889740e-12 -5.90000000e-01  7.40000000e-01 
-6.00000000e-01  1.25000000e+00 -6.00000000e-01 -3.85966563e-12 -6.00000000e-01  7.40000000e-01 
-6.10000000e-01  1.24000000e+00 -6.10000000e-01 -5.45881971e-12 -6.10000000e-01  7.40000000e-01 
-6.20000000e-01  1.23000000e+00 -6.20000000e-01 -7.72025915e-12 -6.20000000e-01  7.40000000e-01 
-6.30000000e-01  1.22000000e+00 -6.30000000e-01 -1.09180745e-11 -6.30000000e-01  7.40000000e-01 
-6.40000000e-01  1.21000000e+00 -6.40000000e-01 -1.54396575e-11 -6.40000000e-01  7.40000000e-01 
-6.50000000e-01  1.20000000e+00 -6.50000000e-01 -2.18324479e-11 -6.50000000e-01  7.40000000e-01 
-6.60000000e-01  1.19000000e+00 -6.60000000e-01 -3.08699070e-11 -6.60000000e-01  7.40000000e-01 
-6.70000000e-01  1.18000000e+00 -6.70000000e-01 -4.36445812e-11 -6.70000000e-01  7.40000000e-01 
-6.80000000e-01  1.17000000e+00 -6.80000000e-01 -6.16993156e-11 -6.80000000e-01  7.40000000e-01 
-6.90000000e-01  1.16000000e+00 -6.90000000e-01 -8.72121362e-11 -6.90000000e-01  7.40000000e-01 
-7.00000000e-01  1.15000000e+00 -7.00000000e-01 -1.23256561e-10 -7.00000000e-01  7.40000000e-01 
-7.10000000e-01  1.14000000e+00 -7.10000000e-01 -1.74167788e-10 -7.10000000e-01  7.40000000e-01 
-7.20000000e-01  1.13000000e+00 -7.20000000e-01 -2.46057283e-10 -7.20000000e-01  7.40000000e-01 
-7.30000000e-01  1.12000000e+00 -7.30000000e-01 -3.47534998e-10 -7.30000000e-01  7.40000000e-01 
-7.40000000e-01  1.11000000e+00 -7.40000000e-01 -4.90721505e-10 -7.40000000e-01  7.40000000e-01 
-7.50000000e-01  1.10000000e+00 -7.50000000e-01 -6.92663909e-10 -7.50000000e-01  7.40000000e-01 
-7.60000000e-01  1.09000000e+00 -7.60000000e-01 -9.77312495e-10 -7.60000000e-01  7.40000000e-01 
-7.70000000e-01  1.08000000e+00 -7.70000000e-01 -1.37827331e-09 -7.70000000e-01  7.40000000e-01 
-7.80000000e-01  1.07000000e+00 -7.80000000e-01 -1.94263001e-09 -7.80000000e-01  7.40000000e-01 
-7.90000000e-01  1.06000000e+00 -7.90000000e-01 -2.73623175e-09 -7.90000000e-01  7.40000000e-01 
-8.00000000e-01  1.05000000e+00 -8.00000000e-01 -3.85097939e-09 -8.00000000e-01  7.40000000e-01 
-8.10000000e-01  1.04000000e+00 -8.10000000e-01 -5.41481578e-09 -8.10000000e-01  7.40000000e-01 
-8.20000000e-01  1.03000000e+00 -8.20000000e-01 -7.60534451e-09 -8.20000000e-01  7.40000000e-01 
-8.30000000e-01  1.02000000e+00 -8.30000000e-01 -1.06682677e-08 -8.30000000e-01  7.40000000e-01 
-8.40000000e-01  1.01000000e+00 -8.40000000e-01 -1.49421459e-08 -8.40000000e-01  7.40000000e-01 
-8.50000000e-01  1.00000000e+00 -8.50000000e-01 -2.08913313e-08 -8.50000000e-01  7.40000000e-01 
-8.60000000e-01  9.90000000e-01 -8.60000000e-01 -2.91492777e-08 -8.60000000e-01  7.40000000e-01 
-8.70000000e-01  9.80000000e-01 -8.70000000e-01 -4.05747448e-08 -8.70000000e-01  7.40000000e-01 
-8.80000000e-01  9.70000000e-01 -8.80000000e-01 -5.63235979e-08 -8.80000000e-01  7.40000000e-01 
-8.90000000e-01  9.60000000e-01 -8.90000000e-01 -7.79388563e-08 -8.90000000e-01  7.40000000e-01 
-9.00000000e-01  9.50000000e-01 -9.00000000e-01 -1.07461204e-07 -9.00000000e-01  7.40000000e-01 
-9.10000000e-01  9.40000000e-01 -9.10000000e-01 -1.47561202e-07 -9.10000000e-01  7.40000000e-01 
-9.20000000e-01  9.30000000e-01 -9.20000000e-01 -2.01692803e-07 -9.20000000e-01  7.40000000e-01 
-9.30000000e-01  9.20000000e-01 -9.30000000e-01 -2.74265399e-07 -9.30000000e-01  7.40000000e-01 
-9.40000000e-01  9.10000000e-01 -9.40000000e-01 -3.70828744e-07 -9.40000000e-01  7.40000000e-01 
-9.50000000e-01  9.00000000e-01 -9.50000000e-01 -4.98261942e-07 -9.50000000e-01  7.40000000e-01 
-9.60000000e-01  8.90000000e-01 -9.60000000e-01 -6.64955020e-07 -9.60000000e-01  7.40000000e-01 
-9.70000000e-01  8.80000000e-01 -9.70000000e-01 -8.80970071e-07 -9.70000000e-01  7.40000000e-01 
-9.80000000e-01  8.70000000e-01 -9.80000000e-01 -1.15816926e-06 -9.80000000e-01  7.40000000e-01 
-9.90000000e-01  8.60000000e-01 -9.90000000e-01 -1.51029939e-06 -9.90000000e-01  7.40000000e-01 
-1.00000000e+00  8.50000000e-01 -1.00000000e+00 -1.95302656e-06 -1.00000000e+00  7.40000000e-01 
-1.01000000e+00  8.40000000e-01 -1.01000000e+00 -2.50391868e-06 -1.01000000e+00  7.40000000e-01 
-1.02000000e+00  8.30000000e-01 -1.02000000e+00 -3.18237633e-06 -1.02000000e+00  7.40000000e-01 
-1.03000000e+00  8.20000000e-01 -1.03000000e+00 -4.00951183e-06 -1.03000000e+00  7.40000000e-01 
-1.04000000e+00  8.10000000e-01 -1.04000000e+00 -5.00797286e-06 -1.04000000e+00  7.40000000e-01 
-1.05000000e+00  8.00000000e-01 -1.05000000e+00 -6.20170007e-06 -1.05000000e+00  7.40000000e-01 
-1.06000000e+00  7.90000000e-01 -1.06000000e+00 -7.61560179e-06 -1.06000000e+00  7.40000000e-01 
-1.07000000e+00  7.80000000e-01 -1.07000000e+00 -9.27512507e-06 -1.07000000e+00  7.40000000e-01 
-1.08000000e+00  7.70000000e-01 -1.08000000e+00 -1.12057052e-05 -1.08000000e+00  7.40000000e-01 
-1.09000000e+00  7.60000000e-01 -1.09000000e+00 -1.34320862e-05 -1.09000000e+00  7.40000000e-01 
-1.10000000e+00  7.50000000e-01 -1.10000000e+00 -1.59775234e-05 -1.10000000e+00  7.40000000e-01 
-1.11000000e+00  7.40000000e-01 -1.11000000e+00 -1.88629043e-05 -1.11000000e+00  7.40000000e-01 
-1.12000000e+00  7.30000000e-01 -1.12000000e+00 -2.21058477e-05 -1.12000000e+00  7.40000000e-01 
-1.13000000e+00  7.20000000e-01 -1.13000000e+00 -2.57198611e-05 -1.13000000e+00  7.40000000e-01 
-1.14000000e+00  7.10000000e-01 -1.14000000e+00 -2.97136461e-05 -1.14000000e+00  7.40000000e-01 
-1.15000000e+00  7.00000000e-01 -1.15000000e+00 -3.40906321e-05 -1.15000000e+00  7.40000000e-01 
-1.16000000e+00  6.90000000e-01 -1.16000000e+00 -3.88487976e-05 -1.16000000e+00  7.40000000e-01 
-1.17000000e+00  6.80000000e-01 -1.17000000e+00 -4.39808023e-05 -1.17000000e+00  7.40000000e-01 
-1.18000000e+00  6.70000000e-01 -1.18000000e+00 -4.94744147e-05 -1.18000000e+00  7.40000000e-01 
-1.19000000e+00  6.60000000e-01 -1.19000000e+00 -5.53131832e-05 -1.19000000e+00  7.40000000e-01 
-1.20000000e+00  6.50000000e-01 -1.20000000e+00 -6.14772749e-05 -1.20000000e+00  7.40000000e-01 
-1.21000000e+00  6.40000000e-01 -1.21000000e+00 -6.79443959e-05 -1.21000000e+00  7.40000000e-01 
-1.22000000e+00  6.30000000e-01 -1.22000000e+00 -7.46907114e-05 -1.22000000e+00  7.40000000e-01 
-1.23000000e+00  6.20000000e-01 -1.23000000e+00 -8.16916962e-05 -1.23000000e+00  7.40000000e-01 
-1.24000000e+00  6.10000000e-01 -1.24000000e+00 -8.89228716e-05 -1.24000000e+00  7.40000000e-01 
-1.25000000e+00  6.00000000e-01 -1.25000000e+00 -9.63604010e-05 -1.25000000e+00  7.40000000e-01 
-1.26000000e+00  5.90000000e-01 -1.26000000e+00 -1.03981539e-04 -1.26000000e+00  7.40000000e-01 
-1.27000000e+00  5.80000000e-01 -1.27000000e+00 -1.11764938e-04 -1.27000000e+00  7.40000000e-01 
-1.28000000e+00  5.70000000e-01 -1.28000000e+00 -1.19690841e-04 -1.28000000e+00  7.40000000e-01 
-1.29000000e+00  5.60000000e-01 -1.29000000e+00 -1.27741158e-04 -1.29000000e+00  7.40000000e-01 
-1.30000000e+00  5.50000000e-01 -1.30000000e+00 -1.35899484e-04 -1.30000000e+00  7.40000000e-01 
-1.31000000e+00  5.40000000e-01 -1.31000000e+00 -1.44151036e-04 -1.31000000e+00  7.40000000e-01 
-1.32000000e+00  5.30000000e-01 -1.32000000e+00 -1.52482573e-04 -1.32000000e+00  7.40000000e-01 
-1.33000000e+00  5.20000000e-01 -1.33000000e+00 -1.60882276e-04 -1.33000000e+00  7.40000000e-01 
-1.34000000e+00  5.10000000e-01 -1.34000000e+00 -1.69339622e-04 -1.34000000e+00  7.40000000e-01 
-1.35000000e+00  5.00000000e-01 -1.35000000e+00 -1.77845255e-04 -1.35000000e+00  7.40000000e-01 
-1.36000000e+00  4.90000000e-01 -1.36000000e+00 -1.86390852e-04 -1.36000000e+00  7.40000000e-01 
-1.37000000e+00  4.80000000e-01 -1.37000000e+00 -1.94969008e-04 -1.37000000e+00  7.40000000e-01 
-1.38000000e+00  4.70000000e-01 -1.38000000e+00 -2.03573118e-04 -1.38000000e+00  7.40000000e-01 
-1.39000000e+00  4.60000000e-01 -1.39000000e+00 -2.12197272e-04 -1.39000000e+00  7.40000000e-01 
-1.40000000e+00  4.50000000e-01 -1.40000000e+00 -2.20836165e-04 -1.40000000e+00  7.40000000e-01 
-1.41000000e+00  4.40000000e-01 -1.41000000e+00 -2.29485013e-04 -1.41000000e+00  7.40000000e-01 
-1.42000000e+00  4.30000000e-01 -1.42000000e+00 -2.38139481e-04 -1.42000000e+00  7.40000000e-01 
-1.43000000e+00  4.20000000e-01 -1.43000000e+00 -2.46795618e-04 -1.43000000e+00  7.40000000e-01 
-1.44000000e+00  4.10000000e-01 -1.44000000e+00 -2.55449801e-04 -1.44000000e+00  7.40000000e-01 
-1.45000000e+00  4.00000000e-01 -1.45000000e+00 -2.64098687e-04 -1.45000000e+00  7.40000000e-01 
-1.46000000e+00  3.90000000e-01 -1.46000000e+00 -2.72739173e-04 -1.46000000e+00  7.40000000e-01 
-1.47000000e+00  3.80000000e-01 -1.47000000e+00 -2.81368360e-04 -1.47000000e+00  7.40000000e-01 
-1.48000000e+00  3.70000000e-01 -1.48000000e+00 -2.89983519e-04 -1.48000000e+00  7.40000000e-01 
-1.49000000e+00  3.60000000e-01 -1.49000000e+00 -2.98582069e-04 -1.49000000e+00  7.40000000e-01 
-1.50000000e+00  3.50000000e-01 -1.50000000e+00 -3.07161550e-04 -1.50000000e+00  7.40000000e-01 
-1.51000000e+00  3.40000000e-01 -1.51000000e+00 -3.15719606e-04 -1.51000000e+00  7.40000000e-01 
-1.52000000e+00  3.30000000e-01 -1.52000000e+00 -3.24253969e-04 -1.52000000e+00  7.40000000e-01 
-1.53000000e+00  3.20000000e-01 -1.53000000e+00 -3.32762445e-04 -1.53000000e+00  7.40000000e-01 
-1.54000000e+00  3.10000000e-01 -1.54000000e+00 -3.41242896e-04 -1.54000000e+00  7.40000000e-01 
-1.55000000e+00  3.00000000e-01 -1.55000000e+00 -3.49693238e-04 -1.55000000e+00  7.40000000e-01 
-1.56000000e+00  2.90000000e-01 -1.56000000e+00 -3.58111426e-04 -1.56000000e+00  7.40000000e-01 
-1.57000000e+00  2.80000000e-01 -1.57000000e+00 -3.66495452e-04 -1.57000000e+00  7.40000000e-01 
-1.58000000e+00  2.70000000e-01 -1.58000000e+00 -3.74843332e-04 -1.58000000e+00  7.40000000e-01 
-1.59000000e+00  2.60000000e-01 -1.59000000e+00 -3.83153106e-04 -1.59000000e+00  7.40000000e-01 
-1.60000000e+00  2.50000000e-01 -1.60000000e+00 -3.91422831e-04 -1.60000000e+00  7.40000000e-01 
-1.61000000e+00  2.40000000e-01 -1.61000000e+00 -3.99650580e-04 -1.61000000e+00  7.40000000e-01 
-1.62000000e+00  2.30000000e-01 -1.62000000e+00 -4.07834436e-04 -1.62000000e+00  7.40000000e-01 
-1.63000000e+00  2.20000000e-01 -1.63000000e+00 -4.15972493e-04 -1.63000000e+00  7.40000000e-01 
-1.64000000e+00  2.10000000e-01 -1.64000000e+00 -4.24062852e-04 -1.64000000e+00  7.40000000e-01 
-1.65000000e+00  2.00000000e-01 -1.65000000e+00 -4.32103622e-04 -1.65000000e+00  7.40000000e-01 
-1.66000000e+00  1.90000000e-01 -1.66000000e+00 -4.40092920e-04 -1.66000000e+00  7.40000000e-01 
-1.67000000e+00  1.80000000e-01 -1.67000000e+00 -4.48028870e-04 -1.67000000e+00  7.40000000e-01 
-1.68000000e+00  1.70000000e-01 -1.68000000e+00 -4.55909602e-04 -1.68000000e+00  7.40000000e-01 
-1.69000000e+00  1.60000000e-01 -1.69000000e+00 -4.63733259e-04 -1.69000000e+00  7.40000000e-01 
-1.70000000e+00  1.50000000e-01 -1.70000000e+00 -4.71497993e-04 -1.70000000e+00  7.40000000e-01 
-1.71000000e+00  1.40000000e-01 -1.71000000e+00 -4.79201969e-04 -1.71000000e+00  7.40000000e-01 
-1.72000000e+00  1.30000000e-01 -1.72000000e+00 -4.86843369e-04 -1.72000000e+00  7.40000000e-01 
-1.73000000e+00  1.20000000e-01 -1.73000000e+00 -4.94420392e-04 -1.73000000e+00  7.40000000e-01 
-1.74000000e+00  1.10000000e-01 -1.74000000e+00 -5.01931260e-04 -1.74000000e+00  7.40000000e-01 
-1.75000000e+00  1.00000000e-01 -1.75000000e+00 -5.09374221e-04 -1.75000000e+00  7.40000000e-01 
-1.76000000e+00  9.00000000e-02 -1.76000000e+00 -5.16747551e-04 -1.76000000e+00  7.40000000e-01 
-1.77000000e+00  8.00000000e-02 -1.77000000e+00 -5.24049561e-04 -1.77000000e+00  7.40000000e-01 
-1.78000000e+00  7.00000000e-02 -1.78000000e+00 -5.31278598e-04 -1.78000000e+00  7.40000000e-01 
-1.79000000e+00  6.00000000e-02 -1.79000000e+00 -5.38433053e-04 -1.79000000e+00  7.40000000e-01 
-1.80000000e+00  5.00000000e-02 -1.80000000e+00 -5.45511364e-04 -1.80000000e+00  7.40000000e-01 
-1.81000000e+00  4.00000000e-02 -1.81000000e+00 -5.52512020e-04 -1.81000000e+00  7.40000000e-01 
-1.82000000e+00  3.00000000e-02 -1.82000000e+00 -5.59433569e-04 -1.82000000e+00  7.40000000e-01 
-1.83000000e+00  2.00000000e-02 -1.83000000e+00 -5.66274618e-04 -1.83000000e+00  7.40000000e-01 
-1.84000000e+00  1.00000000e-02 -1.84000000e+00 -5.73033843e-04 -1.84000000e+00  7.40000000e-01 
-1.85000000e+00 -1.33226763e-15 -1.85000000e+00 -5.79709988e-04 -1.85000000e+00  7.40000000e-01 
