 0.00000000e+00  1.85000000e+00  0.00000000e+00 -1.86058456e-21  0.00000000e+00  3.70000000e-01 
-1.00000000e-02  1.84000000e+00 -1.00000000e-02 -2.63198122e-21 -1.00000000e-02  3.70000000e-01 
-2.00000000e-02  1.83000000e+00 -2.00000000e-02 -3.72319795e-21 -2.00000000e-02  3.70000000e-01 
-3.00000000e-02  1.82000000e+00 -3.00000000e-02 -5.26683206e-21 -3.00000000e-02  3.70000000e-01 
-4.00000000e-02  1.81000000e+00 -4.00000000e-02 -7.45045526e-21 -4.00000000e-02  3.70000000e-01 
-5.00000000e-02  1.80000000e+00 -5.00000000e-02 -1.05394066e-20 -5.00000000e-02  3.70000000e-01 
-6.00000000e-02  1.79000000e+00 -6.00000000e-02 -1.49090340e-20 -6.00000000e-02  3.70000000e-01 
-7.00000000e-02  1.78000000e+00 -7.00000000e-02 -2.10903042e-20 -7.00000000e-02  3.70000000e-01 
-8.00000000e-02  1.77000000e+00 -8.00000000e-02 -2.98343227e-20 -8.00000000e-02  3.70000000e-01 
-9.00000000e-02  1.76000000e+00 -9.00000000e-02 -4.22036026e-20 -9.00000000e-02  3.70000000e-01 
-1.00000000e-01  1.75000000e+00 -1.00000000e-01 -5.97011722e-20 -1.00000000e-01  3.70000000e-01 
-1.10000000e-01  1.74000000e+00 -1.10000000e-01 -8.44532165e-20 -1.10000000e-01  3.70000000e-01 
-1.20000000e-01  1.73000000e+00 -1.20000000e-01 -1.19467431e-19 -1.20000000e-01  3.70000000e-01 
-1.30000000e-01  1.72000000e+00 -1.30000000e-01 -1.68998501e-19 -1.30000000e-01  3.70000000e-01 
-1.40000000e-01  1.71000000e+00 -1.40000000e-01 -2.39065100e-19 -1.40000000e-01  3.70000000e-01 
-1.50000000e-01  1.70000000e+00 -1.50000000e-01 -3.38181231e-19 -1.50000000e-01  3.70000000e-01 
-1.60000000e-01  1.69000000e+00 -1.60000000e-01 -4.78390797e-19 -1.60000000e-01  3.70000000e-01 
-1.70000000e-01  1.68000000e+00 -1.70000000e-01 -6.76731081e-19 -1.70000000e-01  3.70000000e-01 
-1.80000000e-01  1.67000000e+00 -1.80000000e-01 -9.57303012e-19 -1.80000000e-01  3.70000000e-01 
-1.90000000e-01  1.66000000e+00 -1.90000000e-01 -1.35419971e-18 -1.90000000e-01  3.70000000e-01 
-2.00000000e-01  1.65000000e+00 -2.00000000e-01 -1.91564926e-18 -2.00000000e-01  3.70000000e-01 
-2.10000000e-01  1.64000000e+00 -2.10000000e-01 -2.70987504e-18 -2.10000000e-01  3.70000000e-01 
-2.20000000e-01  1.63000000e+00 -2.20000000e-01 -3.83338568e-18 -2.20000000e-01  3.70000000e-01 
-2.30000000e-01  1.62000000e+00 -2.30000000e-01 -5.42270213e-18 -2.30000000e-01  3.70000000e-01 
-2.40000000e-01  1.61000000e+00 -2.40000000e-01 -7.67094663e-18 -2.40000000e-01  3.70000000e-01 
-2.50000000e-01  1.60000000e+00 -2.50000000e-01 -1.08513094e-17 -2.50000000e-01  3.70000000e-01 
-2.60000000e-01  1.59000000e+00 -2.60000000e-01 -1.53502446e-17 -2.60000000e-01  3.70000000e-01 
-2.70000000e-01  1.58000000e+00 -2.70000000e-01 -2.17144292e-17 -2.70000000e-01  3.70000000e-01 
-2.80000000e-01  1.57000000e+00 -2.80000000e-01 -3.07171906e-17 -2.80000000e-01  3.70000000e-01 
-2.90000000e-01  1.56000000e+00 -2.90000000e-01 -4.34524745e-17 -2.90000000e-01  3.70000000e-01 
-3.00000000e-01  1.55000000e+00 -3.00000000e-01 -6.14677721e-17 -3.00000000e-01  3.70000000e-01 
-3.10000000e-01  1.54000000e+00 -3.10000000e-01 -8.69521566e-17 -3.10000000e-01  3.70000000e-01 
-3.20000000e-01  1.53000000e+00 -3.20000000e-01 -1.23002278e-16 -3.20000000e-01  3.70000000e-01 
-3.30000000e-01  1.52000000e+00 -3.30000000e-01 -1.73998638e-16 -3.30000000e-01  3.70000000e-01 
-3.40000000e-01  1.51000000e+00 -3.40000000e-01 -2.46137858e-16 -3.40000000e-01  3.70000000e-01 
-3.50000000e-01  1.50000000e+00 -3.50000000e-01 -3.48185625e-16 -3.50000000e-01  3.70000000e-01 
-3.60000000e-01  1.49000000e+00 -3.60000000e-01 -4.92541787e-16 -3.60000000e-01  3.70000000e-01 
-3.70000000e-01  1.48000000e+00 -3.70000000e-01 -6.96747016e-16 -3.70000000e-01  3.70000000e-01 
-3.80000000e-01  1.47000000e+00 -3.80000000e-01 -9.85614092e-16 -3.80000000e-01  3.70000000e-01 
-3.90000000e-01  1.46000000e+00 -3.90000000e-01 -1.39424275e-15 -3.90000000e-01  3.70000000e-01 
-4.00000000e-01  1.45000000e+00 -4.00000000e-01 -1.97228437e-15 -4.00000000e-01  3.70000000e-01 
-4.10000000e-01  1.44000000e+00 -4.10000000e-01 -2.78997463e-15 -4.10000000e-01  3.70000000e-01 
-4.20000000e-01  1.43000000e+00 -4.20000000e-01 -3.94666693e-15 -4.20000000e-01  3.70000000e-01 
-4.30000000e-01  1.42000000e+00 -4.30000000e-01 -5.58290331e-15 -4.30000000e-01  3.70000000e-01 
-4.40000000e-01  1.41000000e+00 -4.40000000e-01 -7.89748906e-15 -4.40000000e-01  3.70000000e-01 
-4.50000000e-01  1.40000000e+00 -4.50000000e-01 -1.11716449e-14 -4.50000000e-01  3.70000000e-01 
-4.60000000e-01  1.39000000e+00 -4.60000000e-01 -1.58031701e-14 -4.60000000e-01  3.70000000e-01 
-4.70000000e-01  1.38000000e+00 -4.70000000e-01 -2.23547656e-14 -4.70000000e-01  3.70000000e-01 
-4.80000000e-01  1.37000000e+00 -4.80000000e-01 -3.16223848e-14 -4.80000000e-01  3.70000000e-01 
-4.90000000e-01  1.36000000e+00 -4.90000000e-01 -4.47319099e-14 -4.90000000e-01  3.70000000e-01 
-5.00000000e-01  1.35000000e+00 -5.00000000e-01 -6.32758912e-14 -5.00000000e-01  3.70000000e-01 
-5.10000000e-01  1.34000000e+00 -5.10000000e-01 -8.95069440e-14 -5.10000000e-01  3.70000000e-01 
-5.20000000e-01  1.33000000e+00 -5.20000000e-01 -1.26611271e-13 -5.20000000e-01  3.70000000e-01 
-5.30000000e-01  1.32000000e+00 -5.30000000e-01 -1.79095493e-13 -5.30000000e-01  3.70000000e-01 
-5.40000000e-01  1.31000000e+00 -5.40000000e-01 -2.53333694e-13 -5.40000000e-01  3.70000000e-01 
-5.50000000e-01  1.30000000e+00 -5.50000000e-01 -3.58341010e-13 -5.50000000e-01  3.70000000e-01 
-5.60000000e-01  1.29000000e+00 -5.60000000e-01 -5.06867484e-13 -5.60000000e-01  3.70000000e-01 
-5.70000000e-01  1.28000000e+00 -5.70000000e-01 -7.16944676e-13 -5.70000000e-01  3.70000000e-01 
-5.80000000e-01  1.27000000e+00 -5.80000000e-01 -1.01407221e-12 -5.80000000e-01  3.70000000e-01 
-5.90000000e-01  1.26000000e+00 -5.90000000e-01 -1.43430872e-12 -5.90000000e-01  3.70000000e-01 
-6.00000000e-01  1.25000000e+00 -6.00000000e-01 -2.02864064e-12 -6.00000000e-01  3.70000000e-01 
-6.10000000e-01  1.24000000e+00 -6.10000000e-01 -2.86915623e-12 -6.10000000e-01  3.70000000e-01 
-6.20000000e-01  1.23000000e+00 -6.20000000e-01 -4.05776914e-12 -6.20000000e-01  3.70000000e-01 
-6.30000000e-01  1.22000000e+00 -6.30000000e-01 -5.73854147e-12 -6.30000000e-01  3.70000000e-01 
-6.40000000e-01  1.21000000e+00 -6.40000000e-01 -8.11508644e-12 -6.40000000e-01  3.70000000e-01 
-6.50000000e-01  1.20000000e+00 -6.50000000e-01 -1.14751388e-11 -6.50000000e-01  3.70000000e-01 
-6.60000000e-01  1.19000000e+00 -6.60000000e-01 -1.62252302e-11 -6.60000000e-01  3.70000000e-01 
-6.70000000e-01  1.18000000e+00 -6.70000000e-01 -2.29396044e-11 -6.70000000e-01  3.70000000e-01 
-6.80000000e-01  1.17000000e+00 -6.80000000e-01 -3.24291826e-11 -6.80000000e-01  3.70000000e-01 
-6.90000000e-01  1.16000000e+00 -6.90000000e-01 -4.58387395e-11 -6.90000000e-01  3.70000000e-01 
-7.00000000e-01  1.15000000e+00 -7.00000000e-01 -6.47837239e-11 -7.00000000e-01  3.70000000e-01 
-7.10000000e-01  1.14000000e+00 -7.10000000e-01 -9.15427311e-11 -7.10000000e-01  3.70000000e-01 
-7.20000000e-01  1.13000000e+00 -7.20000000e-01 -1.29327977e-10 -7.20000000e-01  3.70000000e-01 
-7.30000000e-01  1.12000000e+00 -7.30000000e-01 -1.82664909e-10 -7.30000000e-01  3.70000000e-01 
-7.40000000e-01  1.11000000e+00 -7.40000000e-01 -2.57924214e-10 -7.40000000e-01  3.70000000e-01 
-7.50000000e-01  1.10000000e+00 -7.50000000e-01 -3.64066071e-10 -7.50000000e-01  3.70000000e-01 
-7.60000000e-01  1.09000000e+00 -7.60000000e-01 -5.13679187e-10 -7.60000000e-01  3.70000000e-01 
-7.70000000e-01  1.08000000e+00 -7.70000000e-01 -7.24427756e-10 -7.70000000e-01  3.70000000e-01 
-7.80000000e-01  1.07000000e+00 -7.80000000e-01 -1.02106063e-09 -7.80000000e-01  3.70000000e-01 
-7.90000000e-01  1.06000000e+00 -7.90000000e-01 -1.43819143e-09 -7.90000000e-01  3.70000000e-01 
-8.00000000e-01  1.05000000e+00 -8.00000000e-01 -2.02412972e-09 -8.00000000e-01  3.70000000e-01 
-8.10000000e-01  1.04000000e+00 -8.10000000e-01 -2.84613493e-09 -8.10000000e-01  3.70000000e-01 
-8.20000000e-01  1.03000000e+00 -8.20000000e-01 -3.99758021e-09 -8.20000000e-01  3.70000000e-01 
-8.30000000e-01  1.02000000e+00 -8.30000000e-01 -5.60765459e-09 -8.30000000e-01  3.70000000e-01 
-8.40000000e-01  1.01000000e+00 -8.40000000e-01 -7.85439849e-09 -8.40000000e-01  3.70000000e-01 
-8.50000000e-01  1.00000000e+00 -8.50000000e-01 -1.09820543e-08 -8.50000000e-01  3.70000000e-01 
-8.60000000e-01  9.90000000e-01 -8.60000000e-01 -1.53239079e-08 -8.60000000e-01  3.70000000e-01 
-8.70000000e-01  9.80000000e-01 -8.70000000e-01 -2.13319741e-08 -8.70000000e-01  3.70000000e-01 
-8.80000000e-01  9.70000000e-01 -8.80000000e-01 -2.96150021e-08 -8.80000000e-01  3.70000000e-01 
-8.90000000e-01  9.60000000e-01 -8.90000000e-01 -4.09862912e-08 -8.90000000e-01  3.70000000e-01 
-9.00000000e-01  9.50000000e-01 -9.00000000e-01 -5.65226476e-08 -9.00000000e-01  3.70000000e-01 
-9.10000000e-01  9.40000000e-01 -9.10000000e-01 -7.76354134e-08 -9.10000000e-01  3.70000000e-01 
-9.20000000e-01  9.30000000e-01 -9.20000000e-01 -1.06153806e-07 -9.20000000e-01  3.70000000e-01 
-9.30000000e-01  9.20000000e-01 -9.30000000e-01 -1.44419829e-07 -9.30000000e-01  3.70000000e-01 
-9.40000000e-01  9.10000000e-01 -9.40000000e-01 -1.95392845e-07 -9.40000000e-01  3.70000000e-01 
-9.50000000e-01  9.00000000e-01 -9.50000000e-01 -2.62760722e-07 -9.50000000e-01  3.70000000e-01 
-9.60000000e-01  8.90000000e-01 -9.60000000e-01 -3.51053635e-07 -9.60000000e-01  3.70000000e-01 
-9.70000000e-01  8.80000000e-01 -9.70000000e-01 -4.65756374e-07 -9.70000000e-01  3.70000000e-01 
-9.80000000e-01  8.70000000e-01 -9.80000000e-01 -6.13415758e-07 -9.80000000e-01  3.70000000e-01 
-9.90000000e-01  8.60000000e-01 -9.90000000e-01 -8.01741270e-07 -9.90000000e-01  3.70000000e-01 
-1.00000000e+00  8.50000000e-01 -1.00000000e+00 -1.03969899e-06 -1.00000000e+00  3.70000000e-01 
-1.01000000e+00  8.40000000e-01 -1.01000000e+00 -1.33760037e-06 -1.01000000e+00  3.70000000e-01 
-1.02000000e+00  8.30000000e-01 -1.02000000e+00 -1.70718725e-06 -1.02000000e+00  3.70000000e-01 
-1.03000000e+00  8.20000000e-01 -1.03000000e+00 -2.16171173e-06 -1.03000000e+00  3.70000000e-01 
-1.04000000e+00  8.10000000e-01 -1.04000000e+00 -2.71600403e-06 -1.04000000e+00  3.70000000e-01 
-1.05000000e+00  8.00000000e-01 -1.05000000e+00 -3.38651314e-06 -1.05000000e+00  3.70000000e-01 
-1.06000000e+00  7.90000000e-01 -1.06000000e+00 -4.19129619e-06 -1.06000000e+00  3.70000000e-01 
-1.07000000e+00  7.80000000e-01 -1.07000000e+00 -5.14992468e-06 -1.07000000e+00  3.70000000e-01 
-1.08000000e+00  7.70000000e-01 -1.08000000e+00 -6.28327201e-06 -1.08000000e+00  3.70000000e-01 
-1.09000000e+00  7.60000000e-01 -1.09000000e+00 -7.61314980e-06 -1.09000000e+00  3.70000000e-01 
-1.10000000e+00  7.50000000e-01 -1.10000000e+00 -9.16177260e-06 -1.10000000e+00  3.70000000e-01 
-1.11000000e+00  7.40000000e-01 -1.11000000e+00 -1.09510514e-05 -1.11000000e+00  3.70000000e-01 
-1.12000000e+00  7.30000000e-01 -1.12000000e+00 -1.30017441e-05 -1.12000000e+00  3.70000000e-01 
-1.13000000e+00  7.20000000e-01 -1.13000000e+00 -1.53325227e-05 -1.13000000e+00  3.70000000e-01 
-1.14000000e+00  7.10000000e-01 -1.14000000e+00 -1.79590408e-05 -1.14000000e+00  3.70000000e-01 
-1.15000000e+00  7.00000000e-01 -1.15000000e+00 -2.08930989e-05 -1.15000000e+00  3.70000000e-01 
-1.16000000e+00  6.90000000e-01 -1.16000000e+00 -2.41420039e-05 -1.16000000e+00  3.70000000e-01 
-1.17000000e+00  6.80000000e-01 -1.17000000e+00 -2.77081910e-05 -1.17000000e+00  3.70000000e-01 
-1.18000000e+00  6.70000000e-01 -1.18000000e+00 -3.15891489e-05 -1.18000000e+00  3.70000000e-01 
-1.19000000e+00  6.60000000e-01 -1.19000000e+00 -3.57776388e-05 -1.19000000e+00  3.70000000e-01 
-1.20000000e+00  6.50000000e-01 -1.20000000e+00 -4.02621686e-05 -1.20000000e+00  3.70000000e-01 
-1.21000000e+00  6.40000000e-01 -1.21000000e+00 -4.50276516e-05 -1.21000000e+00  3.70000000e-01 
-1.22000000e+00  6.30000000e-01 -1.22000000e+00 -5.00561710e-05 -1.22000000e+00  3.70000000e-01 
-1.23000000e+00  6.20000000e-01 -1.23000000e+00 -5.53277718e-05 -1.23000000e+00  3.70000000e-01 
-1.24000000e+00  6.10000000e-01 -1.24000000e+00 -6.08212164e-05 -1.24000000e+00  3.70000000e-01 
-1.25000000e+00  6.00000000e-01 -1.25000000e+00 -6.65146579e-05 -1.25000000e+00  3.70000000e-01 
-1.26000000e+00  5.90000000e-01 -1.26000000e+00 -7.23862032e-05 -1.26000000e+00  3.70000000e-01 
-1.27000000e+00  5.80000000e-01 -1.27000000e+00 -7.84143578e-05 -1.27000000e+00  3.70000000e-01 
-1.28000000e+00  5.70000000e-01 -1.28000000e+00 -8.45783542e-05 -1.28000000e+00  3.70000000e-01 
-1.29000000e+00  5.60000000e-01 -1.29000000e+00 -9.08583761e-05 -1.29000000e+00  3.70000000e-01 
-1.30000000e+00  5.50000000e-01 -1.30000000e+00 -9.72356949e-05 -1.30000000e+00  3.70000000e-01 
-1.31000000e+00  5.40000000e-01 -1.31000000e+00 -1.03692736e-04 -1.31000000e+00  3.70000000e-01 
-1.32000000e+00  5.30000000e-01 -1.32000000e+00 -1.10213092e-04 -1.32000000e+00  3.70000000e-01 
-1.33000000e+00  5.20000000e-01 -1.33000000e+00 -1.16781498e-04 -1.33000000e+00  3.70000000e-01 
-1.34000000e+00  5.10000000e-01 -1.34000000e+00 -1.23383783e-04 -1.34000000e+00  3.70000000e-01 
-1.35000000e+00  5.00000000e-01 -1.35000000e+00 -1.30006807e-04 -1.35000000e+00  3.70000000e-01 
-1.36000000e+00  4.90000000e-01 -1.36000000e+00 -1.36638385e-04 -1.36000000e+00  3.70000000e-01 
-1.37000000e+00  4.80000000e-01 -1.37000000e+00 -1.43267222e-04 -1.37000000e+00  3.70000000e-01 
-1.38000000e+00  4.70000000e-01 -1.38000000e+00 -1.49882840e-04 -1.38000000e+00  3.70000000e-01 
-1.39000000e+00  4.60000000e-01 -1.39000000e+00 -1.56475512e-04 -1.39000000e+00  3.70000000e-01 
-1.40000000e+00  4.50000000e-01 -1.40000000e+00 -1.63036209e-04 -1.40000000e+00  3.70000000e-01 
-1.41000000e+00  4.40000000e-01 -1.41000000e+00 -1.69556548e-04 -1.41000000e+00  3.70000000e-01 
-1.42000000e+00  4.30000000e-01 -1.42000000e+00 -1.76028748e-04 -1.42000000e+00  3.70000000e-01 
-1.43000000e+00  4.20000000e-01 -1.43000000e+00 -1.82445597e-04 -1.43000000e+00  3.70000000e-01 
-1.44000000e+00  4.10000000e-01 -1.44000000e+00 -1.88800420e-04 -1.44000000e+00  3.70000000e-01 
-1.45000000e+00  4.00000000e-01 -1.45000000e+00 -1.95087057e-04 -1.45000000e+00  3.70000000e-01 
-1.46000000e+00  3.90000000e-01 -1.46000000e+00 -2.01299844e-04 -1.46000000e+00  3.70000000e-01 
-1.47000000e+00  3.80000000e-01 -1.47000000e+00 -2.07433594e-04 -1.47000000e+00  3.70000000e-01 
-1.48000000e+00  3.70000000e-01 -1.48000000e+00 -2.13483588e-04 -1.48000000e+00  3.70000000e-01 
-1.49000000e+00  3.60000000e-01 -1.49000000e+00 -2.19445562e-04 -1.49000000e+00  3.70000000e-01 
-1.50000000e+00  3.50000000e-01 -1.50000000e+00 -2.25315694e-04 -1.50000000e+00  3.70000000e-01 
-1.51000000e+00  3.40000000e-01 -1.51000000e+00 -2.31090600e-04 -1.51000000e+00  3.70000000e-01 
-1.52000000e+00  3.30000000e-01 -1.52000000e+00 -2.36767317e-04 -1.52000000e+00  3.70000000e-01 
-1.53000000e+00  3.20000000e-01 -1.53000000e+00 -2.42343298e-04 -1.53000000e+00  3.70000000e-01 
-1.54000000e+00  3.10000000e-01 -1.54000000e+00 -2.47816394e-04 -1.54000000e+00  3.70000000e-01 
-1.55000000e+00  3.00000000e-01 -1.55000000e+00 -2.53184846e-04 -1.55000000e+00  3.70000000e-01 
-1.56000000e+00  2.90000000e-01 -1.56000000e+00 -2.58447266e-04 -1.56000000e+00  3.70000000e-01 
-1.57000000e+00  2.80000000e-01 -1.57000000e+00 -2.63602624e-04 -1.57000000e+00  3.70000000e-01 
-1.58000000e+00  2.70000000e-01 -1.58000000e+00 -2.68650229e-04 -1.58000000e+00  3.70000000e-01 
-1.59000000e+00  2.60000000e-01 -1.59000000e+00 -2.73589709e-04 -1.59000000e+00  3.70000000e-01 
-1.60000000e+00  2.50000000e-01 -1.60000000e+00 -2.78420993e-04 -1.60000000e+00  3.70000000e-01 
-1.61000000e+00  2.40000000e-01 -1.61000000e+00 -2.83144292e-04 -1.61000000e+00  3.70000000e-01 
-1.62000000e+00  2.30000000e-01 -1.62000000e+00 -2.87760073e-04 -1.62000000e+00  3.70000000e-01 
-1.63000000e+00  2.20000000e-01 -1.63000000e+00 -2.92269042e-04 -1.63000000e+00  3.70000000e-01 
-1.64000000e+00  2.10000000e-01 -1.64000000e+00 -2.96672122e-04 -1.64000000e+00  3.70000000e-01 
-1.65000000e+00  2.00000000e-01 -1.65000000e+00 -3.00970428e-04 -1.65000000e+00  3.70000000e-01 
-1.66000000e+00  1.90000000e-01 -1.66000000e+00 -3.05165253e-04 -1.66000000e+00  3.70000000e-01 
-1.67000000e+00  1.80000000e-01 -1.67000000e+00 -3.09258041e-04 -1.67000000e+00  3.70000000e-01 
-1.68000000e+00  1.70000000e-01 -1.68000000e+00 -3.13250371e-04 -1.68000000e+00  3.70000000e-01 
-1.69000000e+00  1.60000000e-01 -1.69000000e+00 -3.17143938e-04 -1.69000000e+00  3.70000000e-01 
-1.70000000e+00  1.50000000e-01 -1.70000000e+00 -3.20940537e-04 -1.70000000e+00  3.70000000e-01 
-1.71000000e+00  1.40000000e-01 -1.71000000e+00 -3.24642044e-04 -1.71000000e+00  3.70000000e-01 
-1.72000000e+00  1.30000000e-01 -1.72000000e+00 -3.28250401e-04 -1.72000000e+00  3.70000000e-01 
-1.73000000e+00  1.20000000e-01 -1.73000000e+00 -3.31767604e-04 -1.73000000e+00  3.70000000e-01 
-1.74000000e+00  1.10000000e-01 -1.74000000e+00 -3.35195687e-04 -1.74000000e+00  3.70000000e-01 
-1.75000000e+00  1.00000000e-01 -1.75000000e+00 -3.38536715e-04 -1.75000000e+00  3.70000000e-01 
-1.76000000e+00  9.00000000e-02 -1.76000000e+00 -3.41792769e-04 -1.76000000e+00  3.70000000e-01 
-1.77000000e+00  8.00000000e-02 -1.77000000e+00 -3.44965936e-04 -1.77000000e+00  3.70000000e-01 
-1.78000000e+00  7.00000000e-02 -1.78000000e+00 -3.48058305e-04 -1.78000000e+00  3.70000000e-01 
-1.79000000e+00  6.00000000e-02 -1.79000000e+00 -3.51071955e-04 -1.79000000e+00  3.70000000e-01 
-1.80000000e+00  5.00000000e-02 -1.80000000e+00 -3.54008952e-04 -1.80000000e+00  3.70000000e-01 
-1.81000000e+00  4.00000000e-02 -1.81000000e+00 -3.56871341e-04 -1.81000000e+00  3.70000000e-01 
-1.82000000e+00  3.00000000e-02 -1.82000000e+00 -3.59661139e-04 -1.82000000e+00  3.70000000e-01 
-1.83000000e+00  2.00000000e-02 -1.83000000e+00 -3.62380335e-04 -1.83000000e+00  3.70000000e-01 
-1.84000000e+00  1.00000000e-02 -1.84000000e+00 -3.65030887e-04 -1.84000000e+00  3.70000000e-01 
-1.85000000e+00 -1.33226763e-15 -1.85000000e+00 -3.67614712e-04 -1.85000000e+00  3.70000000e-01 
