 0.00000000e+00  1.85000000e+00  0.00000000e+00 -6.74662352e-21  0.00000000e+00  1.45000000e+00 
-1.00000000e-02  1.84000000e+00 -1.00000000e-02 -9.54376692e-21 -1.00000000e-02  1.45000000e+00 
-2.00000000e-02  1.83000000e+00 -2.00000000e-02 -1.35006038e-20 -2.00000000e-02  1.45000000e+00 
-3.00000000e-02  1.82000000e+00 -3.00000000e-02 -1.90979403e-20 -3.00000000e-02  1.45000000e+00 
-4.00000000e-02  1.81000000e+00 -4.00000000e-02 -2.70159274e-20 -4.00000000e-02  1.45000000e+00 
-5.00000000e-02  1.80000000e+00 -5.00000000e-02 -3.82167025e-20 -5.00000000e-02  1.45000000e+00 
-6.00000000e-02  1.79000000e+00 -6.00000000e-02 -5.40613100e-20 -6.00000000e-02  1.45000000e+00 
-7.00000000e-02  1.78000000e+00 -7.00000000e-02 -7.64750727e-20 -7.00000000e-02  1.45000000e+00 
-8.00000000e-02  1.77000000e+00 -8.00000000e-02 -1.08181561e-19 -8.00000000e-02  1.45000000e+00 
-9.00000000e-02  1.76000000e+00 -9.00000000e-02 -1.53033525e-19 -9.00000000e-02  1.45000000e+00 
-1.00000000e-01  1.75000000e+00 -1.00000000e-01 -2.16481067e-19 -1.00000000e-01  1.45000000e+00 
-1.10000000e-01  1.74000000e+00 -1.10000000e-01 -3.06233893e-19 -1.10000000e-01  1.45000000e+00 
-1.20000000e-01  1.73000000e+00 -1.20000000e-01 -4.33198143e-19 -1.20000000e-01  1.45000000e+00 
-1.30000000e-01  1.72000000e+00 -1.30000000e-01 -6.12801635e-19 -1.30000000e-01  1.45000000e+00 
-1.40000000e-01  1.71000000e+00 -1.40000000e-01 -8.66868535e-19 -1.40000000e-01  1.45000000e+00 
-1.50000000e-01  1.70000000e+00 -1.50000000e-01 -1.22627129e-18 -1.50000000e-01  1.45000000e+00 
-1.60000000e-01  1.69000000e+00 -1.60000000e-01 -1.73468202e-18 -1.60000000e-01  1.45000000e+00 
-1.70000000e-01  1.68000000e+00 -1.70000000e-01 -2.45387923e-18 -1.70000000e-01  1.45000000e+00 
-1.80000000e-01  1.67000000e+00 -1.80000000e-01 -3.47125473e-18 -1.80000000e-01  1.45000000e+00 
-1.90000000e-01  1.66000000e+00 -1.90000000e-01 -4.91043284e-18 -1.90000000e-01  1.45000000e+00 
-2.00000000e-01  1.65000000e+00 -2.00000000e-01 -6.94629232e-18 -2.00000000e-01  1.45000000e+00 
-2.10000000e-01  1.64000000e+00 -2.10000000e-01 -9.82621639e-18 -2.10000000e-01  1.45000000e+00 
-2.20000000e-01  1.63000000e+00 -2.20000000e-01 -1.39001528e-17 -2.20000000e-01  1.45000000e+00 
-2.30000000e-01  1.62000000e+00 -2.30000000e-01 -1.96631371e-17 -2.30000000e-01  1.45000000e+00 
-2.40000000e-01  1.61000000e+00 -2.40000000e-01 -2.78154455e-17 -2.40000000e-01  1.45000000e+00 
-2.50000000e-01  1.60000000e+00 -2.50000000e-01 -3.93476867e-17 -2.50000000e-01  1.45000000e+00 
-2.60000000e-01  1.59000000e+00 -2.60000000e-01 -5.56611737e-17 -2.60000000e-01  1.45000000e+00 
-2.70000000e-01  1.58000000e+00 -2.70000000e-01 -7.87381990e-17 -2.70000000e-01  1.45000000e+00 
-2.80000000e-01  1.57000000e+00 -2.80000000e-01 -1.11382907e-16 -2.80000000e-01  1.45000000e+00 
-2.90000000e-01  1.56000000e+00 -2.90000000e-01 -1.57562031e-16 -2.90000000e-01  1.45000000e+00 
-3.00000000e-01  1.55000000e+00 -3.00000000e-01 -2.22886893e-16 -3.00000000e-01  1.45000000e+00 
-3.10000000e-01  1.54000000e+00 -3.10000000e-01 -3.15295241e-16 -3.10000000e-01  1.45000000e+00 
-3.20000000e-01  1.53000000e+00 -3.20000000e-01 -4.46015768e-16 -3.20000000e-01  1.45000000e+00 
-3.30000000e-01  1.52000000e+00 -3.30000000e-01 -6.30932509e-16 -3.30000000e-01  1.45000000e+00 
-3.40000000e-01  1.51000000e+00 -3.40000000e-01 -8.92514897e-16 -3.40000000e-01  1.45000000e+00 
-3.50000000e-01  1.50000000e+00 -3.50000000e-01 -1.26254799e-15 -3.50000000e-01  1.45000000e+00 
-3.60000000e-01  1.49000000e+00 -3.60000000e-01 -1.78599459e-15 -3.60000000e-01  1.45000000e+00 
-3.70000000e-01  1.48000000e+00 -3.70000000e-01 -2.52645853e-15 -3.70000000e-01  1.45000000e+00 
-3.80000000e-01  1.47000000e+00 -3.80000000e-01 -3.57391287e-15 -3.80000000e-01  1.45000000e+00 
-3.90000000e-01  1.46000000e+00 -3.90000000e-01 -5.05563196e-15 -3.90000000e-01  1.45000000e+00 
-4.00000000e-01  1.45000000e+00 -4.00000000e-01 -7.15165555e-15 -4.00000000e-01  1.45000000e+00 
-4.10000000e-01  1.44000000e+00 -4.10000000e-01 -1.01166636e-14 -4.10000000e-01  1.45000000e+00 
-4.20000000e-01  1.43000000e+00 -4.20000000e-01 -1.43109192e-14 -4.20000000e-01  1.45000000e+00 
-4.30000000e-01  1.42000000e+00 -4.30000000e-01 -2.02440388e-14 -4.30000000e-01  1.45000000e+00 
-4.40000000e-01  1.41000000e+00 -4.40000000e-01 -2.86369055e-14 -4.40000000e-01  1.45000000e+00 
-4.50000000e-01  1.40000000e+00 -4.50000000e-01 -4.05092473e-14 -4.50000000e-01  1.45000000e+00 
-4.60000000e-01  1.39000000e+00 -4.60000000e-01 -5.73035154e-14 -4.60000000e-01  1.45000000e+00 
-4.70000000e-01  1.38000000e+00 -4.70000000e-01 -8.10601068e-14 -4.70000000e-01  1.45000000e+00 
-4.80000000e-01  1.37000000e+00 -4.80000000e-01 -1.14665209e-13 -4.80000000e-01  1.45000000e+00 
-4.90000000e-01  1.36000000e+00 -4.90000000e-01 -1.62201359e-13 -4.90000000e-01  1.45000000e+00 
-5.00000000e-01  1.35000000e+00 -5.00000000e-01 -2.29443267e-13 -5.00000000e-01  1.45000000e+00 
-5.10000000e-01  1.34000000e+00 -5.10000000e-01 -3.24559088e-13 -5.10000000e-01  1.45000000e+00 
-5.20000000e-01  1.33000000e+00 -5.20000000e-01 -4.59102240e-13 -5.20000000e-01  1.45000000e+00 
-5.30000000e-01  1.32000000e+00 -5.30000000e-01 -6.49414073e-13 -5.30000000e-01  1.45000000e+00 
-5.40000000e-01  1.31000000e+00 -5.40000000e-01 -9.18607510e-13 -5.40000000e-01  1.45000000e+00 
-5.50000000e-01  1.30000000e+00 -5.50000000e-01 -1.29937212e-12 -5.50000000e-01  1.45000000e+00 
-5.60000000e-01  1.29000000e+00 -5.60000000e-01 -1.83794054e-12 -5.60000000e-01  1.45000000e+00 
-5.70000000e-01  1.28000000e+00 -5.70000000e-01 -2.59969659e-12 -5.70000000e-01  1.45000000e+00 
-5.80000000e-01  1.27000000e+00 -5.80000000e-01 -3.67710385e-12 -5.80000000e-01  1.45000000e+00 
-5.90000000e-01  1.26000000e+00 -5.90000000e-01 -5.20091363e-12 -5.90000000e-01  1.45000000e+00 
-6.00000000e-01  1.25000000e+00 -6.00000000e-01 -7.35600660e-12 -6.00000000e-01  1.45000000e+00 
-6.10000000e-01  1.24000000e+00 -6.10000000e-01 -1.04037802e-11 -6.10000000e-01  1.45000000e+00 
-6.20000000e-01  1.23000000e+00 -6.20000000e-01 -1.47137810e-11 -6.20000000e-01  1.45000000e+00 
-6.30000000e-01  1.22000000e+00 -6.30000000e-01 -2.08083886e-11 -6.30000000e-01  1.45000000e+00 
-6.40000000e-01  1.21000000e+00 -6.40000000e-01 -2.94259193e-11 -6.40000000e-01  1.45000000e+00 
-6.50000000e-01  1.20000000e+00 -6.50000000e-01 -4.16097196e-11 -6.50000000e-01  1.45000000e+00 
-6.60000000e-01  1.19000000e+00 -6.60000000e-01 -5.88339015e-11 -6.60000000e-01  1.45000000e+00 
-6.70000000e-01  1.18000000e+00 -6.70000000e-01 -8.31807098e-11 -6.70000000e-01  1.45000000e+00 
-6.80000000e-01  1.17000000e+00 -6.80000000e-01 -1.17590596e-10 -6.80000000e-01  1.45000000e+00 
-6.90000000e-01  1.16000000e+00 -6.90000000e-01 -1.66214575e-10 -6.90000000e-01  1.45000000e+00 
-7.00000000e-01  1.15000000e+00 -7.00000000e-01 -2.34910344e-10 -7.00000000e-01  1.45000000e+00 
-7.10000000e-01  1.14000000e+00 -7.10000000e-01 -3.31940175e-10 -7.10000000e-01  1.45000000e+00 
-7.20000000e-01  1.13000000e+00 -7.20000000e-01 -4.68951635e-10 -7.20000000e-01  1.45000000e+00 
-7.30000000e-01  1.12000000e+00 -7.30000000e-01 -6.62354010e-10 -7.30000000e-01  1.45000000e+00 
-7.40000000e-01  1.11000000e+00 -7.40000000e-01 -9.35247237e-10 -7.40000000e-01  1.45000000e+00 
-7.50000000e-01  1.10000000e+00 -7.50000000e-01 -1.32012033e-09 -7.50000000e-01  1.45000000e+00 
-7.60000000e-01  1.09000000e+00 -7.60000000e-01 -1.86261839e-09 -7.60000000e-01  1.45000000e+00 
-7.70000000e-01  1.08000000e+00 -7.70000000e-01 -2.62678823e-09 -7.70000000e-01  1.45000000e+00 
-7.80000000e-01  1.07000000e+00 -7.80000000e-01 -3.70236143e-09 -7.80000000e-01  1.45000000e+00 
-7.90000000e-01  1.06000000e+00 -7.90000000e-01 -5.21483083e-09 -7.90000000e-01  1.45000000e+00 
-8.00000000e-01  1.05000000e+00 -8.00000000e-01 -7.33933379e-09 -8.00000000e-01  1.45000000e+00 
-8.10000000e-01  1.04000000e+00 -8.10000000e-01 -1.03196864e-08 -8.10000000e-01  1.45000000e+00 
-8.20000000e-01  1.03000000e+00 -8.20000000e-01 -1.44943271e-08 -8.20000000e-01  1.45000000e+00 
-8.30000000e-01  1.02000000e+00 -8.30000000e-01 -2.03314342e-08 -8.30000000e-01  1.45000000e+00 
-8.40000000e-01  1.01000000e+00 -8.40000000e-01 -2.84760725e-08 -8.40000000e-01  1.45000000e+00 
-8.50000000e-01  1.00000000e+00 -8.50000000e-01 -3.98128770e-08 -8.50000000e-01  1.45000000e+00 
-8.60000000e-01  9.90000000e-01 -8.60000000e-01 -5.55484439e-08 -8.60000000e-01  1.45000000e+00 
-8.70000000e-01  9.80000000e-01 -8.70000000e-01 -7.73181617e-08 -8.70000000e-01  1.45000000e+00 
-8.80000000e-01  9.70000000e-01 -8.80000000e-01 -1.07322527e-07 -8.80000000e-01  1.45000000e+00 
-8.90000000e-01  9.60000000e-01 -8.90000000e-01 -1.48497808e-07 -8.90000000e-01  1.45000000e+00 
-9.00000000e-01  9.50000000e-01 -9.00000000e-01 -2.04724947e-07 -9.00000000e-01  1.45000000e+00 
-9.10000000e-01  9.40000000e-01 -9.10000000e-01 -2.81078531e-07 -9.10000000e-01  1.45000000e+00 
-9.20000000e-01  9.30000000e-01 -9.20000000e-01 -3.84114157e-07 -9.20000000e-01  1.45000000e+00 
-9.30000000e-01  9.20000000e-01 -9.30000000e-01 -5.22187565e-07 -9.30000000e-01  1.45000000e+00 
-9.40000000e-01  9.10000000e-01 -9.40000000e-01 -7.05792617e-07 -9.40000000e-01  1.45000000e+00 
-9.50000000e-01  9.00000000e-01 -9.50000000e-01 -9.47898348e-07 -9.50000000e-01  1.45000000e+00 
-9.60000000e-01  8.90000000e-01 -9.60000000e-01 -1.26425906e-06 -9.60000000e-01  1.45000000e+00 
-9.70000000e-01  8.80000000e-01 -9.70000000e-01 -1.67366729e-06 -9.70000000e-01  1.45000000e+00 
-9.80000000e-01  8.70000000e-01 -9.80000000e-01 -2.19811912e-06 -9.80000000e-01  1.45000000e+00 
-9.90000000e-01  8.60000000e-01 -9.90000000e-01 -2.86286489e-06 -9.90000000e-01  1.45000000e+00 
-1.00000000e+00  8.50000000e-01 -1.00000000e+00 -3.69632631e-06 -1.00000000e+00  1.45000000e+00 
-1.01000000e+00  8.40000000e-01 -1.01000000e+00 -4.72986973e-06 -1.01000000e+00  1.45000000e+00 
-1.02000000e+00  8.30000000e-01 -1.02000000e+00 -5.99743374e-06 -1.02000000e+00  1.45000000e+00 
-1.03000000e+00  8.20000000e-01 -1.03000000e+00 -7.53501272e-06 -1.03000000e+00  1.45000000e+00 
-1.04000000e+00  8.10000000e-01 -1.04000000e+00 -9.37999768e-06 -1.04000000e+00  1.45000000e+00 
-1.05000000e+00  8.00000000e-01 -1.05000000e+00 -1.15703718e-05 -1.05000000e+00  1.45000000e+00 
-1.06000000e+00  7.90000000e-01 -1.06000000e+00 -1.41437567e-05 -1.06000000e+00  1.45000000e+00 
-1.07000000e+00  7.80000000e-01 -1.07000000e+00 -1.71363085e-05 -1.07000000e+00  1.45000000e+00 
-1.08000000e+00  7.70000000e-01 -1.08000000e+00 -2.05814807e-05 -1.08000000e+00  1.45000000e+00 
-1.09000000e+00  7.60000000e-01 -1.09000000e+00 -2.45086942e-05 -1.09000000e+00  1.45000000e+00 
-1.10000000e+00  7.50000000e-01 -1.10000000e+00 -2.89419879e-05 -1.10000000e+00  1.45000000e+00 
-1.11000000e+00  7.40000000e-01 -1.11000000e+00 -3.38987593e-05 -1.11000000e+00  1.45000000e+00 
-1.12000000e+00  7.30000000e-01 -1.12000000e+00 -3.93887174e-05 -1.12000000e+00  1.45000000e+00 
-1.13000000e+00  7.20000000e-01 -1.13000000e+00 -4.54131789e-05 -1.13000000e+00  1.45000000e+00 
-1.14000000e+00  7.10000000e-01 -1.14000000e+00 -5.19648072e-05 -1.14000000e+00  1.45000000e+00 
-1.15000000e+00  7.00000000e-01 -1.15000000e+00 -5.90278495e-05 -1.15000000e+00  1.45000000e+00 
-1.16000000e+00  6.90000000e-01 -1.16000000e+00 -6.65788629e-05 -1.16000000e+00  1.45000000e+00 
-1.17000000e+00  6.80000000e-01 -1.17000000e+00 -7.45878621e-05 -1.17000000e+00  1.45000000e+00 
-1.18000000e+00  6.70000000e-01 -1.18000000e+00 -8.30197653e-05 -1.18000000e+00  1.45000000e+00 
-1.19000000e+00  6.60000000e-01 -1.19000000e+00 -9.18359947e-05 -1.19000000e+00  1.45000000e+00 
-1.20000000e+00  6.50000000e-01 -1.20000000e+00 -1.00996082e-04 -1.20000000e+00  1.45000000e+00 
-1.21000000e+00  6.40000000e-01 -1.21000000e+00 -1.10459151e-04 -1.21000000e+00  1.45000000e+00 
-1.22000000e+00  6.30000000e-01 -1.22000000e+00 -1.20185193e-04 -1.22000000e+00  1.45000000e+00 
-1.23000000e+00  6.20000000e-01 -1.23000000e+00 -1.30136069e-04 -1.23000000e+00  1.45000000e+00 
-1.24000000e+00  6.10000000e-01 -1.24000000e+00 -1.40276243e-04 -1.24000000e+00  1.45000000e+00 
-1.25000000e+00  6.00000000e-01 -1.25000000e+00 -1.50573244e-04 -1.25000000e+00  1.45000000e+00 
-1.26000000e+00  5.90000000e-01 -1.26000000e+00 -1.60997900e-04 -1.26000000e+00  1.45000000e+00 
-1.27000000e+00  5.80000000e-01 -1.27000000e+00 -1.71524394e-04 -1.27000000e+00  1.45000000e+00 
-1.28000000e+00  5.70000000e-01 -1.28000000e+00 -1.82130169e-04 -1.28000000e+00  1.45000000e+00 
-1.29000000e+00  5.60000000e-01 -1.29000000e+00 -1.92795742e-04 -1.29000000e+00  1.45000000e+00 
-1.30000000e+00  5.50000000e-01 -1.30000000e+00 -2.03504458e-04 -1.30000000e+00  1.45000000e+00 
-1.31000000e+00  5.40000000e-01 -1.31000000e+00 -2.14242205e-04 -1.31000000e+00  1.45000000e+00 
-1.32000000e+00  5.30000000e-01 -1.32000000e+00 -2.24997131e-04 -1.32000000e+00  1.45000000e+00 
-1.33000000e+00  5.20000000e-01 -1.33000000e+00 -2.35759355e-04 -1.33000000e+00  1.45000000e+00 
-1.34000000e+00  5.10000000e-01 -1.34000000e+00 -2.46520701e-04 -1.34000000e+00  1.45000000e+00 
-1.35000000e+00  5.00000000e-01 -1.35000000e+00 -2.57274455e-04 -1.35000000e+00  1.45000000e+00 
-1.36000000e+00  4.90000000e-01 -1.36000000e+00 -2.68015138e-04 -1.36000000e+00  1.45000000e+00 
-1.37000000e+00  4.80000000e-01 -1.37000000e+00 -2.78738315e-04 -1.37000000e+00  1.45000000e+00 
-1.38000000e+00  4.70000000e-01 -1.38000000e+00 -2.89440427e-04 -1.38000000e+00  1.45000000e+00 
-1.39000000e+00  4.60000000e-01 -1.39000000e+00 -3.00118637e-04 -1.39000000e+00  1.45000000e+00 
-1.40000000e+00  4.50000000e-01 -1.40000000e+00 -3.10770711e-04 -1.40000000e+00  1.45000000e+00 
-1.41000000e+00  4.40000000e-01 -1.41000000e+00 -3.21394912e-04 -1.41000000e+00  1.45000000e+00 
-1.42000000e+00  4.30000000e-01 -1.42000000e+00 -3.31989904e-04 -1.42000000e+00  1.45000000e+00 
-1.43000000e+00  4.20000000e-01 -1.43000000e+00 -3.42554684e-04 -1.43000000e+00  1.45000000e+00 
-1.44000000e+00  4.10000000e-01 -1.44000000e+00 -3.53088515e-04 -1.44000000e+00  1.45000000e+00 
-1.45000000e+00  4.00000000e-01 -1.45000000e+00 -3.63590876e-04 -1.45000000e+00  1.45000000e+00 
-1.46000000e+00  3.90000000e-01 -1.46000000e+00 -3.74061419e-04 -1.46000000e+00  1.45000000e+00 
-1.47000000e+00  3.80000000e-01 -1.47000000e+00 -3.84499934e-04 -1.47000000e+00  1.45000000e+00 
-1.48000000e+00  3.70000000e-01 -1.48000000e+00 -3.94906316e-04 -1.48000000e+00  1.45000000e+00 
-1.49000000e+00  3.60000000e-01 -1.49000000e+00 -4.05280548e-04 -1.49000000e+00  1.45000000e+00 
-1.50000000e+00  3.50000000e-01 -1.50000000e+00 -4.15622675e-04 -1.50000000e+00  1.45000000e+00 
-1.51000000e+00  3.40000000e-01 -1.51000000e+00 -4.25932793e-04 -1.51000000e+00  1.45000000e+00 
-1.52000000e+00  3.30000000e-01 -1.52000000e+00 -4.36211034e-04 -1.52000000e+00  1.45000000e+00 
-1.53000000e+00  3.20000000e-01 -1.53000000e+00 -4.46457555e-04 -1.53000000e+00  1.45000000e+00 
-1.54000000e+00  3.10000000e-01 -1.54000000e+00 -4.56672532e-04 -1.54000000e+00  1.45000000e+00 
-1.55000000e+00  3.00000000e-01 -1.55000000e+00 -4.66856151e-04 -1.55000000e+00  1.45000000e+00 
-1.56000000e+00  2.90000000e-01 -1.56000000e+00 -4.77008604e-04 -1.56000000e+00  1.45000000e+00 
-1.57000000e+00  2.80000000e-01 -1.57000000e+00 -4.87130086e-04 -1.57000000e+00  1.45000000e+00 
-1.58000000e+00  2.70000000e-01 -1.58000000e+00 -4.97220787e-04 -1.58000000e+00  1.45000000e+00 
-1.59000000e+00  2.60000000e-01 -1.59000000e+00 -5.07280895e-04 -1.59000000e+00  1.45000000e+00 
-1.60000000e+00  2.50000000e-01 -1.60000000e+00 -5.17310592e-04 -1.60000000e+00  1.45000000e+00 
-1.61000000e+00  2.40000000e-01 -1.61000000e+00 -5.27310051e-04 -1.61000000e+00  1.45000000e+00 
-1.62000000e+00  2.30000000e-01 -1.62000000e+00 -5.37279436e-04 -1.62000000e+00  1.45000000e+00 
-1.63000000e+00  2.20000000e-01 -1.63000000e+00 -5.47218902e-04 -1.63000000e+00  1.45000000e+00 
-1.64000000e+00  2.10000000e-01 -1.64000000e+00 -5.57128592e-04 -1.64000000e+00  1.45000000e+00 
-1.65000000e+00  2.00000000e-01 -1.65000000e+00 -5.67008639e-04 -1.65000000e+00  1.45000000e+00 
-1.66000000e+00  1.90000000e-01 -1.66000000e+00 -5.76859166e-04 -1.66000000e+00  1.45000000e+00 
-1.67000000e+00  1.80000000e-01 -1.67000000e+00 -5.86680283e-04 -1.67000000e+00  1.45000000e+00 
-1.68000000e+00  1.70000000e-01 -1.68000000e+00 -5.96472090e-04 -1.68000000e+00  1.45000000e+00 
-1.69000000e+00  1.60000000e-01 -1.69000000e+00 -6.06234673e-04 -1.69000000e+00  1.45000000e+00 
-1.70000000e+00  1.50000000e-01 -1.70000000e+00 -6.15968109e-04 -1.70000000e+00  1.45000000e+00 
-1.71000000e+00  1.40000000e-01 -1.71000000e+00 -6.25672464e-04 -1.71000000e+00  1.45000000e+00 
-1.72000000e+00  1.30000000e-01 -1.72000000e+00 -6.35347791e-04 -1.72000000e+00  1.45000000e+00 
-1.73000000e+00  1.20000000e-01 -1.73000000e+00 -6.44994134e-04 -1.73000000e+00  1.45000000e+00 
-1.74000000e+00  1.10000000e-01 -1.74000000e+00 -6.54611524e-04 -1.74000000e+00  1.45000000e+00 
-1.75000000e+00  1.00000000e-01 -1.75000000e+00 -6.64199982e-04 -1.75000000e+00  1.45000000e+00 
-1.76000000e+00  9.00000000e-02 -1.76000000e+00 -6.73759520e-04 -1.76000000e+00  1.45000000e+00 
-1.77000000e+00  8.00000000e-02 -1.77000000e+00 -6.83290138e-04 -1.77000000e+00  1.45000000e+00 
-1.78000000e+00  7.00000000e-02 -1.78000000e+00 -6.92791824e-04 -1.78000000e+00  1.45000000e+00 
-1.79000000e+00  6.00000000e-02 -1.79000000e+00 -7.02264558e-04 -1.79000000e+00  1.45000000e+00 
-1.80000000e+00  5.00000000e-02 -1.80000000e+00 -7.11708309e-04 -1.80000000e+00  1.45000000e+00 
-1.81000000e+00  4.00000000e-02 -1.81000000e+00 -7.21123036e-04 -1.81000000e+00  1.45000000e+00 
-1.82000000e+00  3.00000000e-02 -1.82000000e+00 -7.30508689e-04 -1.82000000e+00  1.45000000e+00 
-1.83000000e+00  2.00000000e-02 -1.83000000e+00 -7.39865205e-04 -1.83000000e+00  1.45000000e+00 
-1.84000000e+00  1.00000000e-02 -1.84000000e+00 -7.49192515e-04 -1.84000000e+00  1.45000000e+00 
-1.85000000e+00 -1.33226763e-15 -1.85000000e+00 -7.58490536e-04 -1.85000000e+00  1.45000000e+00 
