 0.00000000e+00  1.85000000e+00  0.00000000e+00 -7.25601944e-23  0.00000000e+00  1.00000000e-02 
-1.00000000e-02  1.84000000e+00 -1.00000000e-02 -1.02643578e-22 -1.00000000e-02  1.00000000e-02 
-2.00000000e-02  1.83000000e+00 -2.00000000e-02 -1.45199501e-22 -2.00000000e-02  1.00000000e-02 
-3.00000000e-02  1.82000000e+00 -3.00000000e-02 -2.05399072e-22 -3.00000000e-02  1.00000000e-02 
-4.00000000e-02  1.81000000e+00 -4.00000000e-02 -2.90557316e-22 -4.00000000e-02  1.00000000e-02 
-5.00000000e-02  1.80000000e+00 -5.00000000e-02 -4.11022092e-22 -5.00000000e-02  1.00000000e-02 
-6.00000000e-02  1.79000000e+00 -6.00000000e-02 -5.81431438e-22 -6.00000000e-02  1.00000000e-02 
-7.00000000e-02  1.78000000e+00 -7.00000000e-02 -8.22492317e-22 -7.00000000e-02  1.00000000e-02 
-8.00000000e-02  1.77000000e+00 -8.00000000e-02 -1.16349678e-21 -8.00000000e-02  1.00000000e-02 
-9.00000000e-02  1.76000000e+00 -9.00000000e-02 -1.64588138e-21 -9.00000000e-02  1.00000000e-02 
-1.00000000e-01  1.75000000e+00 -1.00000000e-01 -2.32826209e-21 -1.00000000e-01  1.00000000e-02 
-1.10000000e-01  1.74000000e+00 -1.10000000e-01 -3.29355712e-21 -1.10000000e-01  1.00000000e-02 
-1.20000000e-01  1.73000000e+00 -1.20000000e-01 -4.65906248e-21 -1.20000000e-01  1.00000000e-02 
-1.30000000e-01  1.72000000e+00 -1.30000000e-01 -6.59070484e-21 -1.30000000e-01  1.00000000e-02 
-1.40000000e-01  1.71000000e+00 -1.40000000e-01 -9.32320401e-21 -1.40000000e-01  1.00000000e-02 
-1.50000000e-01  1.70000000e+00 -1.50000000e-01 -1.31885942e-20 -1.50000000e-01  1.00000000e-02 
-1.60000000e-01  1.69000000e+00 -1.60000000e-01 -1.86565709e-20 -1.60000000e-01  1.00000000e-02 
-1.70000000e-01  1.68000000e+00 -1.70000000e-01 -2.63915642e-20 -1.70000000e-01  1.00000000e-02 
-1.80000000e-01  1.67000000e+00 -1.80000000e-01 -3.73334764e-20 -1.80000000e-01  1.00000000e-02 
-1.90000000e-01  1.66000000e+00 -1.90000000e-01 -5.28118916e-20 -1.90000000e-01  1.00000000e-02 
-2.00000000e-01  1.65000000e+00 -2.00000000e-01 -7.47076377e-20 -2.00000000e-01  1.00000000e-02 
-2.10000000e-01  1.64000000e+00 -2.10000000e-01 -1.05681330e-19 -2.10000000e-01  1.00000000e-02 
-2.20000000e-01  1.63000000e+00 -2.20000000e-01 -1.49496672e-19 -2.20000000e-01  1.00000000e-02 
-2.30000000e-01  1.62000000e+00 -2.30000000e-01 -2.11477787e-19 -2.30000000e-01  1.00000000e-02 
-2.40000000e-01  1.61000000e+00 -2.40000000e-01 -2.99156173e-19 -2.40000000e-01  1.00000000e-02 
-2.50000000e-01  1.60000000e+00 -2.50000000e-01 -4.23185866e-19 -2.50000000e-01  1.00000000e-02 
-2.60000000e-01  1.59000000e+00 -2.60000000e-01 -5.98638038e-19 -2.60000000e-01  1.00000000e-02 
-2.70000000e-01  1.58000000e+00 -2.70000000e-01 -8.46832323e-19 -2.70000000e-01  1.00000000e-02 
-2.80000000e-01  1.57000000e+00 -2.80000000e-01 -1.19792740e-18 -2.80000000e-01  1.00000000e-02 
-2.90000000e-01  1.56000000e+00 -2.90000000e-01 -1.69458564e-18 -2.90000000e-01  1.00000000e-02 
-3.00000000e-01  1.55000000e+00 -3.00000000e-01 -2.39715701e-18 -3.00000000e-01  1.00000000e-02 
-3.10000000e-01  1.54000000e+00 -3.10000000e-01 -3.39101231e-18 -3.10000000e-01  1.00000000e-02 
-3.20000000e-01  1.53000000e+00 -3.20000000e-01 -4.79691655e-18 -3.20000000e-01  1.00000000e-02 
-3.30000000e-01  1.52000000e+00 -3.30000000e-01 -6.78570314e-18 -3.30000000e-01  1.00000000e-02 
-3.40000000e-01  1.51000000e+00 -3.40000000e-01 -9.59903168e-18 -3.40000000e-01  1.00000000e-02 
-3.50000000e-01  1.50000000e+00 -3.50000000e-01 -1.35787517e-17 -3.50000000e-01  1.00000000e-02 
-3.60000000e-01  1.49000000e+00 -3.60000000e-01 -1.92084398e-17 -3.60000000e-01  1.00000000e-02 
-3.70000000e-01  1.48000000e+00 -3.70000000e-01 -2.71721577e-17 -3.70000000e-01  1.00000000e-02 
-3.80000000e-01  1.47000000e+00 -3.80000000e-01 -3.84375690e-17 -3.80000000e-01  1.00000000e-02 
-3.90000000e-01  1.46000000e+00 -3.90000000e-01 -5.43735144e-17 -3.90000000e-01  1.00000000e-02 
-4.00000000e-01  1.45000000e+00 -4.00000000e-01 -7.69163280e-17 -4.00000000e-01  1.00000000e-02 
-4.10000000e-01  1.44000000e+00 -4.10000000e-01 -1.08805103e-16 -4.10000000e-01  1.00000000e-02 
-4.20000000e-01  1.43000000e+00 -4.20000000e-01 -1.53914482e-16 -4.20000000e-01  1.00000000e-02 
-4.30000000e-01  1.42000000e+00 -4.30000000e-01 -2.17725410e-16 -4.30000000e-01  1.00000000e-02 
-4.40000000e-01  1.41000000e+00 -4.40000000e-01 -3.07991012e-16 -4.40000000e-01  1.00000000e-02 
-4.50000000e-01  1.40000000e+00 -4.50000000e-01 -4.35678503e-16 -4.50000000e-01  1.00000000e-02 
-4.60000000e-01  1.39000000e+00 -4.60000000e-01 -6.16301500e-16 -4.60000000e-01  1.00000000e-02 
-4.70000000e-01  1.38000000e+00 -4.70000000e-01 -8.71804553e-16 -4.70000000e-01  1.00000000e-02 
-4.80000000e-01  1.37000000e+00 -4.80000000e-01 -1.23322872e-15 -4.80000000e-01  1.00000000e-02 
-4.90000000e-01  1.36000000e+00 -4.90000000e-01 -1.74448185e-15 -4.90000000e-01  1.00000000e-02 
-5.00000000e-01  1.35000000e+00 -5.00000000e-01 -2.46767116e-15 -5.00000000e-01  1.00000000e-02 
-5.10000000e-01  1.34000000e+00 -5.10000000e-01 -3.49064551e-15 -5.10000000e-01  1.00000000e-02 
-5.20000000e-01  1.33000000e+00 -5.20000000e-01 -4.93766236e-15 -5.20000000e-01  1.00000000e-02 
-5.30000000e-01  1.32000000e+00 -5.30000000e-01 -6.98447359e-15 -5.30000000e-01  1.00000000e-02 
-5.40000000e-01  1.31000000e+00 -5.40000000e-01 -9.87965966e-15 -5.40000000e-01  1.00000000e-02 
-5.50000000e-01  1.30000000e+00 -5.50000000e-01 -1.39747983e-14 -5.50000000e-01  1.00000000e-02 
-5.60000000e-01  1.29000000e+00 -5.60000000e-01 -1.97671236e-14 -5.60000000e-01  1.00000000e-02 
-5.70000000e-01  1.28000000e+00 -5.70000000e-01 -2.79598414e-14 -5.70000000e-01  1.00000000e-02 
-5.80000000e-01  1.27000000e+00 -5.80000000e-01 -3.95474021e-14 -5.80000000e-01  1.00000000e-02 
-5.90000000e-01  1.26000000e+00 -5.90000000e-01 -5.59360432e-14 -5.90000000e-01  1.00000000e-02 
-6.00000000e-01  1.25000000e+00 -6.00000000e-01 -7.91141670e-14 -6.00000000e-01  1.00000000e-02 
-6.10000000e-01  1.24000000e+00 -6.10000000e-01 -1.11893121e-13 -6.10000000e-01  1.00000000e-02 
-6.20000000e-01  1.23000000e+00 -6.20000000e-01 -1.58247404e-13 -6.20000000e-01  1.00000000e-02 
-6.30000000e-01  1.22000000e+00 -6.30000000e-01 -2.23795259e-13 -6.30000000e-01  1.00000000e-02 
-6.40000000e-01  1.21000000e+00 -6.40000000e-01 -3.16477359e-13 -6.40000000e-01  1.00000000e-02 
-6.50000000e-01  1.20000000e+00 -6.50000000e-01 -4.47515041e-13 -6.50000000e-01  1.00000000e-02 
-6.60000000e-01  1.19000000e+00 -6.60000000e-01 -6.32762643e-13 -6.60000000e-01  1.00000000e-02 
-6.70000000e-01  1.18000000e+00 -6.70000000e-01 -8.94615198e-13 -6.70000000e-01  1.00000000e-02 
-6.80000000e-01  1.17000000e+00 -6.80000000e-01 -1.26469818e-12 -6.80000000e-01  1.00000000e-02 
-6.90000000e-01  1.16000000e+00 -6.90000000e-01 -1.78765752e-12 -6.90000000e-01  1.00000000e-02 
-7.00000000e-01  1.15000000e+00 -7.00000000e-01 -2.52649613e-12 -7.00000000e-01  1.00000000e-02 
-7.10000000e-01  1.14000000e+00 -7.10000000e-01 -3.57008134e-12 -7.10000000e-01  1.00000000e-02 
-7.20000000e-01  1.13000000e+00 -7.20000000e-01 -5.04369557e-12 -7.20000000e-01  1.00000000e-02 
-7.30000000e-01  1.12000000e+00 -7.30000000e-01 -7.12384595e-12 -7.30000000e-01  1.00000000e-02 
-7.40000000e-01  1.11000000e+00 -7.40000000e-01 -1.00590219e-11 -7.40000000e-01  1.00000000e-02 
-7.50000000e-01  1.10000000e+00 -7.50000000e-01 -1.41987407e-11 -7.50000000e-01  1.00000000e-02 
-7.60000000e-01  1.09000000e+00 -7.60000000e-01 -2.00341081e-11 -7.60000000e-01  1.00000000e-02 
-7.70000000e-01  1.08000000e+00 -7.70000000e-01 -2.82543277e-11 -7.70000000e-01  1.00000000e-02 
-7.80000000e-01  1.07000000e+00 -7.80000000e-01 -3.98252123e-11 -7.80000000e-01  1.00000000e-02 
-7.90000000e-01  1.06000000e+00 -7.90000000e-01 -5.60979120e-11 -7.90000000e-01  1.00000000e-02 
-8.00000000e-01  1.05000000e+00 -8.00000000e-01 -7.89589267e-11 -8.00000000e-01  1.00000000e-02 
-8.10000000e-01  1.04000000e+00 -8.10000000e-01 -1.11036177e-10 -8.10000000e-01  1.00000000e-02 
-8.20000000e-01  1.03000000e+00 -8.20000000e-01 -1.55980664e-10 -8.20000000e-01  1.00000000e-02 
-8.30000000e-01  1.02000000e+00 -8.30000000e-01 -2.18849244e-10 -8.30000000e-01  1.00000000e-02 
-8.40000000e-01  1.01000000e+00 -8.40000000e-01 -3.06621443e-10 -8.40000000e-01  1.00000000e-02 
-8.50000000e-01  1.00000000e+00 -8.50000000e-01 -4.28892176e-10 -8.50000000e-01  1.00000000e-02 
-8.60000000e-01  9.90000000e-01 -8.60000000e-01 -5.98792876e-10 -8.60000000e-01  1.00000000e-02 
-8.70000000e-01  9.80000000e-01 -8.70000000e-01 -8.34205827e-10 -8.70000000e-01  1.00000000e-02 
-8.80000000e-01  9.70000000e-01 -8.80000000e-01 -1.15935082e-09 -8.80000000e-01  1.00000000e-02 
-8.90000000e-01  9.60000000e-01 -8.90000000e-01 -1.60683997e-09 -8.90000000e-01  1.00000000e-02 
-9.00000000e-01  9.50000000e-01 -9.00000000e-01 -2.22031716e-09 -9.00000000e-01  1.00000000e-02 
-9.10000000e-01  9.40000000e-01 -9.10000000e-01 -3.05782560e-09 -9.10000000e-01  1.00000000e-02 
-9.20000000e-01  9.30000000e-01 -9.20000000e-01 -4.19608534e-09 -9.20000000e-01  1.00000000e-02 
-9.30000000e-01  9.20000000e-01 -9.30000000e-01 -5.73591858e-09 -9.30000000e-01  1.00000000e-02 
-9.40000000e-01  9.10000000e-01 -9.40000000e-01 -7.80914141e-09 -9.40000000e-01  1.00000000e-02 
-9.50000000e-01  9.00000000e-01 -9.50000000e-01 -1.05873496e-08 -9.50000000e-01  1.00000000e-02 
-9.60000000e-01  8.90000000e-01 -9.60000000e-01 -1.42931559e-08 -9.60000000e-01  1.00000000e-02 
-9.70000000e-01  8.80000000e-01 -9.70000000e-01 -1.92145549e-08 -9.70000000e-01  1.00000000e-02 
-9.80000000e-01  8.70000000e-01 -9.80000000e-01 -2.57231410e-08 -9.80000000e-01  1.00000000e-02 
-9.90000000e-01  8.60000000e-01 -9.90000000e-01 -3.42967783e-08 -9.90000000e-01  1.00000000e-02 
-1.00000000e+00  8.50000000e-01 -1.00000000e+00 -4.55468943e-08 -1.00000000e+00  1.00000000e-02 
-1.01000000e+00  8.40000000e-01 -1.01000000e+00 -6.02497156e-08 -1.01000000e+00  1.00000000e-02 
-1.02000000e+00  8.30000000e-01 -1.02000000e+00 -7.93793944e-08 -1.02000000e+00  1.00000000e-02 
-1.03000000e+00  8.20000000e-01 -1.03000000e+00 -1.04139130e-07 -1.03000000e+00  1.00000000e-02 
-1.04000000e+00  8.10000000e-01 -1.04000000e+00 -1.35984262e-07 -1.04000000e+00  1.00000000e-02 
-1.05000000e+00  8.00000000e-01 -1.05000000e+00 -1.76629307e-07 -1.05000000e+00  1.00000000e-02 
-1.06000000e+00  7.90000000e-01 -1.06000000e+00 -2.28029715e-07 -1.06000000e+00  1.00000000e-02 
-1.07000000e+00  7.80000000e-01 -1.07000000e+00 -2.92329481e-07 -1.07000000e+00  1.00000000e-02 
-1.08000000e+00  7.70000000e-01 -1.08000000e+00 -3.71768506e-07 -1.08000000e+00  1.00000000e-02 
-1.09000000e+00  7.60000000e-01 -1.09000000e+00 -4.68549222e-07 -1.09000000e+00  1.00000000e-02 
-1.10000000e+00  7.50000000e-01 -1.10000000e+00 -5.84670016e-07 -1.10000000e+00  1.00000000e-02 
-1.11000000e+00  7.40000000e-01 -1.11000000e+00 -7.21742131e-07 -1.11000000e+00  1.00000000e-02 
-1.12000000e+00  7.30000000e-01 -1.12000000e+00 -8.80814305e-07 -1.12000000e+00  1.00000000e-02 
-1.13000000e+00  7.20000000e-01 -1.13000000e+00 -1.06223281e-06 -1.13000000e+00  1.00000000e-02 
-1.14000000e+00  7.10000000e-01 -1.14000000e+00 -1.26556153e-06 -1.14000000e+00  1.00000000e-02 
-1.15000000e+00  7.00000000e-01 -1.15000000e+00 -1.48957741e-06 -1.15000000e+00  1.00000000e-02 
-1.16000000e+00  6.90000000e-01 -1.16000000e+00 -1.73234282e-06 -1.16000000e+00  1.00000000e-02 
-1.17000000e+00  6.80000000e-01 -1.17000000e+00 -1.99134290e-06 -1.17000000e+00  1.00000000e-02 
-1.18000000e+00  6.70000000e-01 -1.18000000e+00 -2.26366490e-06 -1.18000000e+00  1.00000000e-02 
-1.19000000e+00  6.60000000e-01 -1.19000000e+00 -2.54619283e-06 -1.19000000e+00  1.00000000e-02 
-1.20000000e+00  6.50000000e-01 -1.20000000e+00 -2.83579206e-06 -1.20000000e+00  1.00000000e-02 
-1.21000000e+00  6.40000000e-01 -1.21000000e+00 -3.12946519e-06 -1.21000000e+00  1.00000000e-02 
-1.22000000e+00  6.30000000e-01 -1.22000000e+00 -3.42446861e-06 -1.22000000e+00  1.00000000e-02 
-1.23000000e+00  6.20000000e-01 -1.23000000e+00 -3.71838743e-06 -1.23000000e+00  1.00000000e-02 
-1.24000000e+00  6.10000000e-01 -1.24000000e+00 -4.00917216e-06 -1.24000000e+00  1.00000000e-02 
-1.25000000e+00  6.00000000e-01 -1.25000000e+00 -4.29514429e-06 -1.25000000e+00  1.00000000e-02 
-1.26000000e+00  5.90000000e-01 -1.26000000e+00 -4.57497911e-06 -1.26000000e+00  1.00000000e-02 
-1.27000000e+00  5.80000000e-01 -1.27000000e+00 -4.84767387e-06 -1.27000000e+00  1.00000000e-02 
-1.28000000e+00  5.70000000e-01 -1.28000000e+00 -5.11250808e-06 -1.28000000e+00  1.00000000e-02 
-1.29000000e+00  5.60000000e-01 -1.29000000e+00 -5.36900113e-06 -1.29000000e+00  1.00000000e-02 
-1.30000000e+00  5.50000000e-01 -1.30000000e+00 -5.61687089e-06 -1.30000000e+00  1.00000000e-02 
-1.31000000e+00  5.40000000e-01 -1.31000000e+00 -5.85599541e-06 -1.31000000e+00  1.00000000e-02 
-1.32000000e+00  5.30000000e-01 -1.32000000e+00 -6.08637902e-06 -1.32000000e+00  1.00000000e-02 
-1.33000000e+00  5.20000000e-01 -1.33000000e+00 -6.30812323e-06 -1.33000000e+00  1.00000000e-02 
-1.34000000e+00  5.10000000e-01 -1.34000000e+00 -6.52140234e-06 -1.34000000e+00  1.00000000e-02 
-1.35000000e+00  5.00000000e-01 -1.35000000e+00 -6.72644339e-06 -1.35000000e+00  1.00000000e-02 
-1.36000000e+00  4.90000000e-01 -1.36000000e+00 -6.92351011e-06 -1.36000000e+00  1.00000000e-02 
-1.37000000e+00  4.80000000e-01 -1.37000000e+00 -7.11289006e-06 -1.37000000e+00  1.00000000e-02 
-1.38000000e+00  4.70000000e-01 -1.38000000e+00 -7.29488474e-06 -1.38000000e+00  1.00000000e-02 
-1.39000000e+00  4.60000000e-01 -1.39000000e+00 -7.46980186e-06 -1.39000000e+00  1.00000000e-02 
-1.40000000e+00  4.50000000e-01 -1.40000000e+00 -7.63794956e-06 -1.40000000e+00  1.00000000e-02 
-1.41000000e+00  4.40000000e-01 -1.41000000e+00 -7.79963217e-06 -1.41000000e+00  1.00000000e-02 
-1.42000000e+00  4.30000000e-01 -1.42000000e+00 -7.95514704e-06 -1.42000000e+00  1.00000000e-02 
-1.43000000e+00  4.20000000e-01 -1.43000000e+00 -8.10478241e-06 -1.43000000e+00  1.00000000e-02 
-1.44000000e+00  4.10000000e-01 -1.44000000e+00 -8.24881593e-06 -1.44000000e+00  1.00000000e-02 
-1.45000000e+00  4.00000000e-01 -1.45000000e+00 -8.38751377e-06 -1.45000000e+00  1.00000000e-02 
-1.46000000e+00  3.90000000e-01 -1.46000000e+00 -8.52113015e-06 -1.46000000e+00  1.00000000e-02 
-1.47000000e+00  3.80000000e-01 -1.47000000e+00 -8.64990714e-06 -1.47000000e+00  1.00000000e-02 
-1.48000000e+00  3.70000000e-01 -1.48000000e+00 -8.77407473e-06 -1.48000000e+00  1.00000000e-02 
-1.49000000e+00  3.60000000e-01 -1.49000000e+00 -8.89385106e-06 -1.49000000e+00  1.00000000e-02 
-1.50000000e+00  3.50000000e-01 -1.50000000e+00 -9.00944276e-06 -1.50000000e+00  1.00000000e-02 
-1.51000000e+00  3.40000000e-01 -1.51000000e+00 -9.12104536e-06 -1.51000000e+00  1.00000000e-02 
-1.52000000e+00  3.30000000e-01 -1.52000000e+00 -9.22884378e-06 -1.52000000e+00  1.00000000e-02 
-1.53000000e+00  3.20000000e-01 -1.53000000e+00 -9.33301283e-06 -1.53000000e+00  1.00000000e-02 
-1.54000000e+00  3.10000000e-01 -1.54000000e+00 -9.43371770e-06 -1.54000000e+00  1.00000000e-02 
-1.55000000e+00  3.00000000e-01 -1.55000000e+00 -9.53111450e-06 -1.55000000e+00  1.00000000e-02 
-1.56000000e+00  2.90000000e-01 -1.56000000e+00 -9.62535073e-06 -1.56000000e+00  1.00000000e-02 
-1.57000000e+00  2.80000000e-01 -1.57000000e+00 -9.71656582e-06 -1.57000000e+00  1.00000000e-02 
-1.58000000e+00  2.70000000e-01 -1.58000000e+00 -9.80489155e-06 -1.58000000e+00  1.00000000e-02 
-1.59000000e+00  2.60000000e-01 -1.59000000e+00 -9.89045257e-06 -1.59000000e+00  1.00000000e-02 
-1.60000000e+00  2.50000000e-01 -1.60000000e+00 -9.97336676e-06 -1.60000000e+00  1.00000000e-02 
-1.61000000e+00  2.40000000e-01 -1.61000000e+00 -1.00537457e-05 -1.61000000e+00  1.00000000e-02 
-1.62000000e+00  2.30000000e-01 -1.62000000e+00 -1.01316949e-05 -1.62000000e+00  1.00000000e-02 
-1.63000000e+00  2.20000000e-01 -1.63000000e+00 -1.02073145e-05 -1.63000000e+00  1.00000000e-02 
-1.64000000e+00  2.10000000e-01 -1.64000000e+00 -1.02806993e-05 -1.64000000e+00  1.00000000e-02 
-1.65000000e+00  2.00000000e-01 -1.65000000e+00 -1.03519391e-05 -1.65000000e+00  1.00000000e-02 
-1.66000000e+00  1.90000000e-01 -1.66000000e+00 -1.04211191e-05 -1.66000000e+00  1.00000000e-02 
-1.67000000e+00  1.80000000e-01 -1.67000000e+00 -1.04883202e-05 -1.67000000e+00  1.00000000e-02 
-1.68000000e+00  1.70000000e-01 -1.68000000e+00 -1.05536194e-05 -1.68000000e+00  1.00000000e-02 
-1.69000000e+00  1.60000000e-01 -1.69000000e+00 -1.06170894e-05 -1.69000000e+00  1.00000000e-02 
-1.70000000e+00  1.50000000e-01 -1.70000000e+00 -1.06787997e-05 -1.70000000e+00  1.00000000e-02 
-1.71000000e+00  1.40000000e-01 -1.71000000e+00 -1.07388163e-05 -1.71000000e+00  1.00000000e-02 
-1.72000000e+00  1.30000000e-01 -1.72000000e+00 -1.07972018e-05 -1.72000000e+00  1.00000000e-02 
-1.73000000e+00  1.20000000e-01 -1.73000000e+00 -1.08540162e-05 -1.73000000e+00  1.00000000e-02 
-1.74000000e+00  1.10000000e-01 -1.74000000e+00 -1.09093162e-05 -1.74000000e+00  1.00000000e-02 
-1.75000000e+00  1.00000000e-01 -1.75000000e+00 -1.09631561e-05 -1.75000000e+00  1.00000000e-02 
-1.76000000e+00  9.00000000e-02 -1.76000000e+00 -1.10155876e-05 -1.76000000e+00  1.00000000e-02 
-1.77000000e+00  8.00000000e-02 -1.77000000e+00 -1.10666601e-05 -1.77000000e+00  1.00000000e-02 
-1.78000000e+00  7.00000000e-02 -1.78000000e+00 -1.11164206e-05 -1.78000000e+00  1.00000000e-02 
-1.79000000e+00  6.00000000e-02 -1.79000000e+00 -1.11649141e-05 -1.79000000e+00  1.00000000e-02 
-1.80000000e+00  5.00000000e-02 -1.80000000e+00 -1.12121836e-05 -1.80000000e+00  1.00000000e-02 
-1.81000000e+00  4.00000000e-02 -1.81000000e+00 -1.12582700e-05 -1.81000000e+00  1.00000000e-02 
-1.82000000e+00  3.00000000e-02 -1.82000000e+00 -1.13032127e-05 -1.82000000e+00  1.00000000e-02 
-1.83000000e+00  2.00000000e-02 -1.83000000e+00 -1.13470492e-05 -1.83000000e+00  1.00000000e-02 
-1.84000000e+00  1.00000000e-02 -1.84000000e+00 -1.13898155e-05 -1.84000000e+00  1.00000000e-02 
-1.85000000e+00 -1.33226763e-15 -1.85000000e+00 -1.14315459e-05 -1.85000000e+00  1.00000000e-02 
