 0.00000000e+00  0.00000000e+00  0.00000000e+00  1.44299819e-14  0.00000000e+00  1.00000000e-02 
 1.00000000e-02  1.00000000e-02  1.00000000e-02  1.80182807e-14  1.00000000e-02  1.00000000e-02 
 2.00000000e-02  2.00000000e-02  2.00000000e-02  2.24977954e-14  2.00000000e-02  1.00000000e-02 
 3.00000000e-02  3.00000000e-02  3.00000000e-02  2.80894534e-14  3.00000000e-02  1.00000000e-02 
 4.00000000e-02  4.00000000e-02  4.00000000e-02  3.50687863e-14  4.00000000e-02  1.00000000e-02 
 5.00000000e-02  5.00000000e-02  5.00000000e-02  4.37793638e-14  5.00000000e-02  1.00000000e-02 
 6.00000000e-02  6.00000000e-02  6.00000000e-02  5.46495100e-14  6.00000000e-02  1.00000000e-02 
 7.00000000e-02  7.00000000e-02  7.00000000e-02  6.82130946e-14  7.00000000e-02  1.00000000e-02 
 8.00000000e-02  8.00000000e-02  8.00000000e-02  8.51353820e-14  8.00000000e-02  1.00000000e-02 
 9.00000000e-02  9.00000000e-02  9.00000000e-02  1.06245153e-13  9.00000000e-02  1.00000000e-02 
 1.00000000e-01  1.00000000e-01  1.00000000e-01  1.32574598e-13  1.00000000e-01  1.00000000e-02 
 1.10000000e-01  1.10000000e-01  1.10000000e-01  1.65408849e-13  1.10000000e-01  1.00000000e-02 
 1.20000000e-01  1.20000000e-01  1.20000000e-01  2.06347413e-13  1.20000000e-01  1.00000000e-02 
 1.30000000e-01  1.30000000e-01  1.30000000e-01  2.57380365e-13  1.30000000e-01  1.00000000e-02 
 1.40000000e-01  1.40000000e-01  1.40000000e-01  3.20982750e-13  1.40000000e-01  1.00000000e-02 
 1.50000000e-01  1.50000000e-01  1.50000000e-01  4.00231488e-13  1.50000000e-01  1.00000000e-02 
 1.60000000e-01  1.60000000e-01  1.60000000e-01  4.98950066e-13  1.60000000e-01  1.00000000e-02 
 1.70000000e-01  1.70000000e-01  1.70000000e-01  6.21887505e-13  1.70000000e-01  1.00000000e-02 
 1.80000000e-01  1.80000000e-01  1.80000000e-01  7.74939602e-13  1.80000000e-01  1.00000000e-02 
 1.90000000e-01  1.90000000e-01  1.90000000e-01  9.65422322e-13  1.90000000e-01  1.00000000e-02 
 2.00000000e-01  2.00000000e-01  2.00000000e-01  1.20240952e-12  2.00000000e-01  1.00000000e-02 
 2.10000000e-01  2.10000000e-01  2.10000000e-01  1.49715006e-12  2.10000000e-01  1.00000000e-02 
 2.20000000e-01  2.20000000e-01  2.20000000e-01  1.86358313e-12  2.20000000e-01  1.00000000e-02 
 2.30000000e-01  2.30000000e-01  2.30000000e-01  2.31897500e-12  2.30000000e-01  1.00000000e-02 
 2.40000000e-01  2.40000000e-01  2.40000000e-01  2.88470668e-12  2.40000000e-01  1.00000000e-02 
 2.50000000e-01  2.50000000e-01  2.50000000e-01  3.58724953e-12  2.50000000e-01  1.00000000e-02 
 2.60000000e-01  2.60000000e-01  2.60000000e-01  4.45937587e-12  2.60000000e-01  1.00000000e-02 
 2.70000000e-01  2.70000000e-01  2.70000000e-01  5.54166555e-12  2.70000000e-01  1.00000000e-02 
 2.80000000e-01  2.80000000e-01  2.80000000e-01  6.88438693e-12  2.80000000e-01  1.00000000e-02 
 2.90000000e-01  2.90000000e-01  2.90000000e-01  8.54985552e-12  2.90000000e-01  1.00000000e-02 
 3.00000000e-01  3.00000000e-01  3.00000000e-01  1.06154065e-11  3.00000000e-01  1.00000000e-02 
 3.10000000e-01  3.10000000e-01  3.10000000e-01  1.31771626e-11  3.10000000e-01  1.00000000e-02 
 3.20000000e-01  3.20000000e-01  3.20000000e-01  1.63548400e-11  3.20000000e-01  1.00000000e-02 
 3.30000000e-01  3.30000000e-01  3.30000000e-01  2.02979187e-11  3.30000000e-01  1.00000000e-02 
 3.40000000e-01  3.40000000e-01  3.40000000e-01  2.51936169e-11  3.40000000e-01  1.00000000e-02 
 3.50000000e-01  3.50000000e-01  3.50000000e-01  3.12772581e-11  3.50000000e-01  1.00000000e-02 
 3.60000000e-01  3.60000000e-01  3.60000000e-01  3.88458178e-11  3.60000000e-01  1.00000000e-02 
 3.70000000e-01  3.70000000e-01  3.70000000e-01  4.82756927e-11  3.70000000e-01  1.00000000e-02 
 3.80000000e-01  3.80000000e-01  3.80000000e-01  6.00460560e-11  3.80000000e-01  1.00000000e-02 
 3.90000000e-01  3.90000000e-01  3.90000000e-01  7.47695558e-11  3.90000000e-01  1.00000000e-02 
 4.00000000e-01  4.00000000e-01  4.00000000e-01  9.32325791e-11  4.00000000e-01  1.00000000e-02 
 4.10000000e-01  4.10000000e-01  4.10000000e-01  1.16447814e-10  4.10000000e-01  1.00000000e-02 
 4.20000000e-01  4.20000000e-01  4.20000000e-01  1.45722374e-10  4.20000000e-01  1.00000000e-02 
 4.30000000e-01  4.30000000e-01  4.30000000e-01  1.82745221e-10  4.30000000e-01  1.00000000e-02 
 4.40000000e-01  4.40000000e-01  4.40000000e-01  2.29697910e-10  4.40000000e-01  1.00000000e-02 
 4.50000000e-01  4.50000000e-01  4.50000000e-01  2.89392655e-10  4.50000000e-01  1.00000000e-02 
 4.60000000e-01  4.60000000e-01  4.60000000e-01  3.65441116e-10  4.60000000e-01  1.00000000e-02 
 4.70000000e-01  4.70000000e-01  4.70000000e-01  4.62455870e-10  4.70000000e-01  1.00000000e-02 
 4.80000000e-01  4.80000000e-01  4.80000000e-01  5.86284043e-10  4.80000000e-01  1.00000000e-02 
 4.90000000e-01  4.90000000e-01  4.90000000e-01  7.44268617e-10  4.90000000e-01  1.00000000e-02 
 5.00000000e-01  5.00000000e-01  5.00000000e-01  9.45527583e-10  5.00000000e-01  1.00000000e-02 
 5.10000000e-01  5.10000000e-01  5.10000000e-01  1.20123421e-09  5.10000000e-01  1.00000000e-02 
 5.20000000e-01  5.20000000e-01  5.20000000e-01  1.52487388e-09  5.20000000e-01  1.00000000e-02 
 5.30000000e-01  5.30000000e-01  5.30000000e-01  1.93244502e-09  5.30000000e-01  1.00000000e-02 
 5.40000000e-01  5.40000000e-01  5.40000000e-01  2.44256494e-09  5.40000000e-01  1.00000000e-02 
 5.50000000e-01  5.50000000e-01  5.50000000e-01  3.07643779e-09  5.50000000e-01  1.00000000e-02 
 5.60000000e-01  5.60000000e-01  5.60000000e-01  3.85764340e-09  5.60000000e-01  1.00000000e-02 
 5.70000000e-01  5.70000000e-01  5.70000000e-01  4.81171403e-09  5.70000000e-01  1.00000000e-02 
 5.80000000e-01  5.80000000e-01  5.80000000e-01  5.96548158e-09  5.80000000e-01  1.00000000e-02 
 5.90000000e-01  5.90000000e-01  5.90000000e-01  7.34620119e-09  5.90000000e-01  1.00000000e-02 
 6.00000000e-01  6.00000000e-01  6.00000000e-01  8.98048418e-09  6.00000000e-01  1.00000000e-02 
 6.10000000e-01  6.10000000e-01  6.10000000e-01  1.08931023e-08  6.10000000e-01  1.00000000e-02 
 6.20000000e-01  6.20000000e-01  6.20000000e-01  1.31057493e-08  6.20000000e-01  1.00000000e-02 
 6.30000000e-01  6.30000000e-01  6.30000000e-01  1.56358612e-08  6.30000000e-01  1.00000000e-02 
 6.40000000e-01  6.40000000e-01  6.40000000e-01  1.84955994e-08  6.40000000e-01  1.00000000e-02 
 6.50000000e-01  6.50000000e-01  6.50000000e-01  2.16910898e-08  6.50000000e-01  1.00000000e-02 
 6.60000000e-01  6.60000000e-01  6.60000000e-01  2.52219850e-08  6.60000000e-01  1.00000000e-02 
 6.70000000e-01  6.70000000e-01  6.70000000e-01  2.90813869e-08  6.70000000e-01  1.00000000e-02 
 6.80000000e-01  6.80000000e-01  6.80000000e-01  3.32561260e-08  6.80000000e-01  1.00000000e-02 
 6.90000000e-01  6.90000000e-01  6.90000000e-01  3.77273627e-08  6.90000000e-01  1.00000000e-02 
 7.00000000e-01  7.00000000e-01  7.00000000e-01  4.24714476e-08  7.00000000e-01  1.00000000e-02 
 7.10000000e-01  7.10000000e-01  7.10000000e-01  4.74609580e-08  7.10000000e-01  1.00000000e-02 
 7.20000000e-01  7.20000000e-01  7.20000000e-01  5.26658263e-08  7.20000000e-01  1.00000000e-02 
 7.30000000e-01  7.30000000e-01  7.30000000e-01  5.80544746e-08  7.30000000e-01  1.00000000e-02 
 7.40000000e-01  7.40000000e-01  7.40000000e-01  6.35948860e-08  7.40000000e-01  1.00000000e-02 
 7.50000000e-01  7.50000000e-01  7.50000000e-01  6.92555569e-08  7.50000000e-01  1.00000000e-02 
 7.60000000e-01  7.60000000e-01  7.60000000e-01  7.50062952e-08  7.60000000e-01  1.00000000e-02 
 7.70000000e-01  7.70000000e-01  7.70000000e-01  8.08188457e-08  7.70000000e-01  1.00000000e-02 
 7.80000000e-01  7.80000000e-01  7.80000000e-01  8.66673411e-08  7.80000000e-01  1.00000000e-02 
 7.90000000e-01  7.90000000e-01  7.90000000e-01  9.25285887e-08  7.90000000e-01  1.00000000e-02 
 8.00000000e-01  8.00000000e-01  8.00000000e-01  9.83822104e-08  8.00000000e-01  1.00000000e-02 
 8.10000000e-01  8.10000000e-01  8.10000000e-01  1.04210661e-07  8.10000000e-01  1.00000000e-02 
 8.20000000e-01  8.20000000e-01  8.20000000e-01  1.09999147e-07  8.20000000e-01  1.00000000e-02 
 8.30000000e-01  8.30000000e-01  8.30000000e-01  1.15735477e-07  8.30000000e-01  1.00000000e-02 
 8.40000000e-01  8.40000000e-01  8.40000000e-01  1.21409855e-07  8.40000000e-01  1.00000000e-02 
 8.50000000e-01  8.50000000e-01  8.50000000e-01  1.27014652e-07  8.50000000e-01  1.00000000e-02 
 8.60000000e-01  8.60000000e-01  8.60000000e-01  1.32544156e-07  8.60000000e-01  1.00000000e-02 
 8.70000000e-01  8.70000000e-01  8.70000000e-01  1.37994322e-07  8.70000000e-01  1.00000000e-02 
 8.80000000e-01  8.80000000e-01  8.80000000e-01  1.43362536e-07  8.80000000e-01  1.00000000e-02 
 8.90000000e-01  8.90000000e-01  8.90000000e-01  1.48647385e-07  8.90000000e-01  1.00000000e-02 
 9.00000000e-01  9.00000000e-01  9.00000000e-01  1.53848447e-07  9.00000000e-01  1.00000000e-02 
 9.10000000e-01  9.10000000e-01  9.10000000e-01  1.58966110e-07  9.10000000e-01  1.00000000e-02 
 9.20000000e-01  9.20000000e-01  9.20000000e-01  1.64001403e-07  9.20000000e-01  1.00000000e-02 
 9.30000000e-01  9.30000000e-01  9.30000000e-01  1.68955851e-07  9.30000000e-01  1.00000000e-02 
 9.40000000e-01  9.40000000e-01  9.40000000e-01  1.73831356e-07  9.40000000e-01  1.00000000e-02 
 9.50000000e-01  9.50000000e-01  9.50000000e-01  1.78630089e-07  9.50000000e-01  1.00000000e-02 
 9.60000000e-01  9.60000000e-01  9.60000000e-01  1.83354403e-07  9.60000000e-01  1.00000000e-02 
 9.70000000e-01  9.70000000e-01  9.70000000e-01  1.88006764e-07  9.70000000e-01  1.00000000e-02 
 9.80000000e-01  9.80000000e-01  9.80000000e-01  1.92589689e-07  9.80000000e-01  1.00000000e-02 
 9.90000000e-01  9.90000000e-01  9.90000000e-01  1.97105703e-07  9.90000000e-01  1.00000000e-02 
 1.00000000e+00  1.00000000e+00  1.00000000e+00  2.01557302e-07  1.00000000e+00  1.00000000e-02 
 1.01000000e+00  1.01000000e+00  1.01000000e+00  2.05946921e-07  1.01000000e+00  1.00000000e-02 
 1.02000000e+00  1.02000000e+00  1.02000000e+00  2.10276917e-07  1.02000000e+00  1.00000000e-02 
 1.03000000e+00  1.03000000e+00  1.03000000e+00  2.14549553e-07  1.03000000e+00  1.00000000e-02 
 1.04000000e+00  1.04000000e+00  1.04000000e+00  2.18766987e-07  1.04000000e+00  1.00000000e-02 
 1.05000000e+00  1.05000000e+00  1.05000000e+00  2.22931265e-07  1.05000000e+00  1.00000000e-02 
 1.06000000e+00  1.06000000e+00  1.06000000e+00  2.27044319e-07  1.06000000e+00  1.00000000e-02 
 1.07000000e+00  1.07000000e+00  1.07000000e+00  2.31107965e-07  1.07000000e+00  1.00000000e-02 
 1.08000000e+00  1.08000000e+00  1.08000000e+00  2.35123906e-07  1.08000000e+00  1.00000000e-02 
 1.09000000e+00  1.09000000e+00  1.09000000e+00  2.39093734e-07  1.09000000e+00  1.00000000e-02 
 1.10000000e+00  1.10000000e+00  1.10000000e+00  2.43018930e-07  1.10000000e+00  1.00000000e-02 
 1.11000000e+00  1.11000000e+00  1.11000000e+00  2.46900876e-07  1.11000000e+00  1.00000000e-02 
 1.12000000e+00  1.12000000e+00  1.12000000e+00  2.50740854e-07  1.12000000e+00  1.00000000e-02 
 1.13000000e+00  1.13000000e+00  1.13000000e+00  2.54540052e-07  1.13000000e+00  1.00000000e-02 
 1.14000000e+00  1.14000000e+00  1.14000000e+00  2.58299572e-07  1.14000000e+00  1.00000000e-02 
 1.15000000e+00  1.15000000e+00  1.15000000e+00  2.62020436e-07  1.15000000e+00  1.00000000e-02 
 1.16000000e+00  1.16000000e+00  1.16000000e+00  2.65703588e-07  1.16000000e+00  1.00000000e-02 
 1.17000000e+00  1.17000000e+00  1.17000000e+00  2.69349901e-07  1.17000000e+00  1.00000000e-02 
 1.18000000e+00  1.18000000e+00  1.18000000e+00  2.72960186e-07  1.18000000e+00  1.00000000e-02 
 1.19000000e+00  1.19000000e+00  1.19000000e+00  2.76535189e-07  1.19000000e+00  1.00000000e-02 
 1.20000000e+00  1.20000000e+00  1.20000000e+00  2.80075606e-07  1.20000000e+00  1.00000000e-02 
 1.21000000e+00  1.21000000e+00  1.21000000e+00  2.83582078e-07  1.21000000e+00  1.00000000e-02 
 1.22000000e+00  1.22000000e+00  1.22000000e+00  2.87055201e-07  1.22000000e+00  1.00000000e-02 
 1.23000000e+00  1.23000000e+00  1.23000000e+00  2.90495530e-07  1.23000000e+00  1.00000000e-02 
 1.24000000e+00  1.24000000e+00  1.24000000e+00  2.93903579e-07  1.24000000e+00  1.00000000e-02 
 1.25000000e+00  1.25000000e+00  1.25000000e+00  2.97279827e-07  1.25000000e+00  1.00000000e-02 
 1.26000000e+00  1.26000000e+00  1.26000000e+00  3.00624723e-07  1.26000000e+00  1.00000000e-02 
 1.27000000e+00  1.27000000e+00  1.27000000e+00  3.03938684e-07  1.27000000e+00  1.00000000e-02 
 1.28000000e+00  1.28000000e+00  1.28000000e+00  3.07222103e-07  1.28000000e+00  1.00000000e-02 
 1.29000000e+00  1.29000000e+00  1.29000000e+00  3.10475349e-07  1.29000000e+00  1.00000000e-02 
 1.30000000e+00  1.30000000e+00  1.30000000e+00  3.13698767e-07  1.30000000e+00  1.00000000e-02 
 1.31000000e+00  1.31000000e+00  1.31000000e+00  3.16892685e-07  1.31000000e+00  1.00000000e-02 
 1.32000000e+00  1.32000000e+00  1.32000000e+00  3.20057414e-07  1.32000000e+00  1.00000000e-02 
 1.33000000e+00  1.33000000e+00  1.33000000e+00  3.23193247e-07  1.33000000e+00  1.00000000e-02 
 1.34000000e+00  1.34000000e+00  1.34000000e+00  3.26300464e-07  1.34000000e+00  1.00000000e-02 
 1.35000000e+00  1.35000000e+00  1.35000000e+00  3.29379333e-07  1.35000000e+00  1.00000000e-02 
 1.36000000e+00  1.36000000e+00  1.36000000e+00  3.32430109e-07  1.36000000e+00  1.00000000e-02 
 1.37000000e+00  1.37000000e+00  1.37000000e+00  3.35453039e-07  1.37000000e+00  1.00000000e-02 
 1.38000000e+00  1.38000000e+00  1.38000000e+00  3.38448359e-07  1.38000000e+00  1.00000000e-02 
 1.39000000e+00  1.39000000e+00  1.39000000e+00  3.41416297e-07  1.39000000e+00  1.00000000e-02 
 1.40000000e+00  1.40000000e+00  1.40000000e+00  3.44357074e-07  1.40000000e+00  1.00000000e-02 
 1.41000000e+00  1.41000000e+00  1.41000000e+00  3.47270906e-07  1.41000000e+00  1.00000000e-02 
 1.42000000e+00  1.42000000e+00  1.42000000e+00  3.50158002e-07  1.42000000e+00  1.00000000e-02 
 1.43000000e+00  1.43000000e+00  1.43000000e+00  3.53018564e-07  1.43000000e+00  1.00000000e-02 
 1.44000000e+00  1.44000000e+00  1.44000000e+00  3.55852794e-07  1.44000000e+00  1.00000000e-02 
 1.45000000e+00  1.45000000e+00  1.45000000e+00  3.58660884e-07  1.45000000e+00  1.00000000e-02 
 1.46000000e+00  1.46000000e+00  1.46000000e+00  3.61443028e-07  1.46000000e+00  1.00000000e-02 
 1.47000000e+00  1.47000000e+00  1.47000000e+00  3.64199414e-07  1.47000000e+00  1.00000000e-02 
 1.48000000e+00  1.48000000e+00  1.48000000e+00  3.66930227e-07  1.48000000e+00  1.00000000e-02 
 1.49000000e+00  1.49000000e+00  1.49000000e+00  3.69635651e-07  1.49000000e+00  1.00000000e-02 
 1.50000000e+00  1.50000000e+00  1.50000000e+00  3.72315865e-07  1.50000000e+00  1.00000000e-02 
 1.51000000e+00  1.51000000e+00  1.51000000e+00  3.74971049e-07  1.51000000e+00  1.00000000e-02 
 1.52000000e+00  1.52000000e+00  1.52000000e+00  3.77601380e-07  1.52000000e+00  1.00000000e-02 
 1.53000000e+00  1.53000000e+00  1.53000000e+00  3.80207034e-07  1.53000000e+00  1.00000000e-02 
 1.54000000e+00  1.54000000e+00  1.54000000e+00  3.82788184e-07  1.54000000e+00  1.00000000e-02 
 1.55000000e+00  1.55000000e+00  1.55000000e+00  3.85345003e-07  1.55000000e+00  1.00000000e-02 
 1.56000000e+00  1.56000000e+00  1.56000000e+00  3.87877664e-07  1.56000000e+00  1.00000000e-02 
 1.57000000e+00  1.57000000e+00  1.57000000e+00  3.90386335e-07  1.57000000e+00  1.00000000e-02 
 1.58000000e+00  1.58000000e+00  1.58000000e+00  3.92871188e-07  1.58000000e+00  1.00000000e-02 
 1.59000000e+00  1.59000000e+00  1.59000000e+00  3.95332391e-07  1.59000000e+00  1.00000000e-02 
 1.60000000e+00  1.60000000e+00  1.60000000e+00  3.97770112e-07  1.60000000e+00  1.00000000e-02 
 1.61000000e+00  1.61000000e+00  1.61000000e+00  4.00184519e-07  1.61000000e+00  1.00000000e-02 
 1.62000000e+00  1.62000000e+00  1.62000000e+00  4.02575778e-07  1.62000000e+00  1.00000000e-02 
 1.63000000e+00  1.63000000e+00  1.63000000e+00  4.04944056e-07  1.63000000e+00  1.00000000e-02 
 1.64000000e+00  1.64000000e+00  1.64000000e+00  4.07289518e-07  1.64000000e+00  1.00000000e-02 
 1.65000000e+00  1.65000000e+00  1.65000000e+00  4.09612329e-07  1.65000000e+00  1.00000000e-02 
 1.66000000e+00  1.66000000e+00  1.66000000e+00  4.11912653e-07  1.66000000e+00  1.00000000e-02 
 1.67000000e+00  1.67000000e+00  1.67000000e+00  4.14190654e-07  1.67000000e+00  1.00000000e-02 
 1.68000000e+00  1.68000000e+00  1.68000000e+00  4.16446496e-07  1.68000000e+00  1.00000000e-02 
 1.69000000e+00  1.69000000e+00  1.69000000e+00  4.18680342e-07  1.69000000e+00  1.00000000e-02 
 1.70000000e+00  1.70000000e+00  1.70000000e+00  4.20892354e-07  1.70000000e+00  1.00000000e-02 
 1.71000000e+00  1.71000000e+00  1.71000000e+00  4.23082693e-07  1.71000000e+00  1.00000000e-02 
 1.72000000e+00  1.72000000e+00  1.72000000e+00  4.25251522e-07  1.72000000e+00  1.00000000e-02 
 1.73000000e+00  1.73000000e+00  1.73000000e+00  4.27399001e-07  1.73000000e+00  1.00000000e-02 
 1.74000000e+00  1.74000000e+00  1.74000000e+00  4.29525291e-07  1.74000000e+00  1.00000000e-02 
 1.75000000e+00  1.75000000e+00  1.75000000e+00  4.31630551e-07  1.75000000e+00  1.00000000e-02 
 1.76000000e+00  1.76000000e+00  1.76000000e+00  4.33714941e-07  1.76000000e+00  1.00000000e-02 
 1.77000000e+00  1.77000000e+00  1.77000000e+00  4.35778620e-07  1.77000000e+00  1.00000000e-02 
 1.78000000e+00  1.78000000e+00  1.78000000e+00  4.37821745e-07  1.78000000e+00  1.00000000e-02 
 1.79000000e+00  1.79000000e+00  1.79000000e+00  4.39844475e-07  1.79000000e+00  1.00000000e-02 
 1.80000000e+00  1.80000000e+00  1.80000000e+00  4.41846966e-07  1.80000000e+00  1.00000000e-02 
 1.81000000e+00  1.81000000e+00  1.81000000e+00  4.43829376e-07  1.81000000e+00  1.00000000e-02 
 1.82000000e+00  1.82000000e+00  1.82000000e+00  4.45791860e-07  1.82000000e+00  1.00000000e-02 
 1.83000000e+00  1.83000000e+00  1.83000000e+00  4.47734573e-07  1.83000000e+00  1.00000000e-02 
 1.84000000e+00  1.84000000e+00  1.84000000e+00  4.49657671e-07  1.84000000e+00  1.00000000e-02 
 1.85000000e+00  1.85000000e+00  1.85000000e+00  4.51561306e-07  1.85000000e+00  1.00000000e-02 
