 0.00000000e+00  0.00000000e+00  0.00000000e+00  3.26756492e-13  0.00000000e+00  1.45000000e+00 
 1.00000000e-02  1.00000000e-02  1.00000000e-02  4.08009292e-13  1.00000000e-02  1.45000000e+00 
 2.00000000e-02  2.00000000e-02  2.00000000e-02  5.09441720e-13  2.00000000e-02  1.45000000e+00 
 3.00000000e-02  3.00000000e-02  3.00000000e-02  6.36055682e-13  3.00000000e-02  1.45000000e+00 
 4.00000000e-02  4.00000000e-02  4.00000000e-02  7.94089067e-13  4.00000000e-02  1.45000000e+00 
 5.00000000e-02  5.00000000e-02  5.00000000e-02  9.91319675e-13  5.00000000e-02  1.45000000e+00 
 6.00000000e-02  6.00000000e-02  6.00000000e-02  1.23744330e-12  6.00000000e-02  1.45000000e+00 
 7.00000000e-02  7.00000000e-02  7.00000000e-02  1.54454387e-12  7.00000000e-02  1.45000000e+00 
 8.00000000e-02  8.00000000e-02  8.00000000e-02  1.92767771e-12  8.00000000e-02  1.45000000e+00 
 9.00000000e-02  9.00000000e-02  9.00000000e-02  2.40559926e-12  9.00000000e-02  1.45000000e+00 
 1.00000000e-01  1.00000000e-01  1.00000000e-01  3.00166198e-12  1.00000000e-01  1.45000000e+00 
 1.10000000e-01  1.10000000e-01  1.10000000e-01  3.74493580e-12  1.10000000e-01  1.45000000e+00 
 1.20000000e-01  1.20000000e-01  1.20000000e-01  4.67159236e-12  1.20000000e-01  1.45000000e+00 
 1.30000000e-01  1.30000000e-01  1.30000000e-01  5.82662062e-12  1.30000000e-01  1.45000000e+00 
 1.40000000e-01  1.40000000e-01  1.40000000e-01  7.26594984e-12  1.40000000e-01  1.45000000e+00 
 1.50000000e-01  1.50000000e-01  1.50000000e-01  9.05907412e-12  1.50000000e-01  1.45000000e+00 
 1.60000000e-01  1.60000000e-01  1.60000000e-01  1.12922936e-11  1.60000000e-01  1.45000000e+00 
 1.70000000e-01  1.70000000e-01  1.70000000e-01  1.40727126e-11  1.70000000e-01  1.45000000e+00 
 1.80000000e-01  1.80000000e-01  1.80000000e-01  1.75331661e-11  1.80000000e-01  1.45000000e+00 
 1.90000000e-01  1.90000000e-01  1.90000000e-01  2.18382818e-11  1.90000000e-01  1.45000000e+00 
 2.00000000e-01  2.00000000e-01  2.00000000e-01  2.71919298e-11  2.00000000e-01  1.45000000e+00 
 2.10000000e-01  2.10000000e-01  2.10000000e-01  3.38463658e-11  2.10000000e-01  1.45000000e+00 
 2.20000000e-01  2.20000000e-01  2.20000000e-01  4.21134361e-11  2.20000000e-01  1.45000000e+00 
 2.30000000e-01  2.30000000e-01  2.30000000e-01  5.23782914e-11  2.30000000e-01  1.45000000e+00 
 2.40000000e-01  2.40000000e-01  2.40000000e-01  6.51161469e-11  2.40000000e-01  1.45000000e+00 
 2.50000000e-01  2.50000000e-01  2.50000000e-01  8.09127423e-11  2.50000000e-01  1.45000000e+00 
 2.60000000e-01  2.60000000e-01  2.60000000e-01  1.00489289e-10  2.60000000e-01  1.45000000e+00 
 2.70000000e-01  2.70000000e-01  2.70000000e-01  1.24732861e-10  2.70000000e-01  1.45000000e+00 
 2.80000000e-01  2.80000000e-01  2.80000000e-01  1.54733405e-10  2.80000000e-01  1.45000000e+00 
 2.90000000e-01  2.90000000e-01  2.90000000e-01  1.91828790e-10  2.90000000e-01  1.45000000e+00 
 3.00000000e-01  3.00000000e-01  3.00000000e-01  2.37659688e-10  3.00000000e-01  1.45000000e+00 
 3.10000000e-01  3.10000000e-01  3.10000000e-01  2.94236474e-10  3.10000000e-01  1.45000000e+00 
 3.20000000e-01  3.20000000e-01  3.20000000e-01  3.64020955e-10  3.20000000e-01  1.45000000e+00 
 3.30000000e-01  3.30000000e-01  3.30000000e-01  4.50026451e-10  3.30000000e-01  1.45000000e+00 
 3.40000000e-01  3.40000000e-01  3.40000000e-01  5.55940775e-10  3.40000000e-01  1.45000000e+00 
 3.50000000e-01  3.50000000e-01  3.50000000e-01  6.86277994e-10  3.50000000e-01  1.45000000e+00 
 3.60000000e-01  3.60000000e-01  3.60000000e-01  8.46566596e-10  3.60000000e-01  1.45000000e+00 
 3.70000000e-01  3.70000000e-01  3.70000000e-01  1.04358399e-09  3.70000000e-01  1.45000000e+00 
 3.80000000e-01  3.80000000e-01  3.80000000e-01  1.28565028e-09  3.80000000e-01  1.45000000e+00 
 3.90000000e-01  3.90000000e-01  3.90000000e-01  1.58299797e-09  3.90000000e-01  1.45000000e+00 
 4.00000000e-01  4.00000000e-01  4.00000000e-01  1.94823907e-09  4.00000000e-01  1.45000000e+00 
 4.10000000e-01  4.10000000e-01  4.10000000e-01  2.39695672e-09  4.10000000e-01  1.45000000e+00 
 4.20000000e-01  4.20000000e-01  4.20000000e-01  2.94845504e-09  4.20000000e-01  1.45000000e+00 
 4.30000000e-01  4.30000000e-01  4.30000000e-01  3.62670841e-09  4.30000000e-01  1.45000000e+00 
 4.40000000e-01  4.40000000e-01  4.40000000e-01  4.46155876e-09  4.40000000e-01  1.45000000e+00 
 4.50000000e-01  4.50000000e-01  4.50000000e-01  5.49021673e-09  4.50000000e-01  1.45000000e+00 
 4.60000000e-01  4.60000000e-01  4.60000000e-01  6.75912735e-09  4.60000000e-01  1.45000000e+00 
 4.70000000e-01  4.70000000e-01  4.70000000e-01  8.32626253e-09  4.70000000e-01  1.45000000e+00 
 4.80000000e-01  4.80000000e-01  4.80000000e-01  1.02638975e-08  4.80000000e-01  1.45000000e+00 
 4.90000000e-01  4.90000000e-01  4.90000000e-01  1.26619148e-08  4.90000000e-01  1.45000000e+00 
 5.00000000e-01  5.00000000e-01  5.00000000e-01  1.56316526e-08  5.00000000e-01  1.45000000e+00 
 5.10000000e-01  5.10000000e-01  5.10000000e-01  1.93102723e-08  5.10000000e-01  1.45000000e+00 
 5.20000000e-01  5.20000000e-01  5.20000000e-01  2.38655604e-08  5.20000000e-01  1.45000000e+00 
 5.30000000e-01  5.30000000e-01  5.30000000e-01  2.95010009e-08  5.30000000e-01  1.45000000e+00 
 5.40000000e-01  5.40000000e-01  5.40000000e-01  3.64608590e-08  5.40000000e-01  1.45000000e+00 
 5.50000000e-01  5.50000000e-01  5.50000000e-01  4.50349079e-08  5.50000000e-01  1.45000000e+00 
 5.60000000e-01  5.60000000e-01  5.60000000e-01  5.55623297e-08  5.60000000e-01  1.45000000e+00 
 5.70000000e-01  5.70000000e-01  5.70000000e-01  6.84342231e-08  5.70000000e-01  1.45000000e+00 
 5.80000000e-01  5.80000000e-01  5.80000000e-01  8.40941015e-08  5.80000000e-01  1.45000000e+00 
 5.90000000e-01  5.90000000e-01  5.90000000e-01  1.03035764e-07  5.90000000e-01  1.45000000e+00 
 6.00000000e-01  6.00000000e-01  6.00000000e-01  1.25798008e-07  6.00000000e-01  1.45000000e+00 
 6.10000000e-01  6.10000000e-01  6.10000000e-01  1.52955809e-07  6.10000000e-01  1.45000000e+00 
 6.20000000e-01  6.20000000e-01  6.20000000e-01  1.85107883e-07  6.20000000e-01  1.45000000e+00 
 6.30000000e-01  6.30000000e-01  6.30000000e-01  2.22860853e-07  6.30000000e-01  1.45000000e+00 
 6.40000000e-01  6.40000000e-01  6.40000000e-01  2.66810634e-07  6.40000000e-01  1.45000000e+00 
 6.50000000e-01  6.50000000e-01  6.50000000e-01  3.17522034e-07  6.50000000e-01  1.45000000e+00 
 6.60000000e-01  6.60000000e-01  6.60000000e-01  3.75507838e-07  6.60000000e-01  1.45000000e+00 
 6.70000000e-01  6.70000000e-01  6.70000000e-01  4.41208855e-07  6.70000000e-01  1.45000000e+00 
 6.80000000e-01  6.80000000e-01  6.80000000e-01  5.14976411e-07  6.80000000e-01  1.45000000e+00 
 6.90000000e-01  6.90000000e-01  6.90000000e-01  5.97058618e-07  6.90000000e-01  1.45000000e+00 
 7.00000000e-01  7.00000000e-01  7.00000000e-01  6.87591450e-07  7.00000000e-01  1.45000000e+00 
 7.10000000e-01  7.10000000e-01  7.10000000e-01  7.86595195e-07  7.10000000e-01  1.45000000e+00 
 7.20000000e-01  7.20000000e-01  7.20000000e-01  8.93976395e-07  7.20000000e-01  1.45000000e+00 
 7.30000000e-01  7.30000000e-01  7.30000000e-01  1.00953489e-06  7.30000000e-01  1.45000000e+00 
 7.40000000e-01  7.40000000e-01  7.40000000e-01  1.13297519e-06  7.40000000e-01  1.45000000e+00 
 7.50000000e-01  7.50000000e-01  7.50000000e-01  1.26392112e-06  7.50000000e-01  1.45000000e+00 
 7.60000000e-01  7.60000000e-01  7.60000000e-01  1.40193257e-06  7.60000000e-01  1.45000000e+00 
 7.70000000e-01  7.70000000e-01  7.70000000e-01  1.54652304e-06  7.70000000e-01  1.45000000e+00 
 7.80000000e-01  7.80000000e-01  7.80000000e-01  1.69717707e-06  7.80000000e-01  1.45000000e+00 
 7.90000000e-01  7.90000000e-01  7.90000000e-01  1.85336642e-06  7.90000000e-01  1.45000000e+00 
 8.00000000e-01  8.00000000e-01  8.00000000e-01  2.01456457e-06  8.00000000e-01  1.45000000e+00 
 8.10000000e-01  8.10000000e-01  8.10000000e-01  2.18025891e-06  8.10000000e-01  1.45000000e+00 
 8.20000000e-01  8.20000000e-01  8.20000000e-01  2.34996055e-06  8.20000000e-01  1.45000000e+00 
 8.30000000e-01  8.30000000e-01  8.30000000e-01  2.52321173e-06  8.30000000e-01  1.45000000e+00 
 8.40000000e-01  8.40000000e-01  8.40000000e-01  2.69959082e-06  8.40000000e-01  1.45000000e+00 
 8.50000000e-01  8.50000000e-01  8.50000000e-01  2.87871542e-06  8.50000000e-01  1.45000000e+00 
 8.60000000e-01  8.60000000e-01  8.60000000e-01  3.06024363e-06  8.60000000e-01  1.45000000e+00 
 8.70000000e-01  8.70000000e-01  8.70000000e-01  3.24387383e-06  8.70000000e-01  1.45000000e+00 
 8.80000000e-01  8.80000000e-01  8.80000000e-01  3.42934348e-06  8.80000000e-01  1.45000000e+00 
 8.90000000e-01  8.90000000e-01  8.90000000e-01  3.61642696e-06  8.90000000e-01  1.45000000e+00 
 9.00000000e-01  9.00000000e-01  9.00000000e-01  3.80493293e-06  9.00000000e-01  1.45000000e+00 
 9.10000000e-01  9.10000000e-01  9.10000000e-01  3.99470132e-06  9.10000000e-01  1.45000000e+00 
 9.20000000e-01  9.20000000e-01  9.20000000e-01  4.18560013e-06  9.20000000e-01  1.45000000e+00 
 9.30000000e-01  9.30000000e-01  9.30000000e-01  4.37752228e-06  9.30000000e-01  1.45000000e+00 
 9.40000000e-01  9.40000000e-01  9.40000000e-01  4.57038243e-06  9.40000000e-01  1.45000000e+00 
 9.50000000e-01  9.50000000e-01  9.50000000e-01  4.76411405e-06  9.50000000e-01  1.45000000e+00 
 9.60000000e-01  9.60000000e-01  9.60000000e-01  4.95866665e-06  9.60000000e-01  1.45000000e+00 
 9.70000000e-01  9.70000000e-01  9.70000000e-01  5.15400321e-06  9.70000000e-01  1.45000000e+00 
 9.80000000e-01  9.80000000e-01  9.80000000e-01  5.35009800e-06  9.80000000e-01  1.45000000e+00 
 9.90000000e-01  9.90000000e-01  9.90000000e-01  5.54693449e-06  9.90000000e-01  1.45000000e+00 
 1.00000000e+00  1.00000000e+00  1.00000000e+00  5.74450360e-06  1.00000000e+00  1.45000000e+00 
 1.01000000e+00  1.01000000e+00  1.01000000e+00  5.94280215e-06  1.01000000e+00  1.45000000e+00 
 1.02000000e+00  1.02000000e+00  1.02000000e+00  6.14183147e-06  1.02000000e+00  1.45000000e+00 
 1.03000000e+00  1.03000000e+00  1.03000000e+00  6.34159630e-06  1.03000000e+00  1.45000000e+00 
 1.04000000e+00  1.04000000e+00  1.04000000e+00  6.54210383e-06  1.04000000e+00  1.45000000e+00 
 1.05000000e+00  1.05000000e+00  1.05000000e+00  6.74336286e-06  1.05000000e+00  1.45000000e+00 
 1.06000000e+00  1.06000000e+00  1.06000000e+00  6.94538318e-06  1.06000000e+00  1.45000000e+00 
 1.07000000e+00  1.07000000e+00  1.07000000e+00  7.14817497e-06  1.07000000e+00  1.45000000e+00 
 1.08000000e+00  1.08000000e+00  1.08000000e+00  7.35174841e-06  1.08000000e+00  1.45000000e+00 
 1.09000000e+00  1.09000000e+00  1.09000000e+00  7.55611329e-06  1.09000000e+00  1.45000000e+00 
 1.10000000e+00  1.10000000e+00  1.10000000e+00  7.76127878e-06  1.10000000e+00  1.45000000e+00 
 1.11000000e+00  1.11000000e+00  1.11000000e+00  7.96725318e-06  1.11000000e+00  1.45000000e+00 
 1.12000000e+00  1.12000000e+00  1.12000000e+00  8.17404380e-06  1.12000000e+00  1.45000000e+00 
 1.13000000e+00  1.13000000e+00  1.13000000e+00  8.38165684e-06  1.13000000e+00  1.45000000e+00 
 1.14000000e+00  1.14000000e+00  1.14000000e+00  8.59009735e-06  1.14000000e+00  1.45000000e+00 
 1.15000000e+00  1.15000000e+00  1.15000000e+00  8.79936914e-06  1.15000000e+00  1.45000000e+00 
 1.16000000e+00  1.16000000e+00  1.16000000e+00  9.00947483e-06  1.16000000e+00  1.45000000e+00 
 1.17000000e+00  1.17000000e+00  1.17000000e+00  9.22041583e-06  1.17000000e+00  1.45000000e+00 
 1.18000000e+00  1.18000000e+00  1.18000000e+00  9.43219237e-06  1.18000000e+00  1.45000000e+00 
 1.19000000e+00  1.19000000e+00  1.19000000e+00  9.64480352e-06  1.19000000e+00  1.45000000e+00 
 1.20000000e+00  1.20000000e+00  1.20000000e+00  9.85824729e-06  1.20000000e+00  1.45000000e+00 
 1.21000000e+00  1.21000000e+00  1.21000000e+00  1.00725206e-05  1.21000000e+00  1.45000000e+00 
 1.22000000e+00  1.22000000e+00  1.22000000e+00  1.02876195e-05  1.22000000e+00  1.45000000e+00 
 1.23000000e+00  1.23000000e+00  1.23000000e+00  1.05035390e-05  1.23000000e+00  1.45000000e+00 
 1.24000000e+00  1.24000000e+00  1.24000000e+00  1.07202733e-05  1.24000000e+00  1.45000000e+00 
 1.25000000e+00  1.25000000e+00  1.25000000e+00  1.09378158e-05  1.25000000e+00  1.45000000e+00 
 1.26000000e+00  1.26000000e+00  1.26000000e+00  1.11561593e-05  1.26000000e+00  1.45000000e+00 
 1.27000000e+00  1.27000000e+00  1.27000000e+00  1.13752956e-05  1.27000000e+00  1.45000000e+00 
 1.28000000e+00  1.28000000e+00  1.28000000e+00  1.15952164e-05  1.28000000e+00  1.45000000e+00 
 1.29000000e+00  1.29000000e+00  1.29000000e+00  1.18159124e-05  1.29000000e+00  1.45000000e+00 
 1.30000000e+00  1.30000000e+00  1.30000000e+00  1.20373741e-05  1.30000000e+00  1.45000000e+00 
 1.31000000e+00  1.31000000e+00  1.31000000e+00  1.22595914e-05  1.31000000e+00  1.45000000e+00 
 1.32000000e+00  1.32000000e+00  1.32000000e+00  1.24825540e-05  1.32000000e+00  1.45000000e+00 
 1.33000000e+00  1.33000000e+00  1.33000000e+00  1.27062509e-05  1.33000000e+00  1.45000000e+00 
 1.34000000e+00  1.34000000e+00  1.34000000e+00  1.29306712e-05  1.34000000e+00  1.45000000e+00 
 1.35000000e+00  1.35000000e+00  1.35000000e+00  1.31558036e-05  1.35000000e+00  1.45000000e+00 
 1.36000000e+00  1.36000000e+00  1.36000000e+00  1.33816366e-05  1.36000000e+00  1.45000000e+00 
 1.37000000e+00  1.37000000e+00  1.37000000e+00  1.36081584e-05  1.37000000e+00  1.45000000e+00 
 1.38000000e+00  1.38000000e+00  1.38000000e+00  1.38353572e-05  1.38000000e+00  1.45000000e+00 
 1.39000000e+00  1.39000000e+00  1.39000000e+00  1.40632212e-05  1.39000000e+00  1.45000000e+00 
 1.40000000e+00  1.40000000e+00  1.40000000e+00  1.42917381e-05  1.40000000e+00  1.45000000e+00 
 1.41000000e+00  1.41000000e+00  1.41000000e+00  1.45208959e-05  1.41000000e+00  1.45000000e+00 
 1.42000000e+00  1.42000000e+00  1.42000000e+00  1.47506825e-05  1.42000000e+00  1.45000000e+00 
 1.43000000e+00  1.43000000e+00  1.43000000e+00  1.49810857e-05  1.43000000e+00  1.45000000e+00 
 1.44000000e+00  1.44000000e+00  1.44000000e+00  1.52120934e-05  1.44000000e+00  1.45000000e+00 
 1.45000000e+00  1.45000000e+00  1.45000000e+00  1.54436933e-05  1.45000000e+00  1.45000000e+00 
 1.46000000e+00  1.46000000e+00  1.46000000e+00  1.56758735e-05  1.46000000e+00  1.45000000e+00 
 1.47000000e+00  1.47000000e+00  1.47000000e+00  1.59086217e-05  1.47000000e+00  1.45000000e+00 
 1.48000000e+00  1.48000000e+00  1.48000000e+00  1.61419260e-05  1.48000000e+00  1.45000000e+00 
 1.49000000e+00  1.49000000e+00  1.49000000e+00  1.63757744e-05  1.49000000e+00  1.45000000e+00 
 1.50000000e+00  1.50000000e+00  1.50000000e+00  1.66101552e-05  1.50000000e+00  1.45000000e+00 
 1.51000000e+00  1.51000000e+00  1.51000000e+00  1.68450564e-05  1.51000000e+00  1.45000000e+00 
 1.52000000e+00  1.52000000e+00  1.52000000e+00  1.70804665e-05  1.52000000e+00  1.45000000e+00 
 1.53000000e+00  1.53000000e+00  1.53000000e+00  1.73163738e-05  1.53000000e+00  1.45000000e+00 
 1.54000000e+00  1.54000000e+00  1.54000000e+00  1.75527668e-05  1.54000000e+00  1.45000000e+00 
 1.55000000e+00  1.55000000e+00  1.55000000e+00  1.77896341e-05  1.55000000e+00  1.45000000e+00 
 1.56000000e+00  1.56000000e+00  1.56000000e+00  1.80269645e-05  1.56000000e+00  1.45000000e+00 
 1.57000000e+00  1.57000000e+00  1.57000000e+00  1.82647468e-05  1.57000000e+00  1.45000000e+00 
 1.58000000e+00  1.58000000e+00  1.58000000e+00  1.85029700e-05  1.58000000e+00  1.45000000e+00 
 1.59000000e+00  1.59000000e+00  1.59000000e+00  1.87416231e-05  1.59000000e+00  1.45000000e+00 
 1.60000000e+00  1.60000000e+00  1.60000000e+00  1.89806954e-05  1.60000000e+00  1.45000000e+00 
 1.61000000e+00  1.61000000e+00  1.61000000e+00  1.92201760e-05  1.61000000e+00  1.45000000e+00 
 1.62000000e+00  1.62000000e+00  1.62000000e+00  1.94600545e-05  1.62000000e+00  1.45000000e+00 
 1.63000000e+00  1.63000000e+00  1.63000000e+00  1.97003204e-05  1.63000000e+00  1.45000000e+00 
 1.64000000e+00  1.64000000e+00  1.64000000e+00  1.99409633e-05  1.64000000e+00  1.45000000e+00 
 1.65000000e+00  1.65000000e+00  1.65000000e+00  2.01819730e-05  1.65000000e+00  1.45000000e+00 
 1.66000000e+00  1.66000000e+00  1.66000000e+00  2.04233393e-05  1.66000000e+00  1.45000000e+00 
 1.67000000e+00  1.67000000e+00  1.67000000e+00  2.06650523e-05  1.67000000e+00  1.45000000e+00 
 1.68000000e+00  1.68000000e+00  1.68000000e+00  2.09071020e-05  1.68000000e+00  1.45000000e+00 
 1.69000000e+00  1.69000000e+00  1.69000000e+00  2.11494787e-05  1.69000000e+00  1.45000000e+00 
 1.70000000e+00  1.70000000e+00  1.70000000e+00  2.13921726e-05  1.70000000e+00  1.45000000e+00 
 1.71000000e+00  1.71000000e+00  1.71000000e+00  2.16351741e-05  1.71000000e+00  1.45000000e+00 
 1.72000000e+00  1.72000000e+00  1.72000000e+00  2.18784738e-05  1.72000000e+00  1.45000000e+00 
 1.73000000e+00  1.73000000e+00  1.73000000e+00  2.21220622e-05  1.73000000e+00  1.45000000e+00 
 1.74000000e+00  1.74000000e+00  1.74000000e+00  2.23659301e-05  1.74000000e+00  1.45000000e+00 
 1.75000000e+00  1.75000000e+00  1.75000000e+00  2.26100681e-05  1.75000000e+00  1.45000000e+00 
 1.76000000e+00  1.76000000e+00  1.76000000e+00  2.28544673e-05  1.76000000e+00  1.45000000e+00 
 1.77000000e+00  1.77000000e+00  1.77000000e+00  2.30991184e-05  1.77000000e+00  1.45000000e+00 
 1.78000000e+00  1.78000000e+00  1.78000000e+00  2.33440126e-05  1.78000000e+00  1.45000000e+00 
 1.79000000e+00  1.79000000e+00  1.79000000e+00  2.35891410e-05  1.79000000e+00  1.45000000e+00 
 1.80000000e+00  1.80000000e+00  1.80000000e+00  2.38344947e-05  1.80000000e+00  1.45000000e+00 
 1.81000000e+00  1.81000000e+00  1.81000000e+00  2.40800650e-05  1.81000000e+00  1.45000000e+00 
 1.82000000e+00  1.82000000e+00  1.82000000e+00  2.43258432e-05  1.82000000e+00  1.45000000e+00 
 1.83000000e+00  1.83000000e+00  1.83000000e+00  2.45718206e-05  1.83000000e+00  1.45000000e+00 
 1.84000000e+00  1.84000000e+00  1.84000000e+00  2.48179888e-05  1.84000000e+00  1.45000000e+00 
 1.85000000e+00  1.85000000e+00  1.85000000e+00  2.50643392e-05  1.85000000e+00  1.45000000e+00 
