 0.00000000e+00  0.00000000e+00  0.00000000e+00  2.77292914e-13  0.00000000e+00  1.11000000e+00 
 1.00000000e-02  1.00000000e-02  1.00000000e-02  3.46246029e-13  1.00000000e-02  1.11000000e+00 
 2.00000000e-02  2.00000000e-02  2.00000000e-02  4.32324158e-13  2.00000000e-02  1.11000000e+00 
 3.00000000e-02  3.00000000e-02  3.00000000e-02  5.39772112e-13  3.00000000e-02  1.11000000e+00 
 4.00000000e-02  4.00000000e-02  4.00000000e-02  6.73883636e-13  4.00000000e-02  1.11000000e+00 
 5.00000000e-02  5.00000000e-02  5.00000000e-02  8.41259349e-13  5.00000000e-02  1.11000000e+00 
 6.00000000e-02  6.00000000e-02  6.00000000e-02  1.05012764e-12  6.00000000e-02  1.11000000e+00 
 7.00000000e-02  7.00000000e-02  7.00000000e-02  1.31074371e-12  7.00000000e-02  1.11000000e+00 
 8.00000000e-02  8.00000000e-02  8.00000000e-02  1.63588549e-12  8.00000000e-02  1.11000000e+00 
 9.00000000e-02  9.00000000e-02  9.00000000e-02  2.04146965e-12  9.00000000e-02  1.11000000e+00 
 1.00000000e-01  1.00000000e-01  1.00000000e-01  2.54731640e-12  1.00000000e-01  1.11000000e+00 
 1.10000000e-01  1.10000000e-01  1.10000000e-01  3.17809817e-12  1.10000000e-01  1.11000000e+00 
 1.20000000e-01  1.20000000e-01  1.20000000e-01  3.96451570e-12  1.20000000e-01  1.11000000e+00 
 1.30000000e-01  1.30000000e-01  1.30000000e-01  4.94475497e-12  1.30000000e-01  1.11000000e+00 
 1.40000000e-01  1.40000000e-01  1.40000000e-01  6.16629017e-12  1.40000000e-01  1.11000000e+00 
 1.50000000e-01  1.50000000e-01  1.50000000e-01  7.68811320e-12  1.50000000e-01  1.11000000e+00 
 1.60000000e-01  1.60000000e-01  1.60000000e-01  9.58348765e-12  1.60000000e-01  1.11000000e+00 
 1.70000000e-01  1.70000000e-01  1.70000000e-01  1.19433471e-11  1.70000000e-01  1.11000000e+00 
 1.80000000e-01  1.80000000e-01  1.80000000e-01  1.48804839e-11  1.80000000e-01  1.11000000e+00 
 1.90000000e-01  1.90000000e-01  1.90000000e-01  1.85347061e-11  1.90000000e-01  1.11000000e+00 
 2.00000000e-01  2.00000000e-01  2.00000000e-01  2.30791791e-11  2.00000000e-01  1.11000000e+00 
 2.10000000e-01  2.10000000e-01  2.10000000e-01  2.87282140e-11  2.10000000e-01  1.11000000e+00 
 2.20000000e-01  2.20000000e-01  2.20000000e-01  3.57468218e-11  2.20000000e-01  1.11000000e+00 
 2.30000000e-01  2.30000000e-01  2.30000000e-01  4.44624204e-11  2.30000000e-01  1.11000000e+00 
 2.40000000e-01  2.40000000e-01  2.40000000e-01  5.52791633e-11  2.40000000e-01  1.11000000e+00 
 2.50000000e-01  2.50000000e-01  2.50000000e-01  6.86954618e-11  2.50000000e-01  1.11000000e+00 
 2.60000000e-01  2.60000000e-01  2.60000000e-01  8.53253979e-11  2.60000000e-01  1.11000000e+00 
 2.70000000e-01  2.70000000e-01  2.70000000e-01  1.05924881e-10  2.70000000e-01  1.11000000e+00 
 2.80000000e-01  2.80000000e-01  2.80000000e-01  1.31423603e-10  2.80000000e-01  1.11000000e+00 
 2.90000000e-01  2.90000000e-01  2.90000000e-01  1.62964094e-10  2.90000000e-01  1.11000000e+00 
 3.00000000e-01  3.00000000e-01  3.00000000e-01  2.01949517e-10  3.00000000e-01  1.11000000e+00 
 3.10000000e-01  3.10000000e-01  3.10000000e-01  2.50102268e-10  3.10000000e-01  1.11000000e+00 
 3.20000000e-01  3.20000000e-01  3.20000000e-01  3.09536014e-10  3.20000000e-01  1.11000000e+00 
 3.30000000e-01  3.30000000e-01  3.30000000e-01  3.82844571e-10  3.30000000e-01  1.11000000e+00 
 3.40000000e-01  3.40000000e-01  3.40000000e-01  4.73212025e-10  3.40000000e-01  1.11000000e+00 
 3.50000000e-01  3.50000000e-01  3.50000000e-01  5.84549857e-10  3.50000000e-01  1.11000000e+00 
 3.60000000e-01  3.60000000e-01  3.60000000e-01  7.21668625e-10  3.60000000e-01  1.11000000e+00 
 3.70000000e-01  3.70000000e-01  3.70000000e-01  8.90494095e-10  3.70000000e-01  1.11000000e+00 
 3.80000000e-01  3.80000000e-01  3.80000000e-01  1.09834077e-09  3.80000000e-01  1.11000000e+00 
 3.90000000e-01  3.90000000e-01  3.90000000e-01  1.35425966e-09  3.90000000e-01  1.11000000e+00 
 4.00000000e-01  4.00000000e-01  4.00000000e-01  1.66948181e-09  4.00000000e-01  1.11000000e+00 
 4.10000000e-01  4.10000000e-01  4.10000000e-01  2.05798526e-09  4.10000000e-01  1.11000000e+00 
 4.20000000e-01  4.20000000e-01  4.20000000e-01  2.53721941e-09  4.20000000e-01  1.11000000e+00 
 4.30000000e-01  4.30000000e-01  4.30000000e-01  3.12902863e-09  4.30000000e-01  1.11000000e+00 
 4.40000000e-01  4.40000000e-01  4.40000000e-01  3.86082456e-09  4.40000000e-01  1.11000000e+00 
 4.50000000e-01  4.50000000e-01  4.50000000e-01  4.76706361e-09  4.50000000e-01  1.11000000e+00 
 4.60000000e-01  4.60000000e-01  4.60000000e-01  5.89109155e-09  4.60000000e-01  1.11000000e+00 
 4.70000000e-01  4.70000000e-01  4.70000000e-01  7.28741821e-09  4.70000000e-01  1.11000000e+00 
 4.80000000e-01  4.80000000e-01  4.80000000e-01  9.02448090e-09  4.80000000e-01  1.11000000e+00 
 4.90000000e-01  4.90000000e-01  4.90000000e-01  1.11879406e-08  4.90000000e-01  1.11000000e+00 
 5.00000000e-01  5.00000000e-01  5.00000000e-01  1.38845287e-08  5.00000000e-01  1.11000000e+00 
 5.10000000e-01  5.10000000e-01  5.10000000e-01  1.72464204e-08  5.10000000e-01  1.11000000e+00 
 5.20000000e-01  5.20000000e-01  5.20000000e-01  2.14360480e-08  5.20000000e-01  1.11000000e+00 
 5.30000000e-01  5.30000000e-01  5.30000000e-01  2.66511920e-08  5.30000000e-01  1.11000000e+00 
 5.40000000e-01  5.40000000e-01  5.40000000e-01  3.31300874e-08  5.40000000e-01  1.11000000e+00 
 5.50000000e-01  5.50000000e-01  5.50000000e-01  4.11561785e-08  5.50000000e-01  1.11000000e+00 
 5.60000000e-01  5.60000000e-01  5.60000000e-01  5.10620467e-08  5.60000000e-01  1.11000000e+00 
 5.70000000e-01  5.70000000e-01  5.70000000e-01  6.32319466e-08  5.70000000e-01  1.11000000e+00 
 5.80000000e-01  5.80000000e-01  5.80000000e-01  7.81023290e-08  5.80000000e-01  1.11000000e+00 
 5.90000000e-01  5.90000000e-01  5.90000000e-01  9.61597346e-08  5.90000000e-01  1.11000000e+00 
 6.00000000e-01  6.00000000e-01  6.00000000e-01  1.17935525e-07  6.00000000e-01  1.11000000e+00 
 6.10000000e-01  6.10000000e-01  6.10000000e-01  1.43997086e-07  6.10000000e-01  1.11000000e+00 
 6.20000000e-01  6.20000000e-01  6.20000000e-01  1.74935414e-07  6.20000000e-01  1.11000000e+00 
 6.30000000e-01  6.30000000e-01  6.30000000e-01  2.11349317e-07  6.30000000e-01  1.11000000e+00 
 6.40000000e-01  6.40000000e-01  6.40000000e-01  2.53826862e-07  6.40000000e-01  1.11000000e+00 
 6.50000000e-01  6.50000000e-01  6.50000000e-01  3.02925052e-07  6.50000000e-01  1.11000000e+00 
 6.60000000e-01  6.60000000e-01  6.60000000e-01  3.59149024e-07  6.60000000e-01  1.11000000e+00 
 6.70000000e-01  6.70000000e-01  6.70000000e-01  4.22932234e-07  6.70000000e-01  1.11000000e+00 
 6.80000000e-01  6.80000000e-01  6.80000000e-01  4.94619115e-07  6.80000000e-01  1.11000000e+00 
 6.90000000e-01  6.90000000e-01  6.90000000e-01  5.74451539e-07  6.90000000e-01  1.11000000e+00 
 7.00000000e-01  7.00000000e-01  7.00000000e-01  6.62560068e-07  7.00000000e-01  1.11000000e+00 
 7.10000000e-01  7.10000000e-01  7.10000000e-01  7.58960586e-07  7.10000000e-01  1.11000000e+00 
 7.20000000e-01  7.20000000e-01  7.20000000e-01  8.63556383e-07  7.20000000e-01  1.11000000e+00 
 7.30000000e-01  7.30000000e-01  7.30000000e-01  9.76145304e-07  7.30000000e-01  1.11000000e+00 
 7.40000000e-01  7.40000000e-01  7.40000000e-01  1.09643117e-06  7.40000000e-01  1.11000000e+00 
 7.50000000e-01  7.50000000e-01  7.50000000e-01  1.22403843e-06  7.50000000e-01  1.11000000e+00 
 7.60000000e-01  7.60000000e-01  7.60000000e-01  1.35852879e-06  7.60000000e-01  1.11000000e+00 
 7.70000000e-01  7.70000000e-01  7.70000000e-01  1.49941874e-06  7.70000000e-01  1.11000000e+00 
 7.80000000e-01  7.80000000e-01  7.80000000e-01  1.64619671e-06  7.80000000e-01  1.11000000e+00 
 7.90000000e-01  7.90000000e-01  7.90000000e-01  1.79833916e-06  7.90000000e-01  1.11000000e+00 
 8.00000000e-01  8.00000000e-01  8.00000000e-01  1.95532483e-06  8.00000000e-01  1.11000000e+00 
 8.10000000e-01  8.10000000e-01  8.10000000e-01  2.11664675e-06  8.10000000e-01  1.11000000e+00 
 8.20000000e-01  8.20000000e-01  8.20000000e-01  2.28182183e-06  8.20000000e-01  1.11000000e+00 
 8.30000000e-01  8.30000000e-01  8.30000000e-01  2.45039808e-06  8.30000000e-01  1.11000000e+00 
 8.40000000e-01  8.40000000e-01  8.40000000e-01  2.62195955e-06  8.40000000e-01  1.11000000e+00 
 8.50000000e-01  8.50000000e-01  8.50000000e-01  2.79612916e-06  8.50000000e-01  1.11000000e+00 
 8.60000000e-01  8.60000000e-01  8.60000000e-01  2.97256997e-06  8.60000000e-01  1.11000000e+00 
 8.70000000e-01  8.70000000e-01  8.70000000e-01  3.15098486e-06  8.70000000e-01  1.11000000e+00 
 8.80000000e-01  8.80000000e-01  8.80000000e-01  3.33111526e-06  8.80000000e-01  1.11000000e+00 
 8.90000000e-01  8.90000000e-01  8.90000000e-01  3.51273901e-06  8.90000000e-01  1.11000000e+00 
 9.00000000e-01  9.00000000e-01  9.00000000e-01  3.69566765e-06  9.00000000e-01  1.11000000e+00 
 9.10000000e-01  9.10000000e-01  9.10000000e-01  3.87974349e-06  9.10000000e-01  1.11000000e+00 
 9.20000000e-01  9.20000000e-01  9.20000000e-01  4.06483637e-06  9.20000000e-01  1.11000000e+00 
 9.30000000e-01  9.30000000e-01  9.30000000e-01  4.25084056e-06  9.30000000e-01  1.11000000e+00 
 9.40000000e-01  9.40000000e-01  9.40000000e-01  4.43767161e-06  9.40000000e-01  1.11000000e+00 
 9.50000000e-01  9.50000000e-01  9.50000000e-01  4.62526348e-06  9.50000000e-01  1.11000000e+00 
 9.60000000e-01  9.60000000e-01  9.60000000e-01  4.81356580e-06  9.60000000e-01  1.11000000e+00 
 9.70000000e-01  9.70000000e-01  9.70000000e-01  5.00254130e-06  9.70000000e-01  1.11000000e+00 
 9.80000000e-01  9.80000000e-01  9.80000000e-01  5.19216372e-06  9.80000000e-01  1.11000000e+00 
 9.90000000e-01  9.90000000e-01  9.90000000e-01  5.38241575e-06  9.90000000e-01  1.11000000e+00 
 1.00000000e+00  1.00000000e+00  1.00000000e+00  5.57328731e-06  1.00000000e+00  1.11000000e+00 
 1.01000000e+00  1.01000000e+00  1.01000000e+00  5.76477398e-06  1.01000000e+00  1.11000000e+00 
 1.02000000e+00  1.02000000e+00  1.02000000e+00  5.95687575e-06  1.02000000e+00  1.11000000e+00 
 1.03000000e+00  1.03000000e+00  1.03000000e+00  6.14959585e-06  1.03000000e+00  1.11000000e+00 
 1.04000000e+00  1.04000000e+00  1.04000000e+00  6.34293985e-06  1.04000000e+00  1.11000000e+00 
 1.05000000e+00  1.05000000e+00  1.05000000e+00  6.53691484e-06  1.05000000e+00  1.11000000e+00 
 1.06000000e+00  1.06000000e+00  1.06000000e+00  6.73152883e-06  1.06000000e+00  1.11000000e+00 
 1.07000000e+00  1.07000000e+00  1.07000000e+00  6.92679016e-06  1.07000000e+00  1.11000000e+00 
 1.08000000e+00  1.08000000e+00  1.08000000e+00  7.12270712e-06  1.08000000e+00  1.11000000e+00 
 1.09000000e+00  1.09000000e+00  1.09000000e+00  7.31928759e-06  1.09000000e+00  1.11000000e+00 
 1.10000000e+00  1.10000000e+00  1.10000000e+00  7.51653879e-06  1.10000000e+00  1.11000000e+00 
 1.11000000e+00  1.11000000e+00  1.11000000e+00  7.71446707e-06  1.11000000e+00  1.11000000e+00 
 1.12000000e+00  1.12000000e+00  1.12000000e+00  7.91307777e-06  1.12000000e+00  1.11000000e+00 
 1.13000000e+00  1.13000000e+00  1.13000000e+00  8.11237513e-06  1.13000000e+00  1.11000000e+00 
 1.14000000e+00  1.14000000e+00  1.14000000e+00  8.31236220e-06  1.14000000e+00  1.11000000e+00 
 1.15000000e+00  1.15000000e+00  1.15000000e+00  8.51304084e-06  1.15000000e+00  1.11000000e+00 
 1.16000000e+00  1.16000000e+00  1.16000000e+00  8.71441171e-06  1.16000000e+00  1.11000000e+00 
 1.17000000e+00  1.17000000e+00  1.17000000e+00  8.91647424e-06  1.17000000e+00  1.11000000e+00 
 1.18000000e+00  1.18000000e+00  1.18000000e+00  9.11922672e-06  1.18000000e+00  1.11000000e+00 
 1.19000000e+00  1.19000000e+00  1.19000000e+00  9.32266628e-06  1.19000000e+00  1.11000000e+00 
 1.20000000e+00  1.20000000e+00  1.20000000e+00  9.52678898e-06  1.20000000e+00  1.11000000e+00 
 1.21000000e+00  1.21000000e+00  1.21000000e+00  9.73158984e-06  1.21000000e+00  1.11000000e+00 
 1.22000000e+00  1.22000000e+00  1.22000000e+00  9.93706291e-06  1.22000000e+00  1.11000000e+00 
 1.23000000e+00  1.23000000e+00  1.23000000e+00  1.01432013e-05  1.23000000e+00  1.11000000e+00 
 1.24000000e+00  1.24000000e+00  1.24000000e+00  1.03499974e-05  1.24000000e+00  1.11000000e+00 
 1.25000000e+00  1.25000000e+00  1.25000000e+00  1.05574425e-05  1.25000000e+00  1.11000000e+00 
 1.26000000e+00  1.26000000e+00  1.26000000e+00  1.07655276e-05  1.26000000e+00  1.11000000e+00 
 1.27000000e+00  1.27000000e+00  1.27000000e+00  1.09742427e-05  1.27000000e+00  1.11000000e+00 
 1.28000000e+00  1.28000000e+00  1.28000000e+00  1.11835773e-05  1.28000000e+00  1.11000000e+00 
 1.29000000e+00  1.29000000e+00  1.29000000e+00  1.13935205e-05  1.29000000e+00  1.11000000e+00 
 1.30000000e+00  1.30000000e+00  1.30000000e+00  1.16040605e-05  1.30000000e+00  1.11000000e+00 
 1.31000000e+00  1.31000000e+00  1.31000000e+00  1.18151856e-05  1.31000000e+00  1.11000000e+00 
 1.32000000e+00  1.32000000e+00  1.32000000e+00  1.20268833e-05  1.32000000e+00  1.11000000e+00 
 1.33000000e+00  1.33000000e+00  1.33000000e+00  1.22391408e-05  1.33000000e+00  1.11000000e+00 
 1.34000000e+00  1.34000000e+00  1.34000000e+00  1.24519453e-05  1.34000000e+00  1.11000000e+00 
 1.35000000e+00  1.35000000e+00  1.35000000e+00  1.26652833e-05  1.35000000e+00  1.11000000e+00 
 1.36000000e+00  1.36000000e+00  1.36000000e+00  1.28791415e-05  1.36000000e+00  1.11000000e+00 
 1.37000000e+00  1.37000000e+00  1.37000000e+00  1.30935060e-05  1.37000000e+00  1.11000000e+00 
 1.38000000e+00  1.38000000e+00  1.38000000e+00  1.33083630e-05  1.38000000e+00  1.11000000e+00 
 1.39000000e+00  1.39000000e+00  1.39000000e+00  1.35236985e-05  1.39000000e+00  1.11000000e+00 
 1.40000000e+00  1.40000000e+00  1.40000000e+00  1.37394985e-05  1.40000000e+00  1.11000000e+00 
 1.41000000e+00  1.41000000e+00  1.41000000e+00  1.39557486e-05  1.41000000e+00  1.11000000e+00 
 1.42000000e+00  1.42000000e+00  1.42000000e+00  1.41724347e-05  1.42000000e+00  1.11000000e+00 
 1.43000000e+00  1.43000000e+00  1.43000000e+00  1.43895425e-05  1.43000000e+00  1.11000000e+00 
 1.44000000e+00  1.44000000e+00  1.44000000e+00  1.46070577e-05  1.44000000e+00  1.11000000e+00 
 1.45000000e+00  1.45000000e+00  1.45000000e+00  1.48249658e-05  1.45000000e+00  1.11000000e+00 
 1.46000000e+00  1.46000000e+00  1.46000000e+00  1.50432528e-05  1.46000000e+00  1.11000000e+00 
 1.47000000e+00  1.47000000e+00  1.47000000e+00  1.52619041e-05  1.47000000e+00  1.11000000e+00 
 1.48000000e+00  1.48000000e+00  1.48000000e+00  1.54809056e-05  1.48000000e+00  1.11000000e+00 
 1.49000000e+00  1.49000000e+00  1.49000000e+00  1.57002431e-05  1.49000000e+00  1.11000000e+00 
 1.50000000e+00  1.50000000e+00  1.50000000e+00  1.59199024e-05  1.50000000e+00  1.11000000e+00 
 1.51000000e+00  1.51000000e+00  1.51000000e+00  1.61398693e-05  1.51000000e+00  1.11000000e+00 
 1.52000000e+00  1.52000000e+00  1.52000000e+00  1.63601299e-05  1.52000000e+00  1.11000000e+00 
 1.53000000e+00  1.53000000e+00  1.53000000e+00  1.65806701e-05  1.53000000e+00  1.11000000e+00 
 1.54000000e+00  1.54000000e+00  1.54000000e+00  1.68014761e-05  1.54000000e+00  1.11000000e+00 
 1.55000000e+00  1.55000000e+00  1.55000000e+00  1.70225340e-05  1.55000000e+00  1.11000000e+00 
 1.56000000e+00  1.56000000e+00  1.56000000e+00  1.72438301e-05  1.56000000e+00  1.11000000e+00 
 1.57000000e+00  1.57000000e+00  1.57000000e+00  1.74653508e-05  1.57000000e+00  1.11000000e+00 
 1.58000000e+00  1.58000000e+00  1.58000000e+00  1.76870824e-05  1.58000000e+00  1.11000000e+00 
 1.59000000e+00  1.59000000e+00  1.59000000e+00  1.79090114e-05  1.59000000e+00  1.11000000e+00 
 1.60000000e+00  1.60000000e+00  1.60000000e+00  1.81311246e-05  1.60000000e+00  1.11000000e+00 
 1.61000000e+00  1.61000000e+00  1.61000000e+00  1.83534085e-05  1.61000000e+00  1.11000000e+00 
 1.62000000e+00  1.62000000e+00  1.62000000e+00  1.85758499e-05  1.62000000e+00  1.11000000e+00 
 1.63000000e+00  1.63000000e+00  1.63000000e+00  1.87984357e-05  1.63000000e+00  1.11000000e+00 
 1.64000000e+00  1.64000000e+00  1.64000000e+00  1.90211530e-05  1.64000000e+00  1.11000000e+00 
 1.65000000e+00  1.65000000e+00  1.65000000e+00  1.92439886e-05  1.65000000e+00  1.11000000e+00 
 1.66000000e+00  1.66000000e+00  1.66000000e+00  1.94669297e-05  1.66000000e+00  1.11000000e+00 
 1.67000000e+00  1.67000000e+00  1.67000000e+00  1.96899635e-05  1.67000000e+00  1.11000000e+00 
 1.68000000e+00  1.68000000e+00  1.68000000e+00  1.99130774e-05  1.68000000e+00  1.11000000e+00 
 1.69000000e+00  1.69000000e+00  1.69000000e+00  2.01362586e-05  1.69000000e+00  1.11000000e+00 
 1.70000000e+00  1.70000000e+00  1.70000000e+00  2.03594947e-05  1.70000000e+00  1.11000000e+00 
 1.71000000e+00  1.71000000e+00  1.71000000e+00  2.05827731e-05  1.71000000e+00  1.11000000e+00 
 1.72000000e+00  1.72000000e+00  1.72000000e+00  2.08060815e-05  1.72000000e+00  1.11000000e+00 
 1.73000000e+00  1.73000000e+00  1.73000000e+00  2.10294074e-05  1.73000000e+00  1.11000000e+00 
 1.74000000e+00  1.74000000e+00  1.74000000e+00  2.12527387e-05  1.74000000e+00  1.11000000e+00 
 1.75000000e+00  1.75000000e+00  1.75000000e+00  2.14760632e-05  1.75000000e+00  1.11000000e+00 
 1.76000000e+00  1.76000000e+00  1.76000000e+00  2.16993687e-05  1.76000000e+00  1.11000000e+00 
 1.77000000e+00  1.77000000e+00  1.77000000e+00  2.19226431e-05  1.77000000e+00  1.11000000e+00 
 1.78000000e+00  1.78000000e+00  1.78000000e+00  2.21458745e-05  1.78000000e+00  1.11000000e+00 
 1.79000000e+00  1.79000000e+00  1.79000000e+00  2.23690509e-05  1.79000000e+00  1.11000000e+00 
 1.80000000e+00  1.80000000e+00  1.80000000e+00  2.25921604e-05  1.80000000e+00  1.11000000e+00 
 1.81000000e+00  1.81000000e+00  1.81000000e+00  2.28151911e-05  1.81000000e+00  1.11000000e+00 
 1.82000000e+00  1.82000000e+00  1.82000000e+00  2.30381314e-05  1.82000000e+00  1.11000000e+00 
 1.83000000e+00  1.83000000e+00  1.83000000e+00  2.32609694e-05  1.83000000e+00  1.11000000e+00 
 1.84000000e+00  1.84000000e+00  1.84000000e+00  2.34836934e-05  1.84000000e+00  1.11000000e+00 
 1.85000000e+00  1.85000000e+00  1.85000000e+00  2.37062919e-05  1.85000000e+00  1.11000000e+00 
