 0.00000000e+00  0.00000000e+00  0.00000000e+00  1.61144051e-13  0.00000000e+00  3.70000000e-01 
 1.00000000e-02  1.00000000e-02  1.00000000e-02  2.01215351e-13  1.00000000e-02  3.70000000e-01 
 2.00000000e-02  2.00000000e-02  2.00000000e-02  2.51238862e-13  2.00000000e-02  3.70000000e-01 
 3.00000000e-02  3.00000000e-02  3.00000000e-02  3.13681574e-13  3.00000000e-02  3.70000000e-01 
 4.00000000e-02  4.00000000e-02  4.00000000e-02  3.91620160e-13  4.00000000e-02  3.70000000e-01 
 5.00000000e-02  5.00000000e-02  5.00000000e-02  4.88890936e-13  5.00000000e-02  3.70000000e-01 
 6.00000000e-02  6.00000000e-02  6.00000000e-02  6.10276445e-13  6.00000000e-02  3.70000000e-01 
 7.00000000e-02  7.00000000e-02  7.00000000e-02  7.61737505e-13  7.00000000e-02  3.70000000e-01 
 8.00000000e-02  8.00000000e-02  8.00000000e-02  9.50701646e-13  8.00000000e-02  3.70000000e-01 
 9.00000000e-02  9.00000000e-02  9.00000000e-02  1.18642149e-12  9.00000000e-02  3.70000000e-01 
 1.00000000e-01  1.00000000e-01  1.00000000e-01  1.48041973e-12  1.00000000e-01  3.70000000e-01 
 1.10000000e-01  1.10000000e-01  1.10000000e-01  1.84704141e-12  1.10000000e-01  3.70000000e-01 
 1.20000000e-01  1.20000000e-01  1.20000000e-01  2.30413877e-12  1.20000000e-01  3.70000000e-01 
 1.30000000e-01  1.30000000e-01  1.30000000e-01  2.87392008e-12  1.30000000e-01  3.70000000e-01 
 1.40000000e-01  1.40000000e-01  1.40000000e-01  3.58400080e-12  1.40000000e-01  3.70000000e-01 
 1.50000000e-01  1.50000000e-01  1.50000000e-01  4.46870444e-12  1.50000000e-01  3.70000000e-01 
 1.60000000e-01  1.60000000e-01  1.60000000e-01  5.57067104e-12  1.60000000e-01  3.70000000e-01 
 1.70000000e-01  1.70000000e-01  1.70000000e-01  6.94284451e-12  1.70000000e-01  3.70000000e-01 
 1.80000000e-01  1.80000000e-01  1.80000000e-01  8.65092596e-12  1.80000000e-01  3.70000000e-01 
 1.90000000e-01  1.90000000e-01  1.90000000e-01  1.07764002e-11  1.90000000e-01  3.70000000e-01 
 2.00000000e-01  2.00000000e-01  2.00000000e-01  1.34202661e-11  2.00000000e-01  3.70000000e-01 
 2.10000000e-01  2.10000000e-01  2.10000000e-01  1.67076325e-11  2.10000000e-01  3.70000000e-01 
 2.20000000e-01  2.20000000e-01  2.20000000e-01  2.07933763e-11  2.20000000e-01  3.70000000e-01 
 2.30000000e-01  2.30000000e-01  2.30000000e-01  2.58691082e-11  2.30000000e-01  3.70000000e-01 
 2.40000000e-01  2.40000000e-01  2.40000000e-01  3.21717461e-11  2.40000000e-01  3.70000000e-01 
 2.50000000e-01  2.50000000e-01  2.50000000e-01  3.99940730e-11  2.50000000e-01  3.70000000e-01 
 2.60000000e-01  2.60000000e-01  2.60000000e-01  4.96977478e-11  2.60000000e-01  3.70000000e-01 
 2.70000000e-01  2.70000000e-01  2.70000000e-01  6.17293625e-11  2.70000000e-01  3.70000000e-01 
 2.80000000e-01  2.80000000e-01  2.80000000e-01  7.66402986e-11  2.80000000e-01  3.70000000e-01 
 2.90000000e-01  2.90000000e-01  2.90000000e-01  9.51113520e-11  2.90000000e-01  3.70000000e-01 
 3.00000000e-01  3.00000000e-01  3.00000000e-01  1.17983380e-10  3.00000000e-01  3.70000000e-01 
 3.10000000e-01  3.10000000e-01  3.10000000e-01  1.46295621e-10  3.10000000e-01  3.70000000e-01 
 3.20000000e-01  3.20000000e-01  3.20000000e-01  1.81333846e-10  3.20000000e-01  3.70000000e-01 
 3.30000000e-01  3.30000000e-01  3.30000000e-01  2.24691244e-10  3.30000000e-01  3.70000000e-01 
 3.40000000e-01  3.40000000e-01  3.40000000e-01  2.78345878e-10  3.40000000e-01  3.70000000e-01 
 3.50000000e-01  3.50000000e-01  3.50000000e-01  3.44759879e-10  3.50000000e-01  3.70000000e-01 
 3.60000000e-01  3.60000000e-01  3.60000000e-01  4.27007246e-10  3.60000000e-01  3.70000000e-01 
 3.70000000e-01  3.70000000e-01  3.70000000e-01  5.28939442e-10  3.70000000e-01  3.70000000e-01 
 3.80000000e-01  3.80000000e-01  3.80000000e-01  6.55400894e-10  3.80000000e-01  3.70000000e-01 
 3.90000000e-01  3.90000000e-01  3.90000000e-01  8.12510268e-10  3.90000000e-01  3.70000000e-01 
 4.00000000e-01  4.00000000e-01  4.00000000e-01  1.00802806e-09  4.00000000e-01  3.70000000e-01 
 4.10000000e-01  4.10000000e-01  4.10000000e-01  1.25183655e-09  4.10000000e-01  3.70000000e-01 
 4.20000000e-01  4.20000000e-01  4.20000000e-01  1.55656480e-09  4.20000000e-01  3.70000000e-01 
 4.30000000e-01  4.30000000e-01  4.30000000e-01  1.93839807e-09  4.30000000e-01  3.70000000e-01 
 4.40000000e-01  4.40000000e-01  4.40000000e-01  2.41811869e-09  4.40000000e-01  3.70000000e-01 
 4.50000000e-01  4.50000000e-01  4.50000000e-01  3.02243139e-09  4.50000000e-01  3.70000000e-01 
 4.60000000e-01  4.60000000e-01  4.60000000e-01  3.78563076e-09  4.60000000e-01  3.70000000e-01 
 4.70000000e-01  4.70000000e-01  4.70000000e-01  4.75166869e-09  4.70000000e-01  3.70000000e-01 
 4.80000000e-01  4.80000000e-01  4.80000000e-01  5.97667379e-09  4.80000000e-01  3.70000000e-01 
 4.90000000e-01  4.90000000e-01  4.90000000e-01  7.53195973e-09  4.90000000e-01  3.70000000e-01 
 5.00000000e-01  5.00000000e-01  5.00000000e-01  9.50753169e-09  5.00000000e-01  3.70000000e-01 
 5.10000000e-01  5.10000000e-01  5.10000000e-01  1.20160574e-08  5.10000000e-01  3.70000000e-01 
 5.20000000e-01  5.20000000e-01  5.20000000e-01  1.51972088e-08  5.20000000e-01  3.70000000e-01 
 5.30000000e-01  5.30000000e-01  5.30000000e-01  1.92222025e-08  5.30000000e-01  3.70000000e-01 
 5.40000000e-01  5.40000000e-01  5.40000000e-01  2.42982746e-08  5.40000000e-01  3.70000000e-01 
 5.50000000e-01  5.50000000e-01  5.50000000e-01  3.06727225e-08  5.50000000e-01  3.70000000e-01 
 5.60000000e-01  5.60000000e-01  5.60000000e-01  3.86360504e-08  5.60000000e-01  3.70000000e-01 
 5.70000000e-01  5.70000000e-01  5.70000000e-01  4.85236763e-08  5.70000000e-01  3.70000000e-01 
 5.80000000e-01  5.80000000e-01  5.80000000e-01  6.07156173e-08  5.80000000e-01  3.70000000e-01 
 5.90000000e-01  5.90000000e-01  5.90000000e-01  7.56335971e-08  5.90000000e-01  3.70000000e-01 
 6.00000000e-01  6.00000000e-01  6.00000000e-01  9.37351176e-08  6.00000000e-01  3.70000000e-01 
 6.10000000e-01  6.10000000e-01  6.10000000e-01  1.15504230e-07  6.10000000e-01  3.70000000e-01 
 6.20000000e-01  6.20000000e-01  6.20000000e-01  1.41439019e-07  6.20000000e-01  3.70000000e-01 
 6.30000000e-01  6.30000000e-01  6.30000000e-01  1.72036148e-07  6.30000000e-01  3.70000000e-01 
 6.40000000e-01  6.40000000e-01  6.40000000e-01  2.07773184e-07  6.40000000e-01  3.70000000e-01 
 6.50000000e-01  6.50000000e-01  6.50000000e-01  2.49089764e-07  6.50000000e-01  3.70000000e-01 
 6.60000000e-01  6.60000000e-01  6.60000000e-01  2.96368897e-07  6.60000000e-01  3.70000000e-01 
 6.70000000e-01  6.70000000e-01  6.70000000e-01  3.49919834e-07  6.70000000e-01  3.70000000e-01 
 6.80000000e-01  6.80000000e-01  6.80000000e-01  4.09963877e-07  6.80000000e-01  3.70000000e-01 
 6.90000000e-01  6.90000000e-01  6.90000000e-01  4.76624269e-07  6.90000000e-01  3.70000000e-01 
 7.00000000e-01  7.00000000e-01  7.00000000e-01  5.49920950e-07  7.00000000e-01  3.70000000e-01 
 7.10000000e-01  7.10000000e-01  7.10000000e-01  6.29770507e-07  7.10000000e-01  3.70000000e-01 
 7.20000000e-01  7.20000000e-01  7.20000000e-01  7.15991140e-07  7.20000000e-01  3.70000000e-01 
 7.30000000e-01  7.30000000e-01  7.30000000e-01  8.08312069e-07  7.30000000e-01  3.70000000e-01 
 7.40000000e-01  7.40000000e-01  7.40000000e-01  9.06386431e-07  7.40000000e-01  3.70000000e-01 
 7.50000000e-01  7.50000000e-01  7.50000000e-01  1.00980654e-06  7.50000000e-01  3.70000000e-01 
 7.60000000e-01  7.60000000e-01  7.60000000e-01  1.11812031e-06  7.60000000e-01  3.70000000e-01 
 7.70000000e-01  7.70000000e-01  7.70000000e-01  1.23084775e-06  7.70000000e-01  3.70000000e-01 
 7.80000000e-01  7.80000000e-01  7.80000000e-01  1.34749649e-06  7.80000000e-01  3.70000000e-01 
 7.90000000e-01  7.90000000e-01  7.90000000e-01  1.46757578e-06  7.90000000e-01  3.70000000e-01 
 8.00000000e-01  8.00000000e-01  8.00000000e-01  1.59060825e-06  8.00000000e-01  3.70000000e-01 
 8.10000000e-01  8.10000000e-01  8.10000000e-01  1.71613940e-06  8.10000000e-01  3.70000000e-01 
 8.20000000e-01  8.20000000e-01  8.20000000e-01  1.84374470e-06  8.20000000e-01  3.70000000e-01 
 8.30000000e-01  8.30000000e-01  8.30000000e-01  1.97303440e-06  8.30000000e-01  3.70000000e-01 
 8.40000000e-01  8.40000000e-01  8.40000000e-01  2.10365632e-06  8.40000000e-01  3.70000000e-01 
 8.50000000e-01  8.50000000e-01  8.50000000e-01  2.23529688e-06  8.50000000e-01  3.70000000e-01 
 8.60000000e-01  8.60000000e-01  8.60000000e-01  2.36768082e-06  8.60000000e-01  3.70000000e-01 
 8.70000000e-01  8.70000000e-01  8.70000000e-01  2.50056973e-06  8.70000000e-01  3.70000000e-01 
 8.80000000e-01  8.80000000e-01  8.80000000e-01  2.63375986e-06  8.80000000e-01  3.70000000e-01 
 8.90000000e-01  8.90000000e-01  8.90000000e-01  2.76707939e-06  8.90000000e-01  3.70000000e-01 
 9.00000000e-01  9.00000000e-01  9.00000000e-01  2.90038542e-06  9.00000000e-01  3.70000000e-01 
 9.10000000e-01  9.10000000e-01  9.10000000e-01  3.03356081e-06  9.10000000e-01  3.70000000e-01 
 9.20000000e-01  9.20000000e-01  9.20000000e-01  3.16651106e-06  9.20000000e-01  3.70000000e-01 
 9.30000000e-01  9.30000000e-01  9.30000000e-01  3.29916129e-06  9.30000000e-01  3.70000000e-01 
 9.40000000e-01  9.40000000e-01  9.40000000e-01  3.43145340e-06  9.40000000e-01  3.70000000e-01 
 9.50000000e-01  9.50000000e-01  9.50000000e-01  3.56334347e-06  9.50000000e-01  3.70000000e-01 
 9.60000000e-01  9.60000000e-01  9.60000000e-01  3.69479937e-06  9.60000000e-01  3.70000000e-01 
 9.70000000e-01  9.70000000e-01  9.70000000e-01  3.82579867e-06  9.70000000e-01  3.70000000e-01 
 9.80000000e-01  9.80000000e-01  9.80000000e-01  3.95632680e-06  9.80000000e-01  3.70000000e-01 
 9.90000000e-01  9.90000000e-01  9.90000000e-01  4.08637548e-06  9.90000000e-01  3.70000000e-01 
 1.00000000e+00  1.00000000e+00  1.00000000e+00  4.21594130e-06  1.00000000e+00  3.70000000e-01 
 1.01000000e+00  1.01000000e+00  1.01000000e+00  4.34502452e-06  1.01000000e+00  3.70000000e-01 
 1.02000000e+00  1.02000000e+00  1.02000000e+00  4.47362815e-06  1.02000000e+00  3.70000000e-01 
 1.03000000e+00  1.03000000e+00  1.03000000e+00  4.60175706e-06  1.03000000e+00  3.70000000e-01 
 1.04000000e+00  1.04000000e+00  1.04000000e+00  4.72941737e-06  1.04000000e+00  3.70000000e-01 
 1.05000000e+00  1.05000000e+00  1.05000000e+00  4.85661583e-06  1.05000000e+00  3.70000000e-01 
 1.06000000e+00  1.06000000e+00  1.06000000e+00  4.98335948e-06  1.06000000e+00  3.70000000e-01 
 1.07000000e+00  1.07000000e+00  1.07000000e+00  5.10965519e-06  1.07000000e+00  3.70000000e-01 
 1.08000000e+00  1.08000000e+00  1.08000000e+00  5.23550951e-06  1.08000000e+00  3.70000000e-01 
 1.09000000e+00  1.09000000e+00  1.09000000e+00  5.36092837e-06  1.09000000e+00  3.70000000e-01 
 1.10000000e+00  1.10000000e+00  1.10000000e+00  5.48591702e-06  1.10000000e+00  3.70000000e-01 
 1.11000000e+00  1.11000000e+00  1.11000000e+00  5.61047989e-06  1.11000000e+00  3.70000000e-01 
 1.12000000e+00  1.12000000e+00  1.12000000e+00  5.73462054e-06  1.12000000e+00  3.70000000e-01 
 1.13000000e+00  1.13000000e+00  1.13000000e+00  5.85834161e-06  1.13000000e+00  3.70000000e-01 
 1.14000000e+00  1.14000000e+00  1.14000000e+00  5.98164486e-06  1.14000000e+00  3.70000000e-01 
 1.15000000e+00  1.15000000e+00  1.15000000e+00  6.10453116e-06  1.15000000e+00  3.70000000e-01 
 1.16000000e+00  1.16000000e+00  1.16000000e+00  6.22700050e-06  1.16000000e+00  3.70000000e-01 
 1.17000000e+00  1.17000000e+00  1.17000000e+00  6.34905205e-06  1.17000000e+00  3.70000000e-01 
 1.18000000e+00  1.18000000e+00  1.18000000e+00  6.47068422e-06  1.18000000e+00  3.70000000e-01 
 1.19000000e+00  1.19000000e+00  1.19000000e+00  6.59189469e-06  1.19000000e+00  3.70000000e-01 
 1.20000000e+00  1.20000000e+00  1.20000000e+00  6.71268046e-06  1.20000000e+00  3.70000000e-01 
 1.21000000e+00  1.21000000e+00  1.21000000e+00  6.83303794e-06  1.21000000e+00  3.70000000e-01 
 1.22000000e+00  1.22000000e+00  1.22000000e+00  6.95296300e-06  1.22000000e+00  3.70000000e-01 
 1.23000000e+00  1.23000000e+00  1.23000000e+00  7.07245100e-06  1.23000000e+00  3.70000000e-01 
 1.24000000e+00  1.24000000e+00  1.24000000e+00  7.19149688e-06  1.24000000e+00  3.70000000e-01 
 1.25000000e+00  1.25000000e+00  1.25000000e+00  7.31009520e-06  1.25000000e+00  3.70000000e-01 
 1.26000000e+00  1.26000000e+00  1.26000000e+00  7.42824021e-06  1.26000000e+00  3.70000000e-01 
 1.27000000e+00  1.27000000e+00  1.27000000e+00  7.54592586e-06  1.27000000e+00  3.70000000e-01 
 1.28000000e+00  1.28000000e+00  1.28000000e+00  7.66314591e-06  1.28000000e+00  3.70000000e-01 
 1.29000000e+00  1.29000000e+00  1.29000000e+00  7.77989392e-06  1.29000000e+00  3.70000000e-01 
 1.30000000e+00  1.30000000e+00  1.30000000e+00  7.89616332e-06  1.30000000e+00  3.70000000e-01 
 1.31000000e+00  1.31000000e+00  1.31000000e+00  8.01194744e-06  1.31000000e+00  3.70000000e-01 
 1.32000000e+00  1.32000000e+00  1.32000000e+00  8.12723956e-06  1.32000000e+00  3.70000000e-01 
 1.33000000e+00  1.33000000e+00  1.33000000e+00  8.24203291e-06  1.33000000e+00  3.70000000e-01 
 1.34000000e+00  1.34000000e+00  1.34000000e+00  8.35632074e-06  1.34000000e+00  3.70000000e-01 
 1.35000000e+00  1.35000000e+00  1.35000000e+00  8.47009632e-06  1.35000000e+00  3.70000000e-01 
 1.36000000e+00  1.36000000e+00  1.36000000e+00  8.58335296e-06  1.36000000e+00  3.70000000e-01 
 1.37000000e+00  1.37000000e+00  1.37000000e+00  8.69608407e-06  1.37000000e+00  3.70000000e-01 
 1.38000000e+00  1.38000000e+00  1.38000000e+00  8.80828315e-06  1.38000000e+00  3.70000000e-01 
 1.39000000e+00  1.39000000e+00  1.39000000e+00  8.91994380e-06  1.39000000e+00  3.70000000e-01 
 1.40000000e+00  1.40000000e+00  1.40000000e+00  9.03105976e-06  1.40000000e+00  3.70000000e-01 
 1.41000000e+00  1.41000000e+00  1.41000000e+00  9.14162490e-06  1.41000000e+00  3.70000000e-01 
 1.42000000e+00  1.42000000e+00  1.42000000e+00  9.25163328e-06  1.42000000e+00  3.70000000e-01 
 1.43000000e+00  1.43000000e+00  1.43000000e+00  9.36107907e-06  1.43000000e+00  3.70000000e-01 
 1.44000000e+00  1.44000000e+00  1.44000000e+00  9.46995667e-06  1.44000000e+00  3.70000000e-01 
 1.45000000e+00  1.45000000e+00  1.45000000e+00  9.57826062e-06  1.45000000e+00  3.70000000e-01 
 1.46000000e+00  1.46000000e+00  1.46000000e+00  9.68598567e-06  1.46000000e+00  3.70000000e-01 
 1.47000000e+00  1.47000000e+00  1.47000000e+00  9.79312677e-06  1.47000000e+00  3.70000000e-01 
 1.48000000e+00  1.48000000e+00  1.48000000e+00  9.89967904e-06  1.48000000e+00  3.70000000e-01 
 1.49000000e+00  1.49000000e+00  1.49000000e+00  1.00056378e-05  1.49000000e+00  3.70000000e-01 
 1.50000000e+00  1.50000000e+00  1.50000000e+00  1.01109987e-05  1.50000000e+00  3.70000000e-01 
 1.51000000e+00  1.51000000e+00  1.51000000e+00  1.02157573e-05  1.51000000e+00  3.70000000e-01 
 1.52000000e+00  1.52000000e+00  1.52000000e+00  1.03199097e-05  1.52000000e+00  3.70000000e-01 
 1.53000000e+00  1.53000000e+00  1.53000000e+00  1.04234520e-05  1.53000000e+00  3.70000000e-01 
 1.54000000e+00  1.54000000e+00  1.54000000e+00  1.05263806e-05  1.54000000e+00  3.70000000e-01 
 1.55000000e+00  1.55000000e+00  1.55000000e+00  1.06286920e-05  1.55000000e+00  3.70000000e-01 
 1.56000000e+00  1.56000000e+00  1.56000000e+00  1.07303830e-05  1.56000000e+00  3.70000000e-01 
 1.57000000e+00  1.57000000e+00  1.57000000e+00  1.08314505e-05  1.57000000e+00  3.70000000e-01 
 1.58000000e+00  1.58000000e+00  1.58000000e+00  1.09318918e-05  1.58000000e+00  3.70000000e-01 
 1.59000000e+00  1.59000000e+00  1.59000000e+00  1.10317042e-05  1.59000000e+00  3.70000000e-01 
 1.60000000e+00  1.60000000e+00  1.60000000e+00  1.11308852e-05  1.60000000e+00  3.70000000e-01 
 1.61000000e+00  1.61000000e+00  1.61000000e+00  1.12294327e-05  1.61000000e+00  3.70000000e-01 
 1.62000000e+00  1.62000000e+00  1.62000000e+00  1.13273445e-05  1.62000000e+00  3.70000000e-01 
 1.63000000e+00  1.63000000e+00  1.63000000e+00  1.14246187e-05  1.63000000e+00  3.70000000e-01 
 1.64000000e+00  1.64000000e+00  1.64000000e+00  1.15212537e-05  1.64000000e+00  3.70000000e-01 
 1.65000000e+00  1.65000000e+00  1.65000000e+00  1.16172479e-05  1.65000000e+00  3.70000000e-01 
 1.66000000e+00  1.66000000e+00  1.66000000e+00  1.17126000e-05  1.66000000e+00  3.70000000e-01 
 1.67000000e+00  1.67000000e+00  1.67000000e+00  1.18073088e-05  1.67000000e+00  3.70000000e-01 
 1.68000000e+00  1.68000000e+00  1.68000000e+00  1.19013733e-05  1.68000000e+00  3.70000000e-01 
 1.69000000e+00  1.69000000e+00  1.69000000e+00  1.19947926e-05  1.69000000e+00  3.70000000e-01 
 1.70000000e+00  1.70000000e+00  1.70000000e+00  1.20875660e-05  1.70000000e+00  3.70000000e-01 
 1.71000000e+00  1.71000000e+00  1.71000000e+00  1.21796930e-05  1.71000000e+00  3.70000000e-01 
 1.72000000e+00  1.72000000e+00  1.72000000e+00  1.22711732e-05  1.72000000e+00  3.70000000e-01 
 1.73000000e+00  1.73000000e+00  1.73000000e+00  1.23620064e-05  1.73000000e+00  3.70000000e-01 
 1.74000000e+00  1.74000000e+00  1.74000000e+00  1.24521924e-05  1.74000000e+00  3.70000000e-01 
 1.75000000e+00  1.75000000e+00  1.75000000e+00  1.25417313e-05  1.75000000e+00  3.70000000e-01 
 1.76000000e+00  1.76000000e+00  1.76000000e+00  1.26306232e-05  1.76000000e+00  3.70000000e-01 
 1.77000000e+00  1.77000000e+00  1.77000000e+00  1.27188685e-05  1.77000000e+00  3.70000000e-01 
 1.78000000e+00  1.78000000e+00  1.78000000e+00  1.28064675e-05  1.78000000e+00  3.70000000e-01 
 1.79000000e+00  1.79000000e+00  1.79000000e+00  1.28934209e-05  1.79000000e+00  3.70000000e-01 
 1.80000000e+00  1.80000000e+00  1.80000000e+00  1.29797292e-05  1.80000000e+00  3.70000000e-01 
 1.81000000e+00  1.81000000e+00  1.81000000e+00  1.30653933e-05  1.81000000e+00  3.70000000e-01 
 1.82000000e+00  1.82000000e+00  1.82000000e+00  1.31504141e-05  1.82000000e+00  3.70000000e-01 
 1.83000000e+00  1.83000000e+00  1.83000000e+00  1.32347925e-05  1.83000000e+00  3.70000000e-01 
 1.84000000e+00  1.84000000e+00  1.84000000e+00  1.33185297e-05  1.84000000e+00  3.70000000e-01 
 1.85000000e+00  1.85000000e+00  1.85000000e+00  1.34016269e-05  1.85000000e+00  3.70000000e-01 
