 0.00000000e+00  0.00000000e+00  0.00000000e+00  1.79209424e-26  0.00000000e+00  7.40000000e-01 
 1.00000000e-02  1.00000000e-02  1.00000000e-02  4.09852131e-26  1.00000000e-02  7.40000000e-01 
 2.00000000e-02  2.00000000e-02  2.00000000e-02  9.37311423e-26  2.00000000e-02  7.40000000e-01 
 3.00000000e-02  3.00000000e-02  3.00000000e-02  2.14359927e-25  3.00000000e-02  7.40000000e-01 
 4.00000000e-02  4.00000000e-02  4.00000000e-02  4.90228855e-25  4.00000000e-02  7.40000000e-01 
 5.00000000e-02  5.00000000e-02  5.00000000e-02  1.12113704e-24  5.00000000e-02  7.40000000e-01 
 6.00000000e-02  6.00000000e-02  6.00000000e-02  2.56398696e-24  6.00000000e-02  7.40000000e-01 
 7.00000000e-02  7.00000000e-02  7.00000000e-02  5.86372753e-24  7.00000000e-02  7.40000000e-01 
 8.00000000e-02  8.00000000e-02  8.00000000e-02  1.34100907e-23  8.00000000e-02  7.40000000e-01 
 9.00000000e-02  9.00000000e-02  9.00000000e-02  3.06683182e-23  9.00000000e-02  7.40000000e-01 
 1.00000000e-01  1.00000000e-01  1.00000000e-01  7.01370855e-23  1.00000000e-01  7.40000000e-01 
 1.10000000e-01  1.10000000e-01  1.10000000e-01  1.60400477e-22  1.10000000e-01  7.40000000e-01 
 1.20000000e-01  1.20000000e-01  1.20000000e-01  3.66828892e-22  1.20000000e-01  7.40000000e-01 
 1.30000000e-01  1.30000000e-01  1.30000000e-01  8.38921712e-22  1.30000000e-01  7.40000000e-01 
 1.40000000e-01  1.40000000e-01  1.40000000e-01  1.91857673e-21  1.40000000e-01  7.40000000e-01 
 1.50000000e-01  1.50000000e-01  1.50000000e-01  4.38769978e-21  1.50000000e-01  7.40000000e-01 
 1.60000000e-01  1.60000000e-01  1.60000000e-01  1.00344709e-20  1.60000000e-01  7.40000000e-01 
 1.70000000e-01  1.70000000e-01  1.70000000e-01  2.29483729e-20  1.70000000e-01  7.40000000e-01 
 1.80000000e-01  1.80000000e-01  1.80000000e-01  5.24818422e-20  1.80000000e-01  7.40000000e-01 
 1.90000000e-01  1.90000000e-01  1.90000000e-01  1.20023376e-19  1.90000000e-01  7.40000000e-01 
 2.00000000e-01  2.00000000e-01  2.00000000e-01  2.74487151e-19  2.00000000e-01  7.40000000e-01 
 2.10000000e-01  2.10000000e-01  2.10000000e-01  6.27736387e-19  2.10000000e-01  7.40000000e-01 
 2.20000000e-01  2.20000000e-01  2.20000000e-01  1.43559268e-18  2.20000000e-01  7.40000000e-01 
 2.30000000e-01  2.30000000e-01  2.30000000e-01  3.28309251e-18  2.30000000e-01  7.40000000e-01 
 2.40000000e-01  2.40000000e-01  2.40000000e-01  7.50813222e-18  2.40000000e-01  7.40000000e-01 
 2.50000000e-01  2.50000000e-01  2.50000000e-01  1.71702265e-17  2.50000000e-01  7.40000000e-01 
 2.60000000e-01  2.60000000e-01  2.60000000e-01  3.92656744e-17  2.60000000e-01  7.40000000e-01 
 2.70000000e-01  2.70000000e-01  2.70000000e-01  8.97923622e-17  2.70000000e-01  7.40000000e-01 
 2.80000000e-01  2.80000000e-01  2.80000000e-01  2.05328652e-16  2.80000000e-01  7.40000000e-01 
 2.90000000e-01  2.90000000e-01  2.90000000e-01  4.69499630e-16  2.90000000e-01  7.40000000e-01 
 3.00000000e-01  3.00000000e-01  3.00000000e-01  1.07345533e-15  3.00000000e-01  7.40000000e-01 
 3.10000000e-01  3.10000000e-01  3.10000000e-01  2.45401270e-15  3.10000000e-01  7.40000000e-01 
 3.20000000e-01  3.20000000e-01  3.20000000e-01  5.60899670e-15  3.20000000e-01  7.40000000e-01 
 3.30000000e-01  3.30000000e-01  3.30000000e-01  1.28163984e-14  3.30000000e-01  7.40000000e-01 
 3.40000000e-01  3.40000000e-01  3.40000000e-01  2.92721254e-14  3.40000000e-01  7.40000000e-01 
 3.50000000e-01  3.50000000e-01  3.50000000e-01  6.68116366e-14  3.50000000e-01  7.40000000e-01 
 3.60000000e-01  3.60000000e-01  3.60000000e-01  1.52339529e-13  3.60000000e-01  7.40000000e-01 
 3.70000000e-01  3.70000000e-01  3.70000000e-01  3.46829334e-13  3.70000000e-01  7.40000000e-01 
 3.80000000e-01  3.80000000e-01  3.80000000e-01  7.87833301e-13  3.80000000e-01  7.40000000e-01 
 3.90000000e-01  3.90000000e-01  3.90000000e-01  1.78354708e-12  3.90000000e-01  7.40000000e-01 
 4.00000000e-01  4.00000000e-01  4.00000000e-01  4.01754580e-12  4.00000000e-01  7.40000000e-01 
 4.10000000e-01  4.10000000e-01  4.10000000e-01  8.98362079e-12  4.10000000e-01  7.40000000e-01 
 4.20000000e-01  4.20000000e-01  4.20000000e-01  1.98766852e-11  4.20000000e-01  7.40000000e-01 
 4.30000000e-01  4.30000000e-01  4.30000000e-01  4.33254204e-11  4.30000000e-01  7.40000000e-01 
 4.40000000e-01  4.40000000e-01  4.40000000e-01  9.25222704e-11  4.40000000e-01  7.40000000e-01 
 4.50000000e-01  4.50000000e-01  4.50000000e-01  1.92335550e-10  4.50000000e-01  7.40000000e-01 
 4.60000000e-01  4.60000000e-01  4.60000000e-01  3.86649146e-10  4.60000000e-01  7.40000000e-01 
 4.70000000e-01  4.70000000e-01  4.70000000e-01  7.47512741e-10  4.70000000e-01  7.40000000e-01 
 4.80000000e-01  4.80000000e-01  4.80000000e-01  1.38558353e-09  4.80000000e-01  7.40000000e-01 
 4.90000000e-01  4.90000000e-01  4.90000000e-01  2.46315341e-09  4.90000000e-01  7.40000000e-01 
 5.00000000e-01  5.00000000e-01  5.00000000e-01  4.21457561e-09  5.00000000e-01  7.40000000e-01 
 5.10000000e-01  5.10000000e-01  5.10000000e-01  6.98168992e-09  5.10000000e-01  7.40000000e-01 
 5.20000000e-01  5.20000000e-01  5.20000000e-01  1.12726919e-08  5.20000000e-01  7.40000000e-01 
 5.30000000e-01  5.30000000e-01  5.30000000e-01  1.78542810e-08  5.30000000e-01  7.40000000e-01 
 5.40000000e-01  5.40000000e-01  5.40000000e-01  2.78920180e-08  5.40000000e-01  7.40000000e-01 
 5.50000000e-01  5.50000000e-01  5.50000000e-01  4.31635942e-08  5.50000000e-01  7.40000000e-01 
 5.60000000e-01  5.60000000e-01  5.60000000e-01  6.63838907e-08  5.60000000e-01  7.40000000e-01 
 5.70000000e-01  5.70000000e-01  5.70000000e-01  1.01698171e-07  5.70000000e-01  7.40000000e-01 
 5.80000000e-01  5.80000000e-01  5.80000000e-01  1.55414041e-07  5.80000000e-01  7.40000000e-01 
 5.90000000e-01  5.90000000e-01  5.90000000e-01  2.37030747e-07  5.90000000e-01  7.40000000e-01 
 6.00000000e-01  6.00000000e-01  6.00000000e-01  3.60530849e-07  6.00000000e-01  7.40000000e-01 
 6.10000000e-01  6.10000000e-01  6.10000000e-01  5.45644493e-07  6.10000000e-01  7.40000000e-01 
 6.20000000e-01  6.20000000e-01  6.20000000e-01  8.18376264e-07  6.20000000e-01  7.40000000e-01 
 6.30000000e-01  6.30000000e-01  6.30000000e-01  1.20978474e-06  6.30000000e-01  7.40000000e-01 
 6.40000000e-01  6.40000000e-01  6.40000000e-01  1.75242538e-06  6.40000000e-01  7.40000000e-01 
 6.50000000e-01  6.50000000e-01  6.50000000e-01  2.47523318e-06  6.50000000e-01  7.40000000e-01 
 6.60000000e-01  6.60000000e-01  6.60000000e-01  3.39893809e-06  6.60000000e-01  7.40000000e-01 
 6.70000000e-01  6.70000000e-01  6.70000000e-01  4.53394370e-06  6.70000000e-01  7.40000000e-01 
 6.80000000e-01  6.80000000e-01  6.80000000e-01  5.88103476e-06  6.80000000e-01  7.40000000e-01 
 6.90000000e-01  6.90000000e-01  6.90000000e-01  7.43384097e-06  6.90000000e-01  7.40000000e-01 
 7.00000000e-01  7.00000000e-01  7.00000000e-01  9.18167270e-06  7.00000000e-01  7.40000000e-01 
 7.10000000e-01  7.10000000e-01  7.10000000e-01  1.11118517e-05  7.10000000e-01  7.40000000e-01 
 7.20000000e-01  7.20000000e-01  7.20000000e-01  1.32112717e-05  7.20000000e-01  7.40000000e-01 
 7.30000000e-01  7.30000000e-01  7.30000000e-01  1.54672825e-05  7.30000000e-01  7.40000000e-01 
 7.40000000e-01  7.40000000e-01  7.40000000e-01  1.78681052e-05  7.40000000e-01  7.40000000e-01 
 7.50000000e-01  7.50000000e-01  7.50000000e-01  2.04029669e-05  7.50000000e-01  7.40000000e-01 
 7.60000000e-01  7.60000000e-01  7.60000000e-01  2.30620884e-05  7.60000000e-01  7.40000000e-01 
 7.70000000e-01  7.70000000e-01  7.70000000e-01  2.58366069e-05  7.70000000e-01  7.40000000e-01 
 7.80000000e-01  7.80000000e-01  7.80000000e-01  2.87184778e-05  7.80000000e-01  7.40000000e-01 
 7.90000000e-01  7.90000000e-01  7.90000000e-01  3.17003770e-05  7.90000000e-01  7.40000000e-01 
 8.00000000e-01  8.00000000e-01  8.00000000e-01  3.47756135e-05  8.00000000e-01  7.40000000e-01 
 8.10000000e-01  8.10000000e-01  8.10000000e-01  3.79380541e-05  8.10000000e-01  7.40000000e-01 
 8.20000000e-01  8.20000000e-01  8.20000000e-01  4.11820599e-05  8.20000000e-01  7.40000000e-01 
 8.30000000e-01  8.30000000e-01  8.30000000e-01  4.45024332e-05  8.30000000e-01  7.40000000e-01 
 8.40000000e-01  8.40000000e-01  8.40000000e-01  4.78943732e-05  8.40000000e-01  7.40000000e-01 
 8.50000000e-01  8.50000000e-01  8.50000000e-01  5.13534374e-05  8.50000000e-01  7.40000000e-01 
 8.60000000e-01  8.60000000e-01  8.60000000e-01  5.48755097e-05  8.60000000e-01  7.40000000e-01 
 8.70000000e-01  8.70000000e-01  8.70000000e-01  5.84567713e-05  8.70000000e-01  7.40000000e-01 
 8.80000000e-01  8.80000000e-01  8.80000000e-01  6.20936761e-05  8.80000000e-01  7.40000000e-01 
 8.90000000e-01  8.90000000e-01  8.90000000e-01  6.57829280e-05  8.90000000e-01  7.40000000e-01 
 9.00000000e-01  9.00000000e-01  9.00000000e-01  6.95214611e-05  9.00000000e-01  7.40000000e-01 
 9.10000000e-01  9.10000000e-01  9.10000000e-01  7.33064213e-05  9.10000000e-01  7.40000000e-01 
 9.20000000e-01  9.20000000e-01  9.20000000e-01  7.71351498e-05  9.20000000e-01  7.40000000e-01 
 9.30000000e-01  9.30000000e-01  9.30000000e-01  8.10051682e-05  9.30000000e-01  7.40000000e-01 
 9.40000000e-01  9.40000000e-01  9.40000000e-01  8.49141643e-05  9.40000000e-01  7.40000000e-01 
 9.50000000e-01  9.50000000e-01  9.50000000e-01  8.88599797e-05  9.50000000e-01  7.40000000e-01 
 9.60000000e-01  9.60000000e-01  9.60000000e-01  9.28405980e-05  9.60000000e-01  7.40000000e-01 
 9.70000000e-01  9.70000000e-01  9.70000000e-01  9.68541331e-05  9.70000000e-01  7.40000000e-01 
 9.80000000e-01  9.80000000e-01  9.80000000e-01  1.00898821e-04  9.80000000e-01  7.40000000e-01 
 9.90000000e-01  9.90000000e-01  9.90000000e-01  1.04973011e-04  9.90000000e-01  7.40000000e-01 
 1.00000000e+00  1.00000000e+00  1.00000000e+00  1.09075155e-04  1.00000000e+00  7.40000000e-01 
 1.01000000e+00  1.01000000e+00  1.01000000e+00  1.13203804e-04  1.01000000e+00  7.40000000e-01 
 1.02000000e+00  1.02000000e+00  1.02000000e+00  1.17357595e-04  1.02000000e+00  7.40000000e-01 
 1.03000000e+00  1.03000000e+00  1.03000000e+00  1.21535252e-04  1.03000000e+00  7.40000000e-01 
 1.04000000e+00  1.04000000e+00  1.04000000e+00  1.25735572e-04  1.04000000e+00  7.40000000e-01 
 1.05000000e+00  1.05000000e+00  1.05000000e+00  1.29957425e-04  1.05000000e+00  7.40000000e-01 
 1.06000000e+00  1.06000000e+00  1.06000000e+00  1.34199748e-04  1.06000000e+00  7.40000000e-01 
 1.07000000e+00  1.07000000e+00  1.07000000e+00  1.38461540e-04  1.07000000e+00  7.40000000e-01 
 1.08000000e+00  1.08000000e+00  1.08000000e+00  1.42741854e-04  1.08000000e+00  7.40000000e-01 
 1.09000000e+00  1.09000000e+00  1.09000000e+00  1.47039801e-04  1.09000000e+00  7.40000000e-01 
 1.10000000e+00  1.10000000e+00  1.10000000e+00  1.51354538e-04  1.10000000e+00  7.40000000e-01 
 1.11000000e+00  1.11000000e+00  1.11000000e+00  1.55685270e-04  1.11000000e+00  7.40000000e-01 
 1.12000000e+00  1.12000000e+00  1.12000000e+00  1.60031246e-04  1.12000000e+00  7.40000000e-01 
 1.13000000e+00  1.13000000e+00  1.13000000e+00  1.64391753e-04  1.13000000e+00  7.40000000e-01 
 1.14000000e+00  1.14000000e+00  1.14000000e+00  1.68766118e-04  1.14000000e+00  7.40000000e-01 
 1.15000000e+00  1.15000000e+00  1.15000000e+00  1.73153702e-04  1.15000000e+00  7.40000000e-01 
 1.16000000e+00  1.16000000e+00  1.16000000e+00  1.77553898e-04  1.16000000e+00  7.40000000e-01 
 1.17000000e+00  1.17000000e+00  1.17000000e+00  1.81966131e-04  1.17000000e+00  7.40000000e-01 
 1.18000000e+00  1.18000000e+00  1.18000000e+00  1.86389856e-04  1.18000000e+00  7.40000000e-01 
 1.19000000e+00  1.19000000e+00  1.19000000e+00  1.90824552e-04  1.19000000e+00  7.40000000e-01 
 1.20000000e+00  1.20000000e+00  1.20000000e+00  1.95269725e-04  1.20000000e+00  7.40000000e-01 
 1.21000000e+00  1.21000000e+00  1.21000000e+00  1.99724906e-04  1.21000000e+00  7.40000000e-01 
 1.22000000e+00  1.22000000e+00  1.22000000e+00  2.04189645e-04  1.22000000e+00  7.40000000e-01 
 1.23000000e+00  1.23000000e+00  1.23000000e+00  2.08663515e-04  1.23000000e+00  7.40000000e-01 
 1.24000000e+00  1.24000000e+00  1.24000000e+00  2.13146110e-04  1.24000000e+00  7.40000000e-01 
 1.25000000e+00  1.25000000e+00  1.25000000e+00  2.17637039e-04  1.25000000e+00  7.40000000e-01 
 1.26000000e+00  1.26000000e+00  1.26000000e+00  2.22135931e-04  1.26000000e+00  7.40000000e-01 
 1.27000000e+00  1.27000000e+00  1.27000000e+00  2.26642431e-04  1.27000000e+00  7.40000000e-01 
 1.28000000e+00  1.28000000e+00  1.28000000e+00  2.31156198e-04  1.28000000e+00  7.40000000e-01 
 1.29000000e+00  1.29000000e+00  1.29000000e+00  2.35676907e-04  1.29000000e+00  7.40000000e-01 
 1.30000000e+00  1.30000000e+00  1.30000000e+00  2.40204246e-04  1.30000000e+00  7.40000000e-01 
 1.31000000e+00  1.31000000e+00  1.31000000e+00  2.44737916e-04  1.31000000e+00  7.40000000e-01 
 1.32000000e+00  1.32000000e+00  1.32000000e+00  2.49277631e-04  1.32000000e+00  7.40000000e-01 
 1.33000000e+00  1.33000000e+00  1.33000000e+00  2.53823114e-04  1.33000000e+00  7.40000000e-01 
 1.34000000e+00  1.34000000e+00  1.34000000e+00  2.58374102e-04  1.34000000e+00  7.40000000e-01 
 1.35000000e+00  1.35000000e+00  1.35000000e+00  2.62930339e-04  1.35000000e+00  7.40000000e-01 
 1.36000000e+00  1.36000000e+00  1.36000000e+00  2.67491582e-04  1.36000000e+00  7.40000000e-01 
 1.37000000e+00  1.37000000e+00  1.37000000e+00  2.72057595e-04  1.37000000e+00  7.40000000e-01 
 1.38000000e+00  1.38000000e+00  1.38000000e+00  2.76628151e-04  1.38000000e+00  7.40000000e-01 
 1.39000000e+00  1.39000000e+00  1.39000000e+00  2.81203031e-04  1.39000000e+00  7.40000000e-01 
 1.40000000e+00  1.40000000e+00  1.40000000e+00  2.85782025e-04  1.40000000e+00  7.40000000e-01 
 1.41000000e+00  1.41000000e+00  1.41000000e+00  2.90364928e-04  1.41000000e+00  7.40000000e-01 
 1.42000000e+00  1.42000000e+00  1.42000000e+00  2.94951545e-04  1.42000000e+00  7.40000000e-01 
 1.43000000e+00  1.43000000e+00  1.43000000e+00  2.99541684e-04  1.43000000e+00  7.40000000e-01 
 1.44000000e+00  1.44000000e+00  1.44000000e+00  3.04135162e-04  1.44000000e+00  7.40000000e-01 
 1.45000000e+00  1.45000000e+00  1.45000000e+00  3.08731801e-04  1.45000000e+00  7.40000000e-01 
 1.46000000e+00  1.46000000e+00  1.46000000e+00  3.13331429e-04  1.46000000e+00  7.40000000e-01 
 1.47000000e+00  1.47000000e+00  1.47000000e+00  3.17933877e-04  1.47000000e+00  7.40000000e-01 
 1.48000000e+00  1.48000000e+00  1.48000000e+00  3.22538985e-04  1.48000000e+00  7.40000000e-01 
 1.49000000e+00  1.49000000e+00  1.49000000e+00  3.27146594e-04  1.49000000e+00  7.40000000e-01 
 1.50000000e+00  1.50000000e+00  1.50000000e+00  3.31756551e-04  1.50000000e+00  7.40000000e-01 
 1.51000000e+00  1.51000000e+00  1.51000000e+00  3.36368707e-04  1.51000000e+00  7.40000000e-01 
 1.52000000e+00  1.52000000e+00  1.52000000e+00  3.40982918e-04  1.52000000e+00  7.40000000e-01 
 1.53000000e+00  1.53000000e+00  1.53000000e+00  3.45599043e-04  1.53000000e+00  7.40000000e-01 
 1.54000000e+00  1.54000000e+00  1.54000000e+00  3.50216944e-04  1.54000000e+00  7.40000000e-01 
 1.55000000e+00  1.55000000e+00  1.55000000e+00  3.54836488e-04  1.55000000e+00  7.40000000e-01 
 1.56000000e+00  1.56000000e+00  1.56000000e+00  3.59457544e-04  1.56000000e+00  7.40000000e-01 
 1.57000000e+00  1.57000000e+00  1.57000000e+00  3.64079983e-04  1.57000000e+00  7.40000000e-01 
 1.58000000e+00  1.58000000e+00  1.58000000e+00  3.68703681e-04  1.58000000e+00  7.40000000e-01 
 1.59000000e+00  1.59000000e+00  1.59000000e+00  3.73328517e-04  1.59000000e+00  7.40000000e-01 
 1.60000000e+00  1.60000000e+00  1.60000000e+00  3.77954371e-04  1.60000000e+00  7.40000000e-01 
 1.61000000e+00  1.61000000e+00  1.61000000e+00  3.82581125e-04  1.61000000e+00  7.40000000e-01 
 1.62000000e+00  1.62000000e+00  1.62000000e+00  3.87208665e-04  1.62000000e+00  7.40000000e-01 
 1.63000000e+00  1.63000000e+00  1.63000000e+00  3.91836878e-04  1.63000000e+00  7.40000000e-01 
 1.64000000e+00  1.64000000e+00  1.64000000e+00  3.96465654e-04  1.64000000e+00  7.40000000e-01 
 1.65000000e+00  1.65000000e+00  1.65000000e+00  4.01094885e-04  1.65000000e+00  7.40000000e-01 
 1.66000000e+00  1.66000000e+00  1.66000000e+00  4.05724463e-04  1.66000000e+00  7.40000000e-01 
 1.67000000e+00  1.67000000e+00  1.67000000e+00  4.10354283e-04  1.67000000e+00  7.40000000e-01 
 1.68000000e+00  1.68000000e+00  1.68000000e+00  4.14984241e-04  1.68000000e+00  7.40000000e-01 
 1.69000000e+00  1.69000000e+00  1.69000000e+00  4.19614237e-04  1.69000000e+00  7.40000000e-01 
 1.70000000e+00  1.70000000e+00  1.70000000e+00  4.24244169e-04  1.70000000e+00  7.40000000e-01 
 1.71000000e+00  1.71000000e+00  1.71000000e+00  4.28873937e-04  1.71000000e+00  7.40000000e-01 
 1.72000000e+00  1.72000000e+00  1.72000000e+00  4.33503445e-04  1.72000000e+00  7.40000000e-01 
 1.73000000e+00  1.73000000e+00  1.73000000e+00  4.38132594e-04  1.73000000e+00  7.40000000e-01 
 1.74000000e+00  1.74000000e+00  1.74000000e+00  4.42761289e-04  1.74000000e+00  7.40000000e-01 
 1.75000000e+00  1.75000000e+00  1.75000000e+00  4.47389434e-04  1.75000000e+00  7.40000000e-01 
 1.76000000e+00  1.76000000e+00  1.76000000e+00  4.52016937e-04  1.76000000e+00  7.40000000e-01 
 1.77000000e+00  1.77000000e+00  1.77000000e+00  4.56643702e-04  1.77000000e+00  7.40000000e-01 
 1.78000000e+00  1.78000000e+00  1.78000000e+00  4.61269639e-04  1.78000000e+00  7.40000000e-01 
 1.79000000e+00  1.79000000e+00  1.79000000e+00  4.65894655e-04  1.79000000e+00  7.40000000e-01 
 1.80000000e+00  1.80000000e+00  1.80000000e+00  4.70518658e-04  1.80000000e+00  7.40000000e-01 
 1.81000000e+00  1.81000000e+00  1.81000000e+00  4.75141559e-04  1.81000000e+00  7.40000000e-01 
 1.82000000e+00  1.82000000e+00  1.82000000e+00  4.79763267e-04  1.82000000e+00  7.40000000e-01 
 1.83000000e+00  1.83000000e+00  1.83000000e+00  4.84383691e-04  1.83000000e+00  7.40000000e-01 
 1.84000000e+00  1.84000000e+00  1.84000000e+00  4.89002744e-04  1.84000000e+00  7.40000000e-01 
 1.85000000e+00  1.85000000e+00  1.85000000e+00  4.93620335e-04  1.85000000e+00  7.40000000e-01 
