 0.00000000e+00  0.00000000e+00  0.00000000e+00  3.52967626e-26  0.00000000e+00  1.85000000e+00 
 1.00000000e-02  1.00000000e-02  1.00000000e-02  8.07211391e-26  1.00000000e-02  1.85000000e+00 
 2.00000000e-02  2.00000000e-02  2.00000000e-02  1.84604248e-25  2.00000000e-02  1.85000000e+00 
 3.00000000e-02  3.00000000e-02  3.00000000e-02  4.22181386e-25  3.00000000e-02  1.85000000e+00 
 4.00000000e-02  4.00000000e-02  4.00000000e-02  9.65506933e-25  4.00000000e-02  1.85000000e+00 
 5.00000000e-02  5.00000000e-02  5.00000000e-02  2.20804795e-24  5.00000000e-02  1.85000000e+00 
 6.00000000e-02  6.00000000e-02  6.00000000e-02  5.04969096e-24  6.00000000e-02  1.85000000e+00 
 7.00000000e-02  7.00000000e-02  7.00000000e-02  1.15483263e-23  7.00000000e-02  1.85000000e+00 
 8.00000000e-02  8.00000000e-02  8.00000000e-02  2.64103454e-23  8.00000000e-02  1.85000000e+00 
 9.00000000e-02  9.00000000e-02  9.00000000e-02  6.03988696e-23  9.00000000e-02  1.85000000e+00 
 1.00000000e-01  1.00000000e-01  1.00000000e-01  1.38128564e-22  1.00000000e-01  1.85000000e+00 
 1.10000000e-01  1.10000000e-01  1.10000000e-01  3.15891756e-22  1.10000000e-01  1.85000000e+00 
 1.20000000e-01  1.20000000e-01  1.20000000e-01  7.22425570e-22  1.20000000e-01  1.85000000e+00 
 1.30000000e-01  1.30000000e-01  1.30000000e-01  1.65214365e-21  1.30000000e-01  1.85000000e+00 
 1.40000000e-01  1.40000000e-01  1.40000000e-01  3.77835235e-21  1.40000000e-01  1.85000000e+00 
 1.50000000e-01  1.50000000e-01  1.50000000e-01  8.64086121e-21  1.50000000e-01  1.85000000e+00 
 1.60000000e-01  1.60000000e-01  1.60000000e-01  1.97611180e-20  1.60000000e-01  1.85000000e+00 
 1.70000000e-01  1.70000000e-01  1.70000000e-01  4.51924437e-20  1.70000000e-01  1.85000000e+00 
 1.80000000e-01  1.80000000e-01  1.80000000e-01  1.03352235e-19  1.80000000e-01  1.85000000e+00 
 1.90000000e-01  1.90000000e-01  1.90000000e-01  2.36359759e-19  1.90000000e-01  1.85000000e+00 
 2.00000000e-01  2.00000000e-01  2.00000000e-01  5.40538467e-19  2.00000000e-01  1.85000000e+00 
 2.10000000e-01  2.10000000e-01  2.10000000e-01  1.23617164e-18  2.10000000e-01  1.85000000e+00 
 2.20000000e-01  2.20000000e-01  2.20000000e-01  2.82702466e-18  2.20000000e-01  1.85000000e+00 
 2.30000000e-01  2.30000000e-01  2.30000000e-01  6.46514653e-18  2.30000000e-01  1.85000000e+00 
 2.40000000e-01  2.40000000e-01  2.40000000e-01  1.47850927e-17  2.40000000e-01  1.85000000e+00 
 2.50000000e-01  2.50000000e-01  2.50000000e-01  3.38115478e-17  2.50000000e-01  1.85000000e+00 
 2.60000000e-01  2.60000000e-01  2.60000000e-01  7.73212697e-17  2.60000000e-01  1.85000000e+00 
 2.70000000e-01  2.70000000e-01  2.70000000e-01  1.76816261e-16  2.70000000e-01  1.85000000e+00 
 2.80000000e-01  2.80000000e-01  2.80000000e-01  4.04323746e-16  2.80000000e-01  1.85000000e+00 
 2.90000000e-01  2.90000000e-01  2.90000000e-01  9.24510469e-16  2.90000000e-01  1.85000000e+00 
 3.00000000e-01  3.00000000e-01  3.00000000e-01  2.11376860e-15  3.00000000e-01  1.85000000e+00 
 3.10000000e-01  3.10000000e-01  3.10000000e-01  4.83222513e-15  3.10000000e-01  1.85000000e+00 
 3.20000000e-01  3.20000000e-01  3.20000000e-01  1.10446618e-14  3.20000000e-01  1.85000000e+00 
 3.30000000e-01  3.30000000e-01  3.30000000e-01  2.52365581e-14  3.30000000e-01  1.85000000e+00 
 3.40000000e-01  3.40000000e-01  3.40000000e-01  5.76388442e-14  3.40000000e-01  1.85000000e+00 
 3.50000000e-01  3.50000000e-01  3.50000000e-01  1.31555800e-13  3.50000000e-01  1.85000000e+00 
 3.60000000e-01  3.60000000e-01  3.60000000e-01  2.99962786e-13  3.60000000e-01  1.85000000e+00 
 3.70000000e-01  3.70000000e-01  3.70000000e-01  6.82916281e-13  3.70000000e-01  1.85000000e+00 
 3.80000000e-01  3.80000000e-01  3.80000000e-01  1.55125372e-12  3.80000000e-01  1.85000000e+00 
 3.90000000e-01  3.90000000e-01  3.90000000e-01  3.51180096e-12  3.90000000e-01  1.85000000e+00 
 4.00000000e-01  4.00000000e-01  4.00000000e-01  7.91048019e-12  4.00000000e-01  1.85000000e+00 
 4.10000000e-01  4.10000000e-01  4.10000000e-01  1.76884522e-11  4.10000000e-01  1.85000000e+00 
 4.20000000e-01  4.20000000e-01  4.20000000e-01  3.91361520e-11  4.20000000e-01  1.85000000e+00 
 4.30000000e-01  4.30000000e-01  4.30000000e-01  8.53043530e-11  4.30000000e-01  1.85000000e+00 
 4.40000000e-01  4.40000000e-01  4.40000000e-01  1.82165335e-10  4.40000000e-01  1.85000000e+00 
 4.50000000e-01  4.50000000e-01  4.50000000e-01  3.78672351e-10  4.50000000e-01  1.85000000e+00 
 4.60000000e-01  4.60000000e-01  4.60000000e-01  7.61190440e-10  4.60000000e-01  1.85000000e+00 
 4.70000000e-01  4.70000000e-01  4.70000000e-01  1.47144848e-09  4.70000000e-01  1.85000000e+00 
 4.80000000e-01  4.80000000e-01  4.80000000e-01  2.72691983e-09  4.80000000e-01  1.85000000e+00 
 4.90000000e-01  4.90000000e-01  4.90000000e-01  4.84602330e-09  4.90000000e-01  1.85000000e+00 
 5.00000000e-01  5.00000000e-01  5.00000000e-01  8.28728526e-09  5.00000000e-01  1.85000000e+00 
 5.10000000e-01  5.10000000e-01  5.10000000e-01  1.37166717e-08  5.10000000e-01  1.85000000e+00 
 5.20000000e-01  5.20000000e-01  5.20000000e-01  2.21180130e-08  5.20000000e-01  1.85000000e+00 
 5.30000000e-01  5.30000000e-01  5.30000000e-01  3.49620730e-08  5.30000000e-01  1.85000000e+00 
 5.40000000e-01  5.40000000e-01  5.40000000e-01  5.44553359e-08  5.40000000e-01  1.85000000e+00 
 5.50000000e-01  5.50000000e-01  5.50000000e-01  8.38995082e-08  5.50000000e-01  1.85000000e+00 
 5.60000000e-01  5.60000000e-01  5.60000000e-01  1.28202399e-07  5.60000000e-01  1.85000000e+00 
 5.70000000e-01  5.70000000e-01  5.70000000e-01  1.94582777e-07  5.70000000e-01  1.85000000e+00 
 5.80000000e-01  5.80000000e-01  5.80000000e-01  2.93491532e-07  5.80000000e-01  1.85000000e+00 
 5.90000000e-01  5.90000000e-01  5.90000000e-01  4.39701132e-07  5.90000000e-01  1.85000000e+00 
 6.00000000e-01  6.00000000e-01  6.00000000e-01  6.53354948e-07  6.00000000e-01  1.85000000e+00 
 6.10000000e-01  6.10000000e-01  6.10000000e-01  9.60500026e-07  6.10000000e-01  1.85000000e+00 
 6.20000000e-01  6.20000000e-01  6.20000000e-01  1.39235574e-06  6.20000000e-01  1.85000000e+00 
 6.30000000e-01  6.30000000e-01  6.30000000e-01  1.98262887e-06  6.30000000e-01  1.85000000e+00 
 6.40000000e-01  6.40000000e-01  6.40000000e-01  2.76296260e-06  6.40000000e-01  1.85000000e+00 
 6.50000000e-01  6.50000000e-01  6.50000000e-01  3.75790466e-06  6.50000000e-01  1.85000000e+00 
 6.60000000e-01  6.60000000e-01  6.60000000e-01  4.98148682e-06  6.60000000e-01  1.85000000e+00 
 6.70000000e-01  6.70000000e-01  6.70000000e-01  6.43671177e-06  6.70000000e-01  1.85000000e+00 
 6.80000000e-01  6.80000000e-01  6.80000000e-01  8.11758743e-06  6.80000000e-01  1.85000000e+00 
 6.90000000e-01  6.90000000e-01  6.90000000e-01  1.00122962e-05  6.90000000e-01  1.85000000e+00 
 7.00000000e-01  7.00000000e-01  7.00000000e-01  1.21061799e-05  7.00000000e-01  1.85000000e+00 
 7.10000000e-01  7.10000000e-01  7.10000000e-01  1.43838964e-05  7.10000000e-01  1.85000000e+00 
 7.20000000e-01  7.20000000e-01  7.20000000e-01  1.68306888e-05  7.20000000e-01  1.85000000e+00 
 7.30000000e-01  7.30000000e-01  7.30000000e-01  1.94329823e-05  7.30000000e-01  1.85000000e+00 
 7.40000000e-01  7.40000000e-01  7.40000000e-01  2.21785648e-05  7.40000000e-01  1.85000000e+00 
 7.50000000e-01  7.50000000e-01  7.50000000e-01  2.50565469e-05  7.50000000e-01  1.85000000e+00 
 7.60000000e-01  7.60000000e-01  7.60000000e-01  2.80572284e-05  7.60000000e-01  1.85000000e+00 
 7.70000000e-01  7.70000000e-01  7.70000000e-01  3.11719392e-05  7.70000000e-01  1.85000000e+00 
 7.80000000e-01  7.80000000e-01  7.80000000e-01  3.43928872e-05  7.80000000e-01  1.85000000e+00 
 7.90000000e-01  7.90000000e-01  7.90000000e-01  3.77130271e-05  7.90000000e-01  1.85000000e+00 
 8.00000000e-01  8.00000000e-01  8.00000000e-01  4.11259518e-05  8.00000000e-01  1.85000000e+00 
 8.10000000e-01  8.10000000e-01  8.10000000e-01  4.46258040e-05  8.10000000e-01  1.85000000e+00 
 8.20000000e-01  8.20000000e-01  8.20000000e-01  4.82072066e-05  8.20000000e-01  1.85000000e+00 
 8.30000000e-01  8.30000000e-01  8.30000000e-01  5.18652052e-05  8.30000000e-01  1.85000000e+00 
 8.40000000e-01  8.40000000e-01  8.40000000e-01  5.55952225e-05  8.40000000e-01  1.85000000e+00 
 8.50000000e-01  8.50000000e-01  8.50000000e-01  5.93930200e-05  8.50000000e-01  1.85000000e+00 
 8.60000000e-01  8.60000000e-01  8.60000000e-01  6.32546663e-05  8.60000000e-01  1.85000000e+00 
 8.70000000e-01  8.70000000e-01  8.70000000e-01  6.71765094e-05  8.70000000e-01  1.85000000e+00 
 8.80000000e-01  8.80000000e-01  8.80000000e-01  7.11551537e-05  8.80000000e-01  1.85000000e+00 
 8.90000000e-01  8.90000000e-01  8.90000000e-01  7.51874382e-05  8.90000000e-01  1.85000000e+00 
 9.00000000e-01  9.00000000e-01  9.00000000e-01  7.92704186e-05  9.00000000e-01  1.85000000e+00 
 9.10000000e-01  9.10000000e-01  9.10000000e-01  8.34013503e-05  9.10000000e-01  1.85000000e+00 
 9.20000000e-01  9.20000000e-01  9.20000000e-01  8.75776729e-05  9.20000000e-01  1.85000000e+00 
 9.30000000e-01  9.30000000e-01  9.30000000e-01  9.17969966e-05  9.30000000e-01  1.85000000e+00 
 9.40000000e-01  9.40000000e-01  9.40000000e-01  9.60570894e-05  9.40000000e-01  1.85000000e+00 
 9.50000000e-01  9.50000000e-01  9.50000000e-01  1.00355865e-04  9.50000000e-01  1.85000000e+00 
 9.60000000e-01  9.60000000e-01  9.60000000e-01  1.04691373e-04  9.60000000e-01  1.85000000e+00 
 9.70000000e-01  9.70000000e-01  9.70000000e-01  1.09061788e-04  9.70000000e-01  1.85000000e+00 
 9.80000000e-01  9.80000000e-01  9.80000000e-01  1.13465398e-04  9.80000000e-01  1.85000000e+00 
 9.90000000e-01  9.90000000e-01  9.90000000e-01  1.17900604e-04  9.90000000e-01  1.85000000e+00 
 1.00000000e+00  1.00000000e+00  1.00000000e+00  1.22365905e-04  1.00000000e+00  1.85000000e+00 
 1.01000000e+00  1.01000000e+00  1.01000000e+00  1.26859892e-04  1.01000000e+00  1.85000000e+00 
 1.02000000e+00  1.02000000e+00  1.02000000e+00  1.31381244e-04  1.02000000e+00  1.85000000e+00 
 1.03000000e+00  1.03000000e+00  1.03000000e+00  1.35928721e-04  1.03000000e+00  1.85000000e+00 
 1.04000000e+00  1.04000000e+00  1.04000000e+00  1.40501155e-04  1.04000000e+00  1.85000000e+00 
 1.05000000e+00  1.05000000e+00  1.05000000e+00  1.45097449e-04  1.05000000e+00  1.85000000e+00 
 1.06000000e+00  1.06000000e+00  1.06000000e+00  1.49716571e-04  1.06000000e+00  1.85000000e+00 
 1.07000000e+00  1.07000000e+00  1.07000000e+00  1.54357550e-04  1.07000000e+00  1.85000000e+00 
 1.08000000e+00  1.08000000e+00  1.08000000e+00  1.59019469e-04  1.08000000e+00  1.85000000e+00 
 1.09000000e+00  1.09000000e+00  1.09000000e+00  1.63701465e-04  1.09000000e+00  1.85000000e+00 
 1.10000000e+00  1.10000000e+00  1.10000000e+00  1.68402724e-04  1.10000000e+00  1.85000000e+00 
 1.11000000e+00  1.11000000e+00  1.11000000e+00  1.73122477e-04  1.11000000e+00  1.85000000e+00 
 1.12000000e+00  1.12000000e+00  1.12000000e+00  1.77859998e-04  1.12000000e+00  1.85000000e+00 
 1.13000000e+00  1.13000000e+00  1.13000000e+00  1.82614602e-04  1.13000000e+00  1.85000000e+00 
 1.14000000e+00  1.14000000e+00  1.14000000e+00  1.87385639e-04  1.14000000e+00  1.85000000e+00 
 1.15000000e+00  1.15000000e+00  1.15000000e+00  1.92172496e-04  1.15000000e+00  1.85000000e+00 
 1.16000000e+00  1.16000000e+00  1.16000000e+00  1.96974593e-04  1.16000000e+00  1.85000000e+00 
 1.17000000e+00  1.17000000e+00  1.17000000e+00  2.01791380e-04  1.17000000e+00  1.85000000e+00 
 1.18000000e+00  1.18000000e+00  1.18000000e+00  2.06622336e-04  1.18000000e+00  1.85000000e+00 
 1.19000000e+00  1.19000000e+00  1.19000000e+00  2.11466967e-04  1.19000000e+00  1.85000000e+00 
 1.20000000e+00  1.20000000e+00  1.20000000e+00  2.16324804e-04  1.20000000e+00  1.85000000e+00 
 1.21000000e+00  1.21000000e+00  1.21000000e+00  2.21195405e-04  1.21000000e+00  1.85000000e+00 
 1.22000000e+00  1.22000000e+00  1.22000000e+00  2.26078346e-04  1.22000000e+00  1.85000000e+00 
 1.23000000e+00  1.23000000e+00  1.23000000e+00  2.30973228e-04  1.23000000e+00  1.85000000e+00 
 1.24000000e+00  1.24000000e+00  1.24000000e+00  2.35879670e-04  1.24000000e+00  1.85000000e+00 
 1.25000000e+00  1.25000000e+00  1.25000000e+00  2.40797310e-04  1.25000000e+00  1.85000000e+00 
 1.26000000e+00  1.26000000e+00  1.26000000e+00  2.45725806e-04  1.26000000e+00  1.85000000e+00 
 1.27000000e+00  1.27000000e+00  1.27000000e+00  2.50664829e-04  1.27000000e+00  1.85000000e+00 
 1.28000000e+00  1.28000000e+00  1.28000000e+00  2.55614070e-04  1.28000000e+00  1.85000000e+00 
 1.29000000e+00  1.29000000e+00  1.29000000e+00  2.60573231e-04  1.29000000e+00  1.85000000e+00 
 1.30000000e+00  1.30000000e+00  1.30000000e+00  2.65542032e-04  1.30000000e+00  1.85000000e+00 
 1.31000000e+00  1.31000000e+00  1.31000000e+00  2.70520203e-04  1.31000000e+00  1.85000000e+00 
 1.32000000e+00  1.32000000e+00  1.32000000e+00  2.75507489e-04  1.32000000e+00  1.85000000e+00 
 1.33000000e+00  1.33000000e+00  1.33000000e+00  2.80503647e-04  1.33000000e+00  1.85000000e+00 
 1.34000000e+00  1.34000000e+00  1.34000000e+00  2.85508444e-04  1.34000000e+00  1.85000000e+00 
 1.35000000e+00  1.35000000e+00  1.35000000e+00  2.90521659e-04  1.35000000e+00  1.85000000e+00 
 1.36000000e+00  1.36000000e+00  1.36000000e+00  2.95543081e-04  1.36000000e+00  1.85000000e+00 
 1.37000000e+00  1.37000000e+00  1.37000000e+00  3.00572508e-04  1.37000000e+00  1.85000000e+00 
 1.38000000e+00  1.38000000e+00  1.38000000e+00  3.05609748e-04  1.38000000e+00  1.85000000e+00 
 1.39000000e+00  1.39000000e+00  1.39000000e+00  3.10654618e-04  1.39000000e+00  1.85000000e+00 
 1.40000000e+00  1.40000000e+00  1.40000000e+00  3.15706943e-04  1.40000000e+00  1.85000000e+00 
 1.41000000e+00  1.41000000e+00  1.41000000e+00  3.20766556e-04  1.41000000e+00  1.85000000e+00 
 1.42000000e+00  1.42000000e+00  1.42000000e+00  3.25833297e-04  1.42000000e+00  1.85000000e+00 
 1.43000000e+00  1.43000000e+00  1.43000000e+00  3.30907015e-04  1.43000000e+00  1.85000000e+00 
 1.44000000e+00  1.44000000e+00  1.44000000e+00  3.35987563e-04  1.44000000e+00  1.85000000e+00 
 1.45000000e+00  1.45000000e+00  1.45000000e+00  3.41074804e-04  1.45000000e+00  1.85000000e+00 
 1.46000000e+00  1.46000000e+00  1.46000000e+00  3.46168604e-04  1.46000000e+00  1.85000000e+00 
 1.47000000e+00  1.47000000e+00  1.47000000e+00  3.51268837e-04  1.47000000e+00  1.85000000e+00 
 1.48000000e+00  1.48000000e+00  1.48000000e+00  3.56375382e-04  1.48000000e+00  1.85000000e+00 
 1.49000000e+00  1.49000000e+00  1.49000000e+00  3.61488124e-04  1.49000000e+00  1.85000000e+00 
 1.50000000e+00  1.50000000e+00  1.50000000e+00  3.66606952e-04  1.50000000e+00  1.85000000e+00 
 1.51000000e+00  1.51000000e+00  1.51000000e+00  3.71731760e-04  1.51000000e+00  1.85000000e+00 
 1.52000000e+00  1.52000000e+00  1.52000000e+00  3.76862449e-04  1.52000000e+00  1.85000000e+00 
 1.53000000e+00  1.53000000e+00  1.53000000e+00  3.81998922e-04  1.53000000e+00  1.85000000e+00 
 1.54000000e+00  1.54000000e+00  1.54000000e+00  3.87141087e-04  1.54000000e+00  1.85000000e+00 
 1.55000000e+00  1.55000000e+00  1.55000000e+00  3.92288856e-04  1.55000000e+00  1.85000000e+00 
 1.56000000e+00  1.56000000e+00  1.56000000e+00  3.97442147e-04  1.56000000e+00  1.85000000e+00 
 1.57000000e+00  1.57000000e+00  1.57000000e+00  4.02600878e-04  1.57000000e+00  1.85000000e+00 
 1.58000000e+00  1.58000000e+00  1.58000000e+00  4.07764974e-04  1.58000000e+00  1.85000000e+00 
 1.59000000e+00  1.59000000e+00  1.59000000e+00  4.12934363e-04  1.59000000e+00  1.85000000e+00 
 1.60000000e+00  1.60000000e+00  1.60000000e+00  4.18108973e-04  1.60000000e+00  1.85000000e+00 
 1.61000000e+00  1.61000000e+00  1.61000000e+00  4.23288740e-04  1.61000000e+00  1.85000000e+00 
 1.62000000e+00  1.62000000e+00  1.62000000e+00  4.28473600e-04  1.62000000e+00  1.85000000e+00 
 1.63000000e+00  1.63000000e+00  1.63000000e+00  4.33663493e-04  1.63000000e+00  1.85000000e+00 
 1.64000000e+00  1.64000000e+00  1.64000000e+00  4.38858361e-04  1.64000000e+00  1.85000000e+00 
 1.65000000e+00  1.65000000e+00  1.65000000e+00  4.44058150e-04  1.65000000e+00  1.85000000e+00 
 1.66000000e+00  1.66000000e+00  1.66000000e+00  4.49262808e-04  1.66000000e+00  1.85000000e+00 
 1.67000000e+00  1.67000000e+00  1.67000000e+00  4.54472285e-04  1.67000000e+00  1.85000000e+00 
 1.68000000e+00  1.68000000e+00  1.68000000e+00  4.59686534e-04  1.68000000e+00  1.85000000e+00 
 1.69000000e+00  1.69000000e+00  1.69000000e+00  4.64905511e-04  1.69000000e+00  1.85000000e+00 
 1.70000000e+00  1.70000000e+00  1.70000000e+00  4.70129172e-04  1.70000000e+00  1.85000000e+00 
 1.71000000e+00  1.71000000e+00  1.71000000e+00  4.75357477e-04  1.71000000e+00  1.85000000e+00 
 1.72000000e+00  1.72000000e+00  1.72000000e+00  4.80590387e-04  1.72000000e+00  1.85000000e+00 
 1.73000000e+00  1.73000000e+00  1.73000000e+00  4.85827867e-04  1.73000000e+00  1.85000000e+00 
 1.74000000e+00  1.74000000e+00  1.74000000e+00  4.91069882e-04  1.74000000e+00  1.85000000e+00 
 1.75000000e+00  1.75000000e+00  1.75000000e+00  4.96316399e-04  1.75000000e+00  1.85000000e+00 
 1.76000000e+00  1.76000000e+00  1.76000000e+00  5.01567387e-04  1.76000000e+00  1.85000000e+00 
 1.77000000e+00  1.77000000e+00  1.77000000e+00  5.06822817e-04  1.77000000e+00  1.85000000e+00 
 1.78000000e+00  1.78000000e+00  1.78000000e+00  5.12082661e-04  1.78000000e+00  1.85000000e+00 
 1.79000000e+00  1.79000000e+00  1.79000000e+00  5.17346893e-04  1.79000000e+00  1.85000000e+00 
 1.80000000e+00  1.80000000e+00  1.80000000e+00  5.22615489e-04  1.80000000e+00  1.85000000e+00 
 1.81000000e+00  1.81000000e+00  1.81000000e+00  5.27888427e-04  1.81000000e+00  1.85000000e+00 
 1.82000000e+00  1.82000000e+00  1.82000000e+00  5.33165683e-04  1.82000000e+00  1.85000000e+00 
 1.83000000e+00  1.83000000e+00  1.83000000e+00  5.38447238e-04  1.83000000e+00  1.85000000e+00 
 1.84000000e+00  1.84000000e+00  1.84000000e+00  5.43733074e-04  1.84000000e+00  1.85000000e+00 
 1.85000000e+00  1.85000000e+00  1.85000000e+00  5.49023172e-04  1.85000000e+00  1.85000000e+00 
