 0.00000000e+00  1.11000000e+00  0.00000000e+00  0.00000000e+00  0.00000000e+00  0.00000000e+00 
 1.00000000e-02  1.11000000e+00  1.00000000e-02  2.00826207e-05  1.00000000e-02  1.00000000e-02 
 2.00000000e-02  1.11000000e+00  2.00000000e-02  3.92705704e-05  2.00000000e-02  2.00000000e-02 
 3.00000000e-02  1.11000000e+00  3.00000000e-02  5.74732366e-05  3.00000000e-02  3.00000000e-02 
 4.00000000e-02  1.11000000e+00  4.00000000e-02  7.46523860e-05  4.00000000e-02  4.00000000e-02 
 5.00000000e-02  1.11000000e+00  5.00000000e-02  9.07979526e-05  5.00000000e-02  5.00000000e-02 
 6.00000000e-02  1.11000000e+00  6.00000000e-02  1.05917675e-04  6.00000000e-02  6.00000000e-02 
 7.00000000e-02  1.11000000e+00  7.00000000e-02  1.20031927e-04  7.00000000e-02  7.00000000e-02 
 8.00000000e-02  1.11000000e+00  8.00000000e-02  1.33170735e-04  8.00000000e-02  8.00000000e-02 
 9.00000000e-02  1.11000000e+00  9.00000000e-02  1.45371740e-04  9.00000000e-02  9.00000000e-02 
 1.00000000e-01  1.11000000e+00  1.00000000e-01  1.56678563e-04  1.00000000e-01  1.00000000e-01 
 1.10000000e-01  1.11000000e+00  1.10000000e-01  1.67139330e-04  1.10000000e-01  1.10000000e-01 
 1.20000000e-01  1.11000000e+00  1.20000000e-01  1.76805276e-04  1.20000000e-01  1.20000000e-01 
 1.30000000e-01  1.11000000e+00  1.30000000e-01  1.85729410e-04  1.30000000e-01  1.30000000e-01 
 1.40000000e-01  1.11000000e+00  1.40000000e-01  1.93965290e-04  1.40000000e-01  1.40000000e-01 
 1.50000000e-01  1.11000000e+00  1.50000000e-01  2.01565935e-04  1.50000000e-01  1.50000000e-01 
 1.60000000e-01  1.11000000e+00  1.60000000e-01  2.08582911e-04  1.60000000e-01  1.60000000e-01 
 1.70000000e-01  1.11000000e+00  1.70000000e-01  2.15065620e-04  1.70000000e-01  1.70000000e-01 
 1.80000000e-01  1.11000000e+00  1.80000000e-01  2.21060771e-04  1.80000000e-01  1.80000000e-01 
 1.90000000e-01  1.11000000e+00  1.90000000e-01  2.26612040e-04  1.90000000e-01  1.90000000e-01 
 2.00000000e-01  1.11000000e+00  2.00000000e-01  2.31759894e-04  2.00000000e-01  2.00000000e-01 
 2.10000000e-01  1.11000000e+00  2.10000000e-01  2.36541531e-04  2.10000000e-01  2.10000000e-01 
 2.20000000e-01  1.11000000e+00  2.20000000e-01  2.40990932e-04  2.20000000e-01  2.20000000e-01 
 2.30000000e-01  1.11000000e+00  2.30000000e-01  2.45138984e-04  2.30000000e-01  2.30000000e-01 
 2.40000000e-01  1.11000000e+00  2.40000000e-01  2.49013649e-04  2.40000000e-01  2.40000000e-01 
 2.50000000e-01  1.11000000e+00  2.50000000e-01  2.52640166e-04  2.50000000e-01  2.50000000e-01 
 2.60000000e-01  1.11000000e+00  2.60000000e-01  2.56041264e-04  2.60000000e-01  2.60000000e-01 
 2.70000000e-01  1.11000000e+00  2.70000000e-01  2.59237385e-04  2.70000000e-01  2.70000000e-01 
 2.80000000e-01  1.11000000e+00  2.80000000e-01  2.62246893e-04  2.80000000e-01  2.80000000e-01 
 2.90000000e-01  1.11000000e+00  2.90000000e-01  2.65086281e-04  2.90000000e-01  2.90000000e-01 
 3.00000000e-01  1.11000000e+00  3.00000000e-01  2.67770361e-04  3.00000000e-01  3.00000000e-01 
 3.10000000e-01  1.11000000e+00  3.10000000e-01  2.70312438e-04  3.10000000e-01  3.10000000e-01 
 3.20000000e-01  1.11000000e+00  3.20000000e-01  2.72724473e-04  3.20000000e-01  3.20000000e-01 
 3.30000000e-01  1.11000000e+00  3.30000000e-01  2.75017227e-04  3.30000000e-01  3.30000000e-01 
 3.40000000e-01  1.11000000e+00  3.40000000e-01  2.77200390e-04  3.40000000e-01  3.40000000e-01 
 3.50000000e-01  1.11000000e+00  3.50000000e-01  2.79282699e-04  3.50000000e-01  3.50000000e-01 
 3.60000000e-01  1.11000000e+00  3.60000000e-01  2.81272042e-04  3.60000000e-01  3.60000000e-01 
 3.70000000e-01  1.11000000e+00  3.70000000e-01  2.83175550e-04  3.70000000e-01  3.70000000e-01 
 3.80000000e-01  1.11000000e+00  3.80000000e-01  2.84999679e-04  3.80000000e-01  3.80000000e-01 
 3.90000000e-01  1.11000000e+00  3.90000000e-01  2.86750280e-04  3.90000000e-01  3.90000000e-01 
 4.00000000e-01  1.11000000e+00  4.00000000e-01  2.88432669e-04  4.00000000e-01  4.00000000e-01 
 4.10000000e-01  1.11000000e+00  4.10000000e-01  2.90051679e-04  4.10000000e-01  4.10000000e-01 
 4.20000000e-01  1.11000000e+00  4.20000000e-01  2.91611712e-04  4.20000000e-01  4.20000000e-01 
 4.30000000e-01  1.11000000e+00  4.30000000e-01  2.93116784e-04  4.30000000e-01  4.30000000e-01 
 4.40000000e-01  1.11000000e+00  4.40000000e-01  2.94570564e-04  4.40000000e-01  4.40000000e-01 
 4.50000000e-01  1.11000000e+00  4.50000000e-01  2.95976410e-04  4.50000000e-01  4.50000000e-01 
 4.60000000e-01  1.11000000e+00  4.60000000e-01  2.97337399e-04  4.60000000e-01  4.60000000e-01 
 4.70000000e-01  1.11000000e+00  4.70000000e-01  2.98656355e-04  4.70000000e-01  4.70000000e-01 
 4.80000000e-01  1.11000000e+00  4.80000000e-01  2.99935873e-04  4.80000000e-01  4.80000000e-01 
 4.90000000e-01  1.11000000e+00  4.90000000e-01  3.01178343e-04  4.90000000e-01  4.90000000e-01 
 5.00000000e-01  1.11000000e+00  5.00000000e-01  3.02385968e-04  5.00000000e-01  5.00000000e-01 
 5.10000000e-01  1.11000000e+00  5.10000000e-01  3.03560780e-04  5.10000000e-01  5.10000000e-01 
 5.20000000e-01  1.11000000e+00  5.20000000e-01  3.04704659e-04  5.20000000e-01  5.20000000e-01 
 5.30000000e-01  1.11000000e+00  5.30000000e-01  3.05819344e-04  5.30000000e-01  5.30000000e-01 
 5.40000000e-01  1.11000000e+00  5.40000000e-01  3.06906447e-04  5.40000000e-01  5.40000000e-01 
 5.50000000e-01  1.11000000e+00  5.50000000e-01  3.07967464e-04  5.50000000e-01  5.50000000e-01 
 5.60000000e-01  1.11000000e+00  5.60000000e-01  3.09003785e-04  5.60000000e-01  5.60000000e-01 
 5.70000000e-01  1.11000000e+00  5.70000000e-01  3.10016702e-04  5.70000000e-01  5.70000000e-01 
 5.80000000e-01  1.11000000e+00  5.80000000e-01  3.11007419e-04  5.80000000e-01  5.80000000e-01 
 5.90000000e-01  1.11000000e+00  5.90000000e-01  3.11977059e-04  5.90000000e-01  5.90000000e-01 
 6.00000000e-01  1.11000000e+00  6.00000000e-01  3.12926671e-04  6.00000000e-01  6.00000000e-01 
 6.10000000e-01  1.11000000e+00  6.10000000e-01  3.13857232e-04  6.10000000e-01  6.10000000e-01 
 6.20000000e-01  1.11000000e+00  6.20000000e-01  3.14769659e-04  6.20000000e-01  6.20000000e-01 
 6.30000000e-01  1.11000000e+00  6.30000000e-01  3.15664811e-04  6.30000000e-01  6.30000000e-01 
 6.40000000e-01  1.11000000e+00  6.40000000e-01  3.16543490e-04  6.40000000e-01  6.40000000e-01 
 6.50000000e-01  1.11000000e+00  6.50000000e-01  3.17406452e-04  6.50000000e-01  6.50000000e-01 
 6.60000000e-01  1.11000000e+00  6.60000000e-01  3.18254406e-04  6.60000000e-01  6.60000000e-01 
 6.70000000e-01  1.11000000e+00  6.70000000e-01  3.19088017e-04  6.70000000e-01  6.70000000e-01 
 6.80000000e-01  1.11000000e+00  6.80000000e-01  3.19907912e-04  6.80000000e-01  6.80000000e-01 
 6.90000000e-01  1.11000000e+00  6.90000000e-01  3.20714682e-04  6.90000000e-01  6.90000000e-01 
 7.00000000e-01  1.11000000e+00  7.00000000e-01  3.21508884e-04  7.00000000e-01  7.00000000e-01 
 7.10000000e-01  1.11000000e+00  7.10000000e-01  3.22291042e-04  7.10000000e-01  7.10000000e-01 
 7.20000000e-01  1.11000000e+00  7.20000000e-01  3.23061652e-04  7.20000000e-01  7.20000000e-01 
 7.30000000e-01  1.11000000e+00  7.30000000e-01  3.23821183e-04  7.30000000e-01  7.30000000e-01 
 7.40000000e-01  1.11000000e+00  7.40000000e-01  3.24570077e-04  7.40000000e-01  7.40000000e-01 
 7.50000000e-01  1.11000000e+00  7.50000000e-01  3.25308755e-04  7.50000000e-01  7.50000000e-01 
 7.60000000e-01  1.11000000e+00  7.60000000e-01  3.26037614e-04  7.60000000e-01  7.60000000e-01 
 7.70000000e-01  1.11000000e+00  7.70000000e-01  3.26757029e-04  7.70000000e-01  7.70000000e-01 
 7.80000000e-01  1.11000000e+00  7.80000000e-01  3.27467358e-04  7.80000000e-01  7.80000000e-01 
 7.90000000e-01  1.11000000e+00  7.90000000e-01  3.28168941e-04  7.90000000e-01  7.90000000e-01 
 8.00000000e-01  1.11000000e+00  8.00000000e-01  3.28862098e-04  8.00000000e-01  8.00000000e-01 
 8.10000000e-01  1.11000000e+00  8.10000000e-01  3.29547137e-04  8.10000000e-01  8.10000000e-01 
 8.20000000e-01  1.11000000e+00  8.20000000e-01  3.30224348e-04  8.20000000e-01  8.20000000e-01 
 8.30000000e-01  1.11000000e+00  8.30000000e-01  3.30894008e-04  8.30000000e-01  8.30000000e-01 
 8.40000000e-01  1.11000000e+00  8.40000000e-01  3.31556381e-04  8.40000000e-01  8.40000000e-01 
 8.50000000e-01  1.11000000e+00  8.50000000e-01  3.32211719e-04  8.50000000e-01  8.50000000e-01 
 8.60000000e-01  1.11000000e+00  8.60000000e-01  3.32860261e-04  8.60000000e-01  8.60000000e-01 
 8.70000000e-01  1.11000000e+00  8.70000000e-01  3.33502235e-04  8.70000000e-01  8.70000000e-01 
 8.80000000e-01  1.11000000e+00  8.80000000e-01  3.34137861e-04  8.80000000e-01  8.80000000e-01 
 8.90000000e-01  1.11000000e+00  8.90000000e-01  3.34767347e-04  8.90000000e-01  8.90000000e-01 
 9.00000000e-01  1.11000000e+00  9.00000000e-01  3.35390891e-04  9.00000000e-01  9.00000000e-01 
 9.10000000e-01  1.11000000e+00  9.10000000e-01  3.36008685e-04  9.10000000e-01  9.10000000e-01 
 9.20000000e-01  1.11000000e+00  9.20000000e-01  3.36620910e-04  9.20000000e-01  9.20000000e-01 
 9.30000000e-01  1.11000000e+00  9.30000000e-01  3.37227742e-04  9.30000000e-01  9.30000000e-01 
 9.40000000e-01  1.11000000e+00  9.40000000e-01  3.37829346e-04  9.40000000e-01  9.40000000e-01 
 9.50000000e-01  1.11000000e+00  9.50000000e-01  3.38425883e-04  9.50000000e-01  9.50000000e-01 
 9.60000000e-01  1.11000000e+00  9.60000000e-01  3.39017507e-04  9.60000000e-01  9.60000000e-01 
 9.70000000e-01  1.11000000e+00  9.70000000e-01  3.39604364e-04  9.70000000e-01  9.70000000e-01 
 9.80000000e-01  1.11000000e+00  9.80000000e-01  3.40186595e-04  9.80000000e-01  9.80000000e-01 
 9.90000000e-01  1.11000000e+00  9.90000000e-01  3.40764336e-04  9.90000000e-01  9.90000000e-01 
 1.00000000e+00  1.11000000e+00  1.00000000e+00  3.41337718e-04  1.00000000e+00  1.00000000e+00 
 1.01000000e+00  1.11000000e+00  1.01000000e+00  3.41906864e-04  1.01000000e+00  1.01000000e+00 
 1.02000000e+00  1.11000000e+00  1.02000000e+00  3.42471895e-04  1.02000000e+00  1.02000000e+00 
 1.03000000e+00  1.11000000e+00  1.03000000e+00  3.43032926e-04  1.03000000e+00  1.03000000e+00 
 1.04000000e+00  1.11000000e+00  1.04000000e+00  3.43590069e-04  1.04000000e+00  1.04000000e+00 
 1.05000000e+00  1.11000000e+00  1.05000000e+00  3.44143430e-04  1.05000000e+00  1.05000000e+00 
 1.06000000e+00  1.11000000e+00  1.06000000e+00  3.44693112e-04  1.06000000e+00  1.06000000e+00 
 1.07000000e+00  1.11000000e+00  1.07000000e+00  3.45239214e-04  1.07000000e+00  1.07000000e+00 
 1.08000000e+00  1.11000000e+00  1.08000000e+00  3.45781832e-04  1.08000000e+00  1.08000000e+00 
 1.09000000e+00  1.11000000e+00  1.09000000e+00  3.46321058e-04  1.09000000e+00  1.09000000e+00 
 1.10000000e+00  1.11000000e+00  1.10000000e+00  3.46856979e-04  1.10000000e+00  1.10000000e+00 
 1.11000000e+00  1.11000000e+00  1.11000000e+00  3.47389682e-04  1.11000000e+00  1.11000000e+00 
 1.12000000e+00  1.11000000e+00  1.12000000e+00  3.47919249e-04  1.12000000e+00  1.12000000e+00 
 1.13000000e+00  1.11000000e+00  1.13000000e+00  3.48445760e-04  1.13000000e+00  1.13000000e+00 
 1.14000000e+00  1.11000000e+00  1.14000000e+00  3.48969292e-04  1.14000000e+00  1.14000000e+00 
 1.15000000e+00  1.11000000e+00  1.15000000e+00  3.49489918e-04  1.15000000e+00  1.15000000e+00 
 1.16000000e+00  1.11000000e+00  1.16000000e+00  3.50007711e-04  1.16000000e+00  1.16000000e+00 
 1.17000000e+00  1.11000000e+00  1.17000000e+00  3.50522739e-04  1.17000000e+00  1.17000000e+00 
 1.18000000e+00  1.11000000e+00  1.18000000e+00  3.51035071e-04  1.18000000e+00  1.18000000e+00 
 1.19000000e+00  1.11000000e+00  1.19000000e+00  3.51544769e-04  1.19000000e+00  1.19000000e+00 
 1.20000000e+00  1.11000000e+00  1.20000000e+00  3.52051898e-04  1.20000000e+00  1.20000000e+00 
 1.21000000e+00  1.11000000e+00  1.21000000e+00  3.52556517e-04  1.21000000e+00  1.21000000e+00 
 1.22000000e+00  1.11000000e+00  1.22000000e+00  3.53058686e-04  1.22000000e+00  1.22000000e+00 
 1.23000000e+00  1.11000000e+00  1.23000000e+00  3.53558461e-04  1.23000000e+00  1.23000000e+00 
 1.24000000e+00  1.11000000e+00  1.24000000e+00  3.54055897e-04  1.24000000e+00  1.24000000e+00 
 1.25000000e+00  1.11000000e+00  1.25000000e+00  3.54551048e-04  1.25000000e+00  1.25000000e+00 
 1.26000000e+00  1.11000000e+00  1.26000000e+00  3.55043964e-04  1.26000000e+00  1.26000000e+00 
 1.27000000e+00  1.11000000e+00  1.27000000e+00  3.55534696e-04  1.27000000e+00  1.27000000e+00 
 1.28000000e+00  1.11000000e+00  1.28000000e+00  3.56023293e-04  1.28000000e+00  1.28000000e+00 
 1.29000000e+00  1.11000000e+00  1.29000000e+00  3.56509802e-04  1.29000000e+00  1.29000000e+00 
 1.30000000e+00  1.11000000e+00  1.30000000e+00  3.56994267e-04  1.30000000e+00  1.30000000e+00 
 1.31000000e+00  1.11000000e+00  1.31000000e+00  3.57476734e-04  1.31000000e+00  1.31000000e+00 
 1.32000000e+00  1.11000000e+00  1.32000000e+00  3.57957245e-04  1.32000000e+00  1.32000000e+00 
 1.33000000e+00  1.11000000e+00  1.33000000e+00  3.58435842e-04  1.33000000e+00  1.33000000e+00 
 1.34000000e+00  1.11000000e+00  1.34000000e+00  3.58912566e-04  1.34000000e+00  1.34000000e+00 
 1.35000000e+00  1.11000000e+00  1.35000000e+00  3.59387455e-04  1.35000000e+00  1.35000000e+00 
 1.36000000e+00  1.11000000e+00  1.36000000e+00  3.59860548e-04  1.36000000e+00  1.36000000e+00 
 1.37000000e+00  1.11000000e+00  1.37000000e+00  3.60331882e-04  1.37000000e+00  1.37000000e+00 
 1.38000000e+00  1.11000000e+00  1.38000000e+00  3.60801493e-04  1.38000000e+00  1.38000000e+00 
 1.39000000e+00  1.11000000e+00  1.39000000e+00  3.61269417e-04  1.39000000e+00  1.39000000e+00 
 1.40000000e+00  1.11000000e+00  1.40000000e+00  3.61735686e-04  1.40000000e+00  1.40000000e+00 
 1.41000000e+00  1.11000000e+00  1.41000000e+00  3.62200335e-04  1.41000000e+00  1.41000000e+00 
 1.42000000e+00  1.11000000e+00  1.42000000e+00  3.62663395e-04  1.42000000e+00  1.42000000e+00 
 1.43000000e+00  1.11000000e+00  1.43000000e+00  3.63124898e-04  1.43000000e+00  1.43000000e+00 
 1.44000000e+00  1.11000000e+00  1.44000000e+00  3.63584874e-04  1.44000000e+00  1.44000000e+00 
 1.45000000e+00  1.11000000e+00  1.45000000e+00  3.64043353e-04  1.45000000e+00  1.45000000e+00 
 1.46000000e+00  1.11000000e+00  1.46000000e+00  3.64500364e-04  1.46000000e+00  1.46000000e+00 
 1.47000000e+00  1.11000000e+00  1.47000000e+00  3.64955935e-04  1.47000000e+00  1.47000000e+00 
 1.48000000e+00  1.11000000e+00  1.48000000e+00  3.65410094e-04  1.48000000e+00  1.48000000e+00 
 1.49000000e+00  1.11000000e+00  1.49000000e+00  3.65862867e-04  1.49000000e+00  1.49000000e+00 
 1.50000000e+00  1.11000000e+00  1.50000000e+00  3.66314280e-04  1.50000000e+00  1.50000000e+00 
 1.51000000e+00  1.11000000e+00  1.51000000e+00  3.66764359e-04  1.51000000e+00  1.51000000e+00 
 1.52000000e+00  1.11000000e+00  1.52000000e+00  3.67213128e-04  1.52000000e+00  1.52000000e+00 
 1.53000000e+00  1.11000000e+00  1.53000000e+00  3.67660612e-04  1.53000000e+00  1.53000000e+00 
 1.54000000e+00  1.11000000e+00  1.54000000e+00  3.68106833e-04  1.54000000e+00  1.54000000e+00 
 1.55000000e+00  1.11000000e+00  1.55000000e+00  3.68551815e-04  1.55000000e+00  1.55000000e+00 
 1.56000000e+00  1.11000000e+00  1.56000000e+00  3.68995580e-04  1.56000000e+00  1.56000000e+00 
 1.57000000e+00  1.11000000e+00  1.57000000e+00  3.69438151e-04  1.57000000e+00  1.57000000e+00 
 1.58000000e+00  1.11000000e+00  1.58000000e+00  3.69879547e-04  1.58000000e+00  1.58000000e+00 
 1.59000000e+00  1.11000000e+00  1.59000000e+00  3.70319791e-04  1.59000000e+00  1.59000000e+00 
 1.60000000e+00  1.11000000e+00  1.60000000e+00  3.70758902e-04  1.60000000e+00  1.60000000e+00 
 1.61000000e+00  1.11000000e+00  1.61000000e+00  3.71196900e-04  1.61000000e+00  1.61000000e+00 
 1.62000000e+00  1.11000000e+00  1.62000000e+00  3.71633804e-04  1.62000000e+00  1.62000000e+00 
 1.63000000e+00  1.11000000e+00  1.63000000e+00  3.72069634e-04  1.63000000e+00  1.63000000e+00 
 1.64000000e+00  1.11000000e+00  1.64000000e+00  3.72504408e-04  1.64000000e+00  1.64000000e+00 
 1.65000000e+00  1.11000000e+00  1.65000000e+00  3.72938144e-04  1.65000000e+00  1.65000000e+00 
 1.66000000e+00  1.11000000e+00  1.66000000e+00  3.73370859e-04  1.66000000e+00  1.66000000e+00 
 1.67000000e+00  1.11000000e+00  1.67000000e+00  3.73802571e-04  1.67000000e+00  1.67000000e+00 
 1.68000000e+00  1.11000000e+00  1.68000000e+00  3.74233297e-04  1.68000000e+00  1.68000000e+00 
 1.69000000e+00  1.11000000e+00  1.69000000e+00  3.74663053e-04  1.69000000e+00  1.69000000e+00 
 1.70000000e+00  1.11000000e+00  1.70000000e+00  3.75091855e-04  1.70000000e+00  1.70000000e+00 
 1.71000000e+00  1.11000000e+00  1.71000000e+00  3.75519720e-04  1.71000000e+00  1.71000000e+00 
 1.72000000e+00  1.11000000e+00  1.72000000e+00  3.75946662e-04  1.72000000e+00  1.72000000e+00 
 1.73000000e+00  1.11000000e+00  1.73000000e+00  3.76372696e-04  1.73000000e+00  1.73000000e+00 
 1.74000000e+00  1.11000000e+00  1.74000000e+00  3.76797838e-04  1.74000000e+00  1.74000000e+00 
 1.75000000e+00  1.11000000e+00  1.75000000e+00  3.77222102e-04  1.75000000e+00  1.75000000e+00 
 1.76000000e+00  1.11000000e+00  1.76000000e+00  3.77645502e-04  1.76000000e+00  1.76000000e+00 
 1.77000000e+00  1.11000000e+00  1.77000000e+00  3.78068053e-04  1.77000000e+00  1.77000000e+00 
 1.78000000e+00  1.11000000e+00  1.78000000e+00  3.78489767e-04  1.78000000e+00  1.78000000e+00 
 1.79000000e+00  1.11000000e+00  1.79000000e+00  3.78910658e-04  1.79000000e+00  1.79000000e+00 
 1.80000000e+00  1.11000000e+00  1.80000000e+00  3.79330740e-04  1.80000000e+00  1.80000000e+00 
 1.81000000e+00  1.11000000e+00  1.81000000e+00  3.79750024e-04  1.81000000e+00  1.81000000e+00 
 1.82000000e+00  1.11000000e+00  1.82000000e+00  3.80168525e-04  1.82000000e+00  1.82000000e+00 
 1.83000000e+00  1.11000000e+00  1.83000000e+00  3.80586254e-04  1.83000000e+00  1.83000000e+00 
 1.84000000e+00  1.11000000e+00  1.84000000e+00  3.81003223e-04  1.84000000e+00  1.84000000e+00 
 1.85000000e+00  1.11000000e+00  1.85000000e+00  3.81419444e-04  1.85000000e+00  1.85000000e+00 
