 0.00000000e+00  1.85000000e+00  0.00000000e+00  0.00000000e+00  0.00000000e+00  0.00000000e+00 
 1.00000000e-02  1.85000000e+00  1.00000000e-02  4.69904288e-05  1.00000000e-02  1.00000000e-02 
 2.00000000e-02  1.85000000e+00  2.00000000e-02  9.29015582e-05  2.00000000e-02  2.00000000e-02 
 3.00000000e-02  1.85000000e+00  3.00000000e-02  1.37644196e-04  3.00000000e-02  3.00000000e-02 
 4.00000000e-02  1.85000000e+00  4.00000000e-02  1.81155382e-04  4.00000000e-02  4.00000000e-02 
 5.00000000e-02  1.85000000e+00  5.00000000e-02  2.23388545e-04  5.00000000e-02  5.00000000e-02 
 6.00000000e-02  1.85000000e+00  6.00000000e-02  2.64308111e-04  6.00000000e-02  6.00000000e-02 
 7.00000000e-02  1.85000000e+00  7.00000000e-02  3.03886425e-04  7.00000000e-02  7.00000000e-02 
 8.00000000e-02  1.85000000e+00  8.00000000e-02  3.42102000e-04  8.00000000e-02  8.00000000e-02 
 9.00000000e-02  1.85000000e+00  9.00000000e-02  3.78938551e-04  9.00000000e-02  9.00000000e-02 
 1.00000000e-01  1.85000000e+00  1.00000000e-01  4.14384548e-04  1.00000000e-01  1.00000000e-01 
 1.10000000e-01  1.85000000e+00  1.10000000e-01  4.48433073e-04  1.10000000e-01  1.10000000e-01 
 1.20000000e-01  1.85000000e+00  1.20000000e-01  4.81081893e-04  1.20000000e-01  1.20000000e-01 
 1.30000000e-01  1.85000000e+00  1.30000000e-01  5.12333637e-04  1.30000000e-01  1.30000000e-01 
 1.40000000e-01  1.85000000e+00  1.40000000e-01  5.42196006e-04  1.40000000e-01  1.40000000e-01 
 1.50000000e-01  1.85000000e+00  1.50000000e-01  5.70681974e-04  1.50000000e-01  1.50000000e-01 
 1.60000000e-01  1.85000000e+00  1.60000000e-01  5.97809904e-04  1.60000000e-01  1.60000000e-01 
 1.70000000e-01  1.85000000e+00  1.70000000e-01  6.23603567e-04  1.70000000e-01  1.70000000e-01 
 1.80000000e-01  1.85000000e+00  1.80000000e-01  6.48092021e-04  1.80000000e-01  1.80000000e-01 
 1.90000000e-01  1.85000000e+00  1.90000000e-01  6.71309340e-04  1.90000000e-01  1.90000000e-01 
 2.00000000e-01  1.85000000e+00  2.00000000e-01  6.93294211e-04  2.00000000e-01  2.00000000e-01 
 2.10000000e-01  1.85000000e+00  2.10000000e-01  7.14089393e-04  2.10000000e-01  2.10000000e-01 
 2.20000000e-01  1.85000000e+00  2.20000000e-01  7.33741076e-04  2.20000000e-01  2.20000000e-01 
 2.30000000e-01  1.85000000e+00  2.30000000e-01  7.52298171e-04  2.30000000e-01  2.30000000e-01 
 2.40000000e-01  1.85000000e+00  2.40000000e-01  7.69811568e-04  2.40000000e-01  2.40000000e-01 
 2.50000000e-01  1.85000000e+00  2.50000000e-01  7.86333390e-04  2.50000000e-01  2.50000000e-01 
 2.60000000e-01  1.85000000e+00  2.60000000e-01  8.01916283e-04  2.60000000e-01  2.60000000e-01 
 2.70000000e-01  1.85000000e+00  2.70000000e-01  8.16612767e-04  2.70000000e-01  2.70000000e-01 
 2.80000000e-01  1.85000000e+00  2.80000000e-01  8.30474653e-04  2.80000000e-01  2.80000000e-01 
 2.90000000e-01  1.85000000e+00  2.90000000e-01  8.43552558e-04  2.90000000e-01  2.90000000e-01 
 3.00000000e-01  1.85000000e+00  3.00000000e-01  8.55895501e-04  3.00000000e-01  3.00000000e-01 
 3.10000000e-01  1.85000000e+00  3.10000000e-01  8.67550597e-04  3.10000000e-01  3.10000000e-01 
 3.20000000e-01  1.85000000e+00  3.20000000e-01  8.78562824e-04  3.20000000e-01  3.20000000e-01 
 3.30000000e-01  1.85000000e+00  3.30000000e-01  8.88974878e-04  3.30000000e-01  3.30000000e-01 
 3.40000000e-01  1.85000000e+00  3.40000000e-01  8.98827084e-04  3.40000000e-01  3.40000000e-01 
 3.50000000e-01  1.85000000e+00  3.50000000e-01  9.08157365e-04  3.50000000e-01  3.50000000e-01 
 3.60000000e-01  1.85000000e+00  3.60000000e-01  9.17001255e-04  3.60000000e-01  3.60000000e-01 
 3.70000000e-01  1.85000000e+00  3.70000000e-01  9.25391950e-04  3.70000000e-01  3.70000000e-01 
 3.80000000e-01  1.85000000e+00  3.80000000e-01  9.33360382e-04  3.80000000e-01  3.80000000e-01 
 3.90000000e-01  1.85000000e+00  3.90000000e-01  9.40935313e-04  3.90000000e-01  3.90000000e-01 
 4.00000000e-01  1.85000000e+00  4.00000000e-01  9.48143443e-04  4.00000000e-01  4.00000000e-01 
 4.10000000e-01  1.85000000e+00  4.10000000e-01  9.55009526e-04  4.10000000e-01  4.10000000e-01 
 4.20000000e-01  1.85000000e+00  4.20000000e-01  9.61556488e-04  4.20000000e-01  4.20000000e-01 
 4.30000000e-01  1.85000000e+00  4.30000000e-01  9.67805544e-04  4.30000000e-01  4.30000000e-01 
 4.40000000e-01  1.85000000e+00  4.40000000e-01  9.73776322e-04  4.40000000e-01  4.40000000e-01 
 4.50000000e-01  1.85000000e+00  4.50000000e-01  9.79486970e-04  4.50000000e-01  4.50000000e-01 
 4.60000000e-01  1.85000000e+00  4.60000000e-01  9.84954271e-04  4.60000000e-01  4.60000000e-01 
 4.70000000e-01  1.85000000e+00  4.70000000e-01  9.90193744e-04  4.70000000e-01  4.70000000e-01 
 4.80000000e-01  1.85000000e+00  4.80000000e-01  9.95219743e-04  4.80000000e-01  4.80000000e-01 
 4.90000000e-01  1.85000000e+00  4.90000000e-01  1.00004555e-03  4.90000000e-01  4.90000000e-01 
 5.00000000e-01  1.85000000e+00  5.00000000e-01  1.00468344e-03  5.00000000e-01  5.00000000e-01 
 5.10000000e-01  1.85000000e+00  5.10000000e-01  1.00914482e-03  5.10000000e-01  5.10000000e-01 
 5.20000000e-01  1.85000000e+00  5.20000000e-01  1.01344022e-03  5.20000000e-01  5.20000000e-01 
 5.30000000e-01  1.85000000e+00  5.30000000e-01  1.01757941e-03  5.30000000e-01  5.30000000e-01 
 5.40000000e-01  1.85000000e+00  5.40000000e-01  1.02157148e-03  5.40000000e-01  5.40000000e-01 
 5.50000000e-01  1.85000000e+00  5.50000000e-01  1.02542484e-03  5.50000000e-01  5.50000000e-01 
 5.60000000e-01  1.85000000e+00  5.60000000e-01  1.02914731e-03  5.60000000e-01  5.60000000e-01 
 5.70000000e-01  1.85000000e+00  5.70000000e-01  1.03274617e-03  5.70000000e-01  5.70000000e-01 
 5.80000000e-01  1.85000000e+00  5.80000000e-01  1.03622818e-03  5.80000000e-01  5.80000000e-01 
 5.90000000e-01  1.85000000e+00  5.90000000e-01  1.03959966e-03  5.90000000e-01  5.90000000e-01 
 6.00000000e-01  1.85000000e+00  6.00000000e-01  1.04286647e-03  6.00000000e-01  6.00000000e-01 
 6.10000000e-01  1.85000000e+00  6.10000000e-01  1.04603410e-03  6.10000000e-01  6.10000000e-01 
 6.20000000e-01  1.85000000e+00  6.20000000e-01  1.04910766e-03  6.20000000e-01  6.20000000e-01 
 6.30000000e-01  1.85000000e+00  6.30000000e-01  1.05209194e-03  6.30000000e-01  6.30000000e-01 
 6.40000000e-01  1.85000000e+00  6.40000000e-01  1.05499140e-03  6.40000000e-01  6.40000000e-01 
 6.50000000e-01  1.85000000e+00  6.50000000e-01  1.05781024e-03  6.50000000e-01  6.50000000e-01 
 6.60000000e-01  1.85000000e+00  6.60000000e-01  1.06055236e-03  6.60000000e-01  6.60000000e-01 
 6.70000000e-01  1.85000000e+00  6.70000000e-01  1.06322146e-03  6.70000000e-01  6.70000000e-01 
 6.80000000e-01  1.85000000e+00  6.80000000e-01  1.06582096e-03  6.80000000e-01  6.80000000e-01 
 6.90000000e-01  1.85000000e+00  6.90000000e-01  1.06835413e-03  6.90000000e-01  6.90000000e-01 
 7.00000000e-01  1.85000000e+00  7.00000000e-01  1.07082398e-03  7.00000000e-01  7.00000000e-01 
 7.10000000e-01  1.85000000e+00  7.10000000e-01  1.07323340e-03  7.10000000e-01  7.10000000e-01 
 7.20000000e-01  1.85000000e+00  7.20000000e-01  1.07558506e-03  7.20000000e-01  7.20000000e-01 
 7.30000000e-01  1.85000000e+00  7.30000000e-01  1.07788151e-03  7.30000000e-01  7.30000000e-01 
 7.40000000e-01  1.85000000e+00  7.40000000e-01  1.08012515e-03  7.40000000e-01  7.40000000e-01 
 7.50000000e-01  1.85000000e+00  7.50000000e-01  1.08231822e-03  7.50000000e-01  7.50000000e-01 
 7.60000000e-01  1.85000000e+00  7.60000000e-01  1.08446286e-03  7.60000000e-01  7.60000000e-01 
 7.70000000e-01  1.85000000e+00  7.70000000e-01  1.08656108e-03  7.70000000e-01  7.70000000e-01 
 7.80000000e-01  1.85000000e+00  7.80000000e-01  1.08861478e-03  7.80000000e-01  7.80000000e-01 
 7.90000000e-01  1.85000000e+00  7.90000000e-01  1.09062576e-03  7.90000000e-01  7.90000000e-01 
 8.00000000e-01  1.85000000e+00  8.00000000e-01  1.09259573e-03  8.00000000e-01  8.00000000e-01 
 8.10000000e-01  1.85000000e+00  8.10000000e-01  1.09452631e-03  8.10000000e-01  8.10000000e-01 
 8.20000000e-01  1.85000000e+00  8.20000000e-01  1.09641901e-03  8.20000000e-01  8.20000000e-01 
 8.30000000e-01  1.85000000e+00  8.30000000e-01  1.09827531e-03  8.30000000e-01  8.30000000e-01 
 8.40000000e-01  1.85000000e+00  8.40000000e-01  1.10009656e-03  8.40000000e-01  8.40000000e-01 
 8.50000000e-01  1.85000000e+00  8.50000000e-01  1.10188409e-03  8.50000000e-01  8.50000000e-01 
 8.60000000e-01  1.85000000e+00  8.60000000e-01  1.10363913e-03  8.60000000e-01  8.60000000e-01 
 8.70000000e-01  1.85000000e+00  8.70000000e-01  1.10536287e-03  8.70000000e-01  8.70000000e-01 
 8.80000000e-01  1.85000000e+00  8.80000000e-01  1.10705644e-03  8.80000000e-01  8.80000000e-01 
 8.90000000e-01  1.85000000e+00  8.90000000e-01  1.10872090e-03  8.90000000e-01  8.90000000e-01 
 9.00000000e-01  1.85000000e+00  9.00000000e-01  1.11035729e-03  9.00000000e-01  9.00000000e-01 
 9.10000000e-01  1.85000000e+00  9.10000000e-01  1.11196656e-03  9.10000000e-01  9.10000000e-01 
 9.20000000e-01  1.85000000e+00  9.20000000e-01  1.11354966e-03  9.20000000e-01  9.20000000e-01 
 9.30000000e-01  1.85000000e+00  9.30000000e-01  1.11510746e-03  9.30000000e-01  9.30000000e-01 
 9.40000000e-01  1.85000000e+00  9.40000000e-01  1.11664081e-03  9.40000000e-01  9.40000000e-01 
 9.50000000e-01  1.85000000e+00  9.50000000e-01  1.11815053e-03  9.50000000e-01  9.50000000e-01 
 9.60000000e-01  1.85000000e+00  9.60000000e-01  1.11963737e-03  9.60000000e-01  9.60000000e-01 
 9.70000000e-01  1.85000000e+00  9.70000000e-01  1.12110208e-03  9.70000000e-01  9.70000000e-01 
 9.80000000e-01  1.85000000e+00  9.80000000e-01  1.12254537e-03  9.80000000e-01  9.80000000e-01 
 9.90000000e-01  1.85000000e+00  9.90000000e-01  1.12396791e-03  9.90000000e-01  9.90000000e-01 
 1.00000000e+00  1.85000000e+00  1.00000000e+00  1.12537035e-03  1.00000000e+00  1.00000000e+00 
 1.01000000e+00  1.85000000e+00  1.01000000e+00  1.12675331e-03  1.01000000e+00  1.01000000e+00 
 1.02000000e+00  1.85000000e+00  1.02000000e+00  1.12811738e-03  1.02000000e+00  1.02000000e+00 
 1.03000000e+00  1.85000000e+00  1.03000000e+00  1.12946313e-03  1.03000000e+00  1.03000000e+00 
 1.04000000e+00  1.85000000e+00  1.04000000e+00  1.13079111e-03  1.04000000e+00  1.04000000e+00 
 1.05000000e+00  1.85000000e+00  1.05000000e+00  1.13210184e-03  1.05000000e+00  1.05000000e+00 
 1.06000000e+00  1.85000000e+00  1.06000000e+00  1.13339583e-03  1.06000000e+00  1.06000000e+00 
 1.07000000e+00  1.85000000e+00  1.07000000e+00  1.13467357e-03  1.07000000e+00  1.07000000e+00 
 1.08000000e+00  1.85000000e+00  1.08000000e+00  1.13593550e-03  1.08000000e+00  1.08000000e+00 
 1.09000000e+00  1.85000000e+00  1.09000000e+00  1.13718209e-03  1.09000000e+00  1.09000000e+00 
 1.10000000e+00  1.85000000e+00  1.10000000e+00  1.13841376e-03  1.10000000e+00  1.10000000e+00 
 1.11000000e+00  1.85000000e+00  1.11000000e+00  1.13963093e-03  1.11000000e+00  1.11000000e+00 
 1.12000000e+00  1.85000000e+00  1.12000000e+00  1.14083399e-03  1.12000000e+00  1.12000000e+00 
 1.13000000e+00  1.85000000e+00  1.13000000e+00  1.14202332e-03  1.13000000e+00  1.13000000e+00 
 1.14000000e+00  1.85000000e+00  1.14000000e+00  1.14319930e-03  1.14000000e+00  1.14000000e+00 
 1.15000000e+00  1.85000000e+00  1.15000000e+00  1.14436228e-03  1.15000000e+00  1.15000000e+00 
 1.16000000e+00  1.85000000e+00  1.16000000e+00  1.14551261e-03  1.16000000e+00  1.16000000e+00 
 1.17000000e+00  1.85000000e+00  1.17000000e+00  1.14665060e-03  1.17000000e+00  1.17000000e+00 
 1.18000000e+00  1.85000000e+00  1.18000000e+00  1.14777659e-03  1.18000000e+00  1.18000000e+00 
 1.19000000e+00  1.85000000e+00  1.19000000e+00  1.14889087e-03  1.19000000e+00  1.19000000e+00 
 1.20000000e+00  1.85000000e+00  1.20000000e+00  1.14999376e-03  1.20000000e+00  1.20000000e+00 
 1.21000000e+00  1.85000000e+00  1.21000000e+00  1.15108552e-03  1.21000000e+00  1.21000000e+00 
 1.22000000e+00  1.85000000e+00  1.22000000e+00  1.15216644e-03  1.22000000e+00  1.22000000e+00 
 1.23000000e+00  1.85000000e+00  1.23000000e+00  1.15323678e-03  1.23000000e+00  1.23000000e+00 
 1.24000000e+00  1.85000000e+00  1.24000000e+00  1.15429681e-03  1.24000000e+00  1.24000000e+00 
 1.25000000e+00  1.85000000e+00  1.25000000e+00  1.15534677e-03  1.25000000e+00  1.25000000e+00 
 1.26000000e+00  1.85000000e+00  1.26000000e+00  1.15638691e-03  1.26000000e+00  1.26000000e+00 
 1.27000000e+00  1.85000000e+00  1.27000000e+00  1.15741745e-03  1.27000000e+00  1.27000000e+00 
 1.28000000e+00  1.85000000e+00  1.28000000e+00  1.15843863e-03  1.28000000e+00  1.28000000e+00 
 1.29000000e+00  1.85000000e+00  1.29000000e+00  1.15945065e-03  1.29000000e+00  1.29000000e+00 
 1.30000000e+00  1.85000000e+00  1.30000000e+00  1.16045374e-03  1.30000000e+00  1.30000000e+00 
 1.31000000e+00  1.85000000e+00  1.31000000e+00  1.16144810e-03  1.31000000e+00  1.31000000e+00 
 1.32000000e+00  1.85000000e+00  1.32000000e+00  1.16243393e-03  1.32000000e+00  1.32000000e+00 
 1.33000000e+00  1.85000000e+00  1.33000000e+00  1.16341141e-03  1.33000000e+00  1.33000000e+00 
 1.34000000e+00  1.85000000e+00  1.34000000e+00  1.16438074e-03  1.34000000e+00  1.34000000e+00 
 1.35000000e+00  1.85000000e+00  1.35000000e+00  1.16534209e-03  1.35000000e+00  1.35000000e+00 
 1.36000000e+00  1.85000000e+00  1.36000000e+00  1.16629564e-03  1.36000000e+00  1.36000000e+00 
 1.37000000e+00  1.85000000e+00  1.37000000e+00  1.16724156e-03  1.37000000e+00  1.37000000e+00 
 1.38000000e+00  1.85000000e+00  1.38000000e+00  1.16818002e-03  1.38000000e+00  1.38000000e+00 
 1.39000000e+00  1.85000000e+00  1.39000000e+00  1.16911117e-03  1.39000000e+00  1.39000000e+00 
 1.40000000e+00  1.85000000e+00  1.40000000e+00  1.17003517e-03  1.40000000e+00  1.40000000e+00 
 1.41000000e+00  1.85000000e+00  1.41000000e+00  1.17095216e-03  1.41000000e+00  1.41000000e+00 
 1.42000000e+00  1.85000000e+00  1.42000000e+00  1.17186231e-03  1.42000000e+00  1.42000000e+00 
 1.43000000e+00  1.85000000e+00  1.43000000e+00  1.17276574e-03  1.43000000e+00  1.43000000e+00 
 1.44000000e+00  1.85000000e+00  1.44000000e+00  1.17366260e-03  1.44000000e+00  1.44000000e+00 
 1.45000000e+00  1.85000000e+00  1.45000000e+00  1.17455302e-03  1.45000000e+00  1.45000000e+00 
 1.46000000e+00  1.85000000e+00  1.46000000e+00  1.17543713e-03  1.46000000e+00  1.46000000e+00 
 1.47000000e+00  1.85000000e+00  1.47000000e+00  1.17631506e-03  1.47000000e+00  1.47000000e+00 
 1.48000000e+00  1.85000000e+00  1.48000000e+00  1.17718693e-03  1.48000000e+00  1.48000000e+00 
 1.49000000e+00  1.85000000e+00  1.49000000e+00  1.17805285e-03  1.49000000e+00  1.49000000e+00 
 1.50000000e+00  1.85000000e+00  1.50000000e+00  1.17891296e-03  1.50000000e+00  1.50000000e+00 
 1.51000000e+00  1.85000000e+00  1.51000000e+00  1.17976735e-03  1.51000000e+00  1.51000000e+00 
 1.52000000e+00  1.85000000e+00  1.52000000e+00  1.18061614e-03  1.52000000e+00  1.52000000e+00 
 1.53000000e+00  1.85000000e+00  1.53000000e+00  1.18145944e-03  1.53000000e+00  1.53000000e+00 
 1.54000000e+00  1.85000000e+00  1.54000000e+00  1.18229736e-03  1.54000000e+00  1.54000000e+00 
 1.55000000e+00  1.85000000e+00  1.55000000e+00  1.18312998e-03  1.55000000e+00  1.55000000e+00 
 1.56000000e+00  1.85000000e+00  1.56000000e+00  1.18395742e-03  1.56000000e+00  1.56000000e+00 
 1.57000000e+00  1.85000000e+00  1.57000000e+00  1.18477977e-03  1.57000000e+00  1.57000000e+00 
 1.58000000e+00  1.85000000e+00  1.58000000e+00  1.18559712e-03  1.58000000e+00  1.58000000e+00 
 1.59000000e+00  1.85000000e+00  1.59000000e+00  1.18640957e-03  1.59000000e+00  1.59000000e+00 
 1.60000000e+00  1.85000000e+00  1.60000000e+00  1.18721720e-03  1.60000000e+00  1.60000000e+00 
 1.61000000e+00  1.85000000e+00  1.61000000e+00  1.18802010e-03  1.61000000e+00  1.61000000e+00 
 1.62000000e+00  1.85000000e+00  1.62000000e+00  1.18881836e-03  1.62000000e+00  1.62000000e+00 
 1.63000000e+00  1.85000000e+00  1.63000000e+00  1.18961206e-03  1.63000000e+00  1.63000000e+00 
 1.64000000e+00  1.85000000e+00  1.64000000e+00  1.19040128e-03  1.64000000e+00  1.64000000e+00 
 1.65000000e+00  1.85000000e+00  1.65000000e+00  1.19118610e-03  1.65000000e+00  1.65000000e+00 
 1.66000000e+00  1.85000000e+00  1.66000000e+00  1.19196659e-03  1.66000000e+00  1.66000000e+00 
 1.67000000e+00  1.85000000e+00  1.67000000e+00  1.19274284e-03  1.67000000e+00  1.67000000e+00 
 1.68000000e+00  1.85000000e+00  1.68000000e+00  1.19351491e-03  1.68000000e+00  1.68000000e+00 
 1.69000000e+00  1.85000000e+00  1.69000000e+00  1.19428288e-03  1.69000000e+00  1.69000000e+00 
 1.70000000e+00  1.85000000e+00  1.70000000e+00  1.19504681e-03  1.70000000e+00  1.70000000e+00 
 1.71000000e+00  1.85000000e+00  1.71000000e+00  1.19580678e-03  1.71000000e+00  1.71000000e+00 
 1.72000000e+00  1.85000000e+00  1.72000000e+00  1.19656285e-03  1.72000000e+00  1.72000000e+00 
 1.73000000e+00  1.85000000e+00  1.73000000e+00  1.19731509e-03  1.73000000e+00  1.73000000e+00 
 1.74000000e+00  1.85000000e+00  1.74000000e+00  1.19806356e-03  1.74000000e+00  1.74000000e+00 
 1.75000000e+00  1.85000000e+00  1.75000000e+00  1.19880832e-03  1.75000000e+00  1.75000000e+00 
 1.76000000e+00  1.85000000e+00  1.76000000e+00  1.19954943e-03  1.76000000e+00  1.76000000e+00 
 1.77000000e+00  1.85000000e+00  1.77000000e+00  1.20028696e-03  1.77000000e+00  1.77000000e+00 
 1.78000000e+00  1.85000000e+00  1.78000000e+00  1.20102096e-03  1.78000000e+00  1.78000000e+00 
 1.79000000e+00  1.85000000e+00  1.79000000e+00  1.20175148e-03  1.79000000e+00  1.79000000e+00 
 1.80000000e+00  1.85000000e+00  1.80000000e+00  1.20247859e-03  1.80000000e+00  1.80000000e+00 
 1.81000000e+00  1.85000000e+00  1.81000000e+00  1.20320234e-03  1.81000000e+00  1.81000000e+00 
 1.82000000e+00  1.85000000e+00  1.82000000e+00  1.20392278e-03  1.82000000e+00  1.82000000e+00 
 1.83000000e+00  1.85000000e+00  1.83000000e+00  1.20463997e-03  1.83000000e+00  1.83000000e+00 
 1.84000000e+00  1.85000000e+00  1.84000000e+00  1.20535395e-03  1.84000000e+00  1.84000000e+00 
 1.85000000e+00  1.85000000e+00  1.85000000e+00  1.20606478e-03  1.85000000e+00  1.85000000e+00 
