 0.00000000e+00  1.48000000e+00  0.00000000e+00  0.00000000e+00  0.00000000e+00  0.00000000e+00 
 1.00000000e-02  1.48000000e+00  1.00000000e-02  3.62907301e-05  1.00000000e-02  1.00000000e-02 
 2.00000000e-02  1.48000000e+00  2.00000000e-02  7.14771513e-05  2.00000000e-02  2.00000000e-02 
 3.00000000e-02  1.48000000e+00  3.00000000e-02  1.05444258e-04  3.00000000e-02  3.00000000e-02 
 4.00000000e-02  1.48000000e+00  4.00000000e-02  1.38122958e-04  4.00000000e-02  4.00000000e-02 
 5.00000000e-02  1.48000000e+00  5.00000000e-02  1.69470504e-04  5.00000000e-02  5.00000000e-02 
 6.00000000e-02  1.48000000e+00  6.00000000e-02  1.99461239e-04  6.00000000e-02  6.00000000e-02 
 7.00000000e-02  1.48000000e+00  7.00000000e-02  2.28081903e-04  7.00000000e-02  7.00000000e-02 
 8.00000000e-02  1.48000000e+00  8.00000000e-02  2.55329160e-04  8.00000000e-02  8.00000000e-02 
 9.00000000e-02  1.48000000e+00  9.00000000e-02  2.81208288e-04  9.00000000e-02  9.00000000e-02 
 1.00000000e-01  1.48000000e+00  1.00000000e-01  3.05732463e-04  1.00000000e-01  1.00000000e-01 
 1.10000000e-01  1.48000000e+00  1.10000000e-01  3.28922305e-04  1.10000000e-01  1.10000000e-01 
 1.20000000e-01  1.48000000e+00  1.20000000e-01  3.50805502e-04  1.20000000e-01  1.20000000e-01 
 1.30000000e-01  1.48000000e+00  1.30000000e-01  3.71416376e-04  1.30000000e-01  1.30000000e-01 
 1.40000000e-01  1.48000000e+00  1.40000000e-01  3.90795338e-04  1.40000000e-01  1.40000000e-01 
 1.50000000e-01  1.48000000e+00  1.50000000e-01  4.08988184e-04  1.50000000e-01  1.50000000e-01 
 1.60000000e-01  1.48000000e+00  1.60000000e-01  4.26045256e-04  1.60000000e-01  1.60000000e-01 
 1.70000000e-01  1.48000000e+00  1.70000000e-01  4.42020495e-04  1.70000000e-01  1.70000000e-01 
 1.80000000e-01  1.48000000e+00  1.80000000e-01  4.56970426e-04  1.80000000e-01  1.80000000e-01 
 1.90000000e-01  1.48000000e+00  1.90000000e-01  4.70953135e-04  1.90000000e-01  1.90000000e-01 
 2.00000000e-01  1.48000000e+00  2.00000000e-01  4.84027293e-04  2.00000000e-01  2.00000000e-01 
 2.10000000e-01  1.48000000e+00  2.10000000e-01  4.96251256e-04  2.10000000e-01  2.10000000e-01 
 2.20000000e-01  1.48000000e+00  2.20000000e-01  5.07682293e-04  2.20000000e-01  2.20000000e-01 
 2.30000000e-01  1.48000000e+00  2.30000000e-01  5.18375938e-04  2.30000000e-01  2.30000000e-01 
 2.40000000e-01  1.48000000e+00  2.40000000e-01  5.28385483e-04  2.40000000e-01  2.40000000e-01 
 2.50000000e-01  1.48000000e+00  2.50000000e-01  5.37761617e-04  2.50000000e-01  2.50000000e-01 
 2.60000000e-01  1.48000000e+00  2.60000000e-01  5.46552175e-04  2.60000000e-01  2.60000000e-01 
 2.70000000e-01  1.48000000e+00  2.70000000e-01  5.54802002e-04  2.70000000e-01  2.70000000e-01 
 2.80000000e-01  1.48000000e+00  2.80000000e-01  5.62552908e-04  2.80000000e-01  2.80000000e-01 
 2.90000000e-01  1.48000000e+00  2.90000000e-01  5.69843691e-04  2.90000000e-01  2.90000000e-01 
 3.00000000e-01  1.48000000e+00  3.00000000e-01  5.76710214e-04  3.00000000e-01  3.00000000e-01 
 3.10000000e-01  1.48000000e+00  3.10000000e-01  5.83185526e-04  3.10000000e-01  3.10000000e-01 
 3.20000000e-01  1.48000000e+00  3.20000000e-01  5.89300009e-04  3.20000000e-01  3.20000000e-01 
 3.30000000e-01  1.48000000e+00  3.30000000e-01  5.95081534e-04  3.30000000e-01  3.30000000e-01 
 3.40000000e-01  1.48000000e+00  3.40000000e-01  6.00555637e-04  3.40000000e-01  3.40000000e-01 
 3.50000000e-01  1.48000000e+00  3.50000000e-01  6.05745689e-04  3.50000000e-01  3.50000000e-01 
 3.60000000e-01  1.48000000e+00  3.60000000e-01  6.10673062e-04  3.60000000e-01  3.60000000e-01 
 3.70000000e-01  1.48000000e+00  3.70000000e-01  6.15357298e-04  3.70000000e-01  3.70000000e-01 
 3.80000000e-01  1.48000000e+00  3.80000000e-01  6.19816261e-04  3.80000000e-01  3.80000000e-01 
 3.90000000e-01  1.48000000e+00  3.90000000e-01  6.24066284e-04  3.90000000e-01  3.90000000e-01 
 4.00000000e-01  1.48000000e+00  4.00000000e-01  6.28122304e-04  4.00000000e-01  4.00000000e-01 
 4.10000000e-01  1.48000000e+00  4.10000000e-01  6.31997990e-04  4.10000000e-01  4.10000000e-01 
 4.20000000e-01  1.48000000e+00  4.20000000e-01  6.35705855e-04  4.20000000e-01  4.20000000e-01 
 4.30000000e-01  1.48000000e+00  4.30000000e-01  6.39257365e-04  4.30000000e-01  4.30000000e-01 
 4.40000000e-01  1.48000000e+00  4.40000000e-01  6.42663032e-04  4.40000000e-01  4.40000000e-01 
 4.50000000e-01  1.48000000e+00  4.50000000e-01  6.45932504e-04  4.50000000e-01  4.50000000e-01 
 4.60000000e-01  1.48000000e+00  4.60000000e-01  6.49074646e-04  4.60000000e-01  4.60000000e-01 
 4.70000000e-01  1.48000000e+00  4.70000000e-01  6.52097606e-04  4.70000000e-01  4.70000000e-01 
 4.80000000e-01  1.48000000e+00  4.80000000e-01  6.55008887e-04  4.80000000e-01  4.80000000e-01 
 4.90000000e-01  1.48000000e+00  4.90000000e-01  6.57815400e-04  4.90000000e-01  4.90000000e-01 
 5.00000000e-01  1.48000000e+00  5.00000000e-01  6.60523522e-04  5.00000000e-01  5.00000000e-01 
 5.10000000e-01  1.48000000e+00  5.10000000e-01  6.63139140e-04  5.10000000e-01  5.10000000e-01 
 5.20000000e-01  1.48000000e+00  5.20000000e-01  6.65667696e-04  5.20000000e-01  5.20000000e-01 
 5.30000000e-01  1.48000000e+00  5.30000000e-01  6.68114227e-04  5.30000000e-01  5.30000000e-01 
 5.40000000e-01  1.48000000e+00  5.40000000e-01  6.70483399e-04  5.40000000e-01  5.40000000e-01 
 5.50000000e-01  1.48000000e+00  5.50000000e-01  6.72779539e-04  5.50000000e-01  5.50000000e-01 
 5.60000000e-01  1.48000000e+00  5.60000000e-01  6.75006665e-04  5.60000000e-01  5.60000000e-01 
 5.70000000e-01  1.48000000e+00  5.70000000e-01  6.77168511e-04  5.70000000e-01  5.70000000e-01 
 5.80000000e-01  1.48000000e+00  5.80000000e-01  6.79268551e-04  5.80000000e-01  5.80000000e-01 
 5.90000000e-01  1.48000000e+00  5.90000000e-01  6.81310021e-04  5.90000000e-01  5.90000000e-01 
 6.00000000e-01  1.48000000e+00  6.00000000e-01  6.83295938e-04  6.00000000e-01  6.00000000e-01 
 6.10000000e-01  1.48000000e+00  6.10000000e-01  6.85229116e-04  6.10000000e-01  6.10000000e-01 
 6.20000000e-01  1.48000000e+00  6.20000000e-01  6.87112187e-04  6.20000000e-01  6.20000000e-01 
 6.30000000e-01  1.48000000e+00  6.30000000e-01  6.88947610e-04  6.30000000e-01  6.30000000e-01 
 6.40000000e-01  1.48000000e+00  6.40000000e-01  6.90737687e-04  6.40000000e-01  6.40000000e-01 
 6.50000000e-01  1.48000000e+00  6.50000000e-01  6.92484576e-04  6.50000000e-01  6.50000000e-01 
 6.60000000e-01  1.48000000e+00  6.60000000e-01  6.94190298e-04  6.60000000e-01  6.60000000e-01 
 6.70000000e-01  1.48000000e+00  6.70000000e-01  6.95856753e-04  6.70000000e-01  6.70000000e-01 
 6.80000000e-01  1.48000000e+00  6.80000000e-01  6.97485723e-04  6.80000000e-01  6.80000000e-01 
 6.90000000e-01  1.48000000e+00  6.90000000e-01  6.99078888e-04  6.90000000e-01  6.90000000e-01 
 7.00000000e-01  1.48000000e+00  7.00000000e-01  7.00637823e-04  7.00000000e-01  7.00000000e-01 
 7.10000000e-01  1.48000000e+00  7.10000000e-01  7.02164017e-04  7.10000000e-01  7.10000000e-01 
 7.20000000e-01  1.48000000e+00  7.20000000e-01  7.03658871e-04  7.20000000e-01  7.20000000e-01 
 7.30000000e-01  1.48000000e+00  7.30000000e-01  7.05123706e-04  7.30000000e-01  7.30000000e-01 
 7.40000000e-01  1.48000000e+00  7.40000000e-01  7.06559770e-04  7.40000000e-01  7.40000000e-01 
 7.50000000e-01  1.48000000e+00  7.50000000e-01  7.07968244e-04  7.50000000e-01  7.50000000e-01 
 7.60000000e-01  1.48000000e+00  7.60000000e-01  7.09350243e-04  7.60000000e-01  7.60000000e-01 
 7.70000000e-01  1.48000000e+00  7.70000000e-01  7.10706821e-04  7.70000000e-01  7.70000000e-01 
 7.80000000e-01  1.48000000e+00  7.80000000e-01  7.12038978e-04  7.80000000e-01  7.80000000e-01 
 7.90000000e-01  1.48000000e+00  7.90000000e-01  7.13347660e-04  7.90000000e-01  7.90000000e-01 
 8.00000000e-01  1.48000000e+00  8.00000000e-01  7.14633767e-04  8.00000000e-01  8.00000000e-01 
 8.10000000e-01  1.48000000e+00  8.10000000e-01  7.15898150e-04  8.10000000e-01  8.10000000e-01 
 8.20000000e-01  1.48000000e+00  8.20000000e-01  7.17141619e-04  8.20000000e-01  8.20000000e-01 
 8.30000000e-01  1.48000000e+00  8.30000000e-01  7.18364942e-04  8.30000000e-01  8.30000000e-01 
 8.40000000e-01  1.48000000e+00  8.40000000e-01  7.19568850e-04  8.40000000e-01  8.40000000e-01 
 8.50000000e-01  1.48000000e+00  8.50000000e-01  7.20754039e-04  8.50000000e-01  8.50000000e-01 
 8.60000000e-01  1.48000000e+00  8.60000000e-01  7.21921171e-04  8.60000000e-01  8.60000000e-01 
 8.70000000e-01  1.48000000e+00  8.70000000e-01  7.23070876e-04  8.70000000e-01  8.70000000e-01 
 8.80000000e-01  1.48000000e+00  8.80000000e-01  7.24203756e-04  8.80000000e-01  8.80000000e-01 
 8.90000000e-01  1.48000000e+00  8.90000000e-01  7.25320383e-04  8.90000000e-01  8.90000000e-01 
 9.00000000e-01  1.48000000e+00  9.00000000e-01  7.26421305e-04  9.00000000e-01  9.00000000e-01 
 9.10000000e-01  1.48000000e+00  9.10000000e-01  7.27507044e-04  9.10000000e-01  9.10000000e-01 
 9.20000000e-01  1.48000000e+00  9.20000000e-01  7.28578098e-04  9.20000000e-01  9.20000000e-01 
 9.30000000e-01  1.48000000e+00  9.30000000e-01  7.29634945e-04  9.30000000e-01  9.30000000e-01 
 9.40000000e-01  1.48000000e+00  9.40000000e-01  7.30678039e-04  9.40000000e-01  9.40000000e-01 
 9.50000000e-01  1.48000000e+00  9.50000000e-01  7.31707816e-04  9.50000000e-01  9.50000000e-01 
 9.60000000e-01  1.48000000e+00  9.60000000e-01  7.32724695e-04  9.60000000e-01  9.60000000e-01 
 9.70000000e-01  1.48000000e+00  9.70000000e-01  7.33729074e-04  9.70000000e-01  9.70000000e-01 
 9.80000000e-01  1.48000000e+00  9.80000000e-01  7.34721337e-04  9.80000000e-01  9.80000000e-01 
 9.90000000e-01  1.48000000e+00  9.90000000e-01  7.35701850e-04  9.90000000e-01  9.90000000e-01 
 1.00000000e+00  1.48000000e+00  1.00000000e+00  7.36670965e-04  1.00000000e+00  1.00000000e+00 
 1.01000000e+00  1.48000000e+00  1.01000000e+00  7.37629020e-04  1.01000000e+00  1.01000000e+00 
 1.02000000e+00  1.48000000e+00  1.02000000e+00  7.38576339e-04  1.02000000e+00  1.02000000e+00 
 1.03000000e+00  1.48000000e+00  1.03000000e+00  7.39513233e-04  1.03000000e+00  1.03000000e+00 
 1.04000000e+00  1.48000000e+00  1.04000000e+00  7.40440001e-04  1.04000000e+00  1.04000000e+00 
 1.05000000e+00  1.48000000e+00  1.05000000e+00  7.41356930e-04  1.05000000e+00  1.05000000e+00 
 1.06000000e+00  1.48000000e+00  1.06000000e+00  7.42264297e-04  1.06000000e+00  1.06000000e+00 
 1.07000000e+00  1.48000000e+00  1.07000000e+00  7.43162366e-04  1.07000000e+00  1.07000000e+00 
 1.08000000e+00  1.48000000e+00  1.08000000e+00  7.44051393e-04  1.08000000e+00  1.08000000e+00 
 1.09000000e+00  1.48000000e+00  1.09000000e+00  7.44931625e-04  1.09000000e+00  1.09000000e+00 
 1.10000000e+00  1.48000000e+00  1.10000000e+00  7.45803298e-04  1.10000000e+00  1.10000000e+00 
 1.11000000e+00  1.48000000e+00  1.11000000e+00  7.46666640e-04  1.11000000e+00  1.11000000e+00 
 1.12000000e+00  1.48000000e+00  1.12000000e+00  7.47521871e-04  1.12000000e+00  1.12000000e+00 
 1.13000000e+00  1.48000000e+00  1.13000000e+00  7.48369204e-04  1.13000000e+00  1.13000000e+00 
 1.14000000e+00  1.48000000e+00  1.14000000e+00  7.49208842e-04  1.14000000e+00  1.14000000e+00 
 1.15000000e+00  1.48000000e+00  1.15000000e+00  7.50040982e-04  1.15000000e+00  1.15000000e+00 
 1.16000000e+00  1.48000000e+00  1.16000000e+00  7.50865816e-04  1.16000000e+00  1.16000000e+00 
 1.17000000e+00  1.48000000e+00  1.17000000e+00  7.51683526e-04  1.17000000e+00  1.17000000e+00 
 1.18000000e+00  1.48000000e+00  1.18000000e+00  7.52494289e-04  1.18000000e+00  1.18000000e+00 
 1.19000000e+00  1.48000000e+00  1.19000000e+00  7.53298278e-04  1.19000000e+00  1.19000000e+00 
 1.20000000e+00  1.48000000e+00  1.20000000e+00  7.54095657e-04  1.20000000e+00  1.20000000e+00 
 1.21000000e+00  1.48000000e+00  1.21000000e+00  7.54886586e-04  1.21000000e+00  1.21000000e+00 
 1.22000000e+00  1.48000000e+00  1.22000000e+00  7.55671221e-04  1.22000000e+00  1.22000000e+00 
 1.23000000e+00  1.48000000e+00  1.23000000e+00  7.56449710e-04  1.23000000e+00  1.23000000e+00 
 1.24000000e+00  1.48000000e+00  1.24000000e+00  7.57222199e-04  1.24000000e+00  1.24000000e+00 
 1.25000000e+00  1.48000000e+00  1.25000000e+00  7.57988827e-04  1.25000000e+00  1.25000000e+00 
 1.26000000e+00  1.48000000e+00  1.26000000e+00  7.58749729e-04  1.26000000e+00  1.26000000e+00 
 1.27000000e+00  1.48000000e+00  1.27000000e+00  7.59505038e-04  1.27000000e+00  1.27000000e+00 
 1.28000000e+00  1.48000000e+00  1.28000000e+00  7.60254880e-04  1.28000000e+00  1.28000000e+00 
 1.29000000e+00  1.48000000e+00  1.29000000e+00  7.60999378e-04  1.29000000e+00  1.29000000e+00 
 1.30000000e+00  1.48000000e+00  1.30000000e+00  7.61738651e-04  1.30000000e+00  1.30000000e+00 
 1.31000000e+00  1.48000000e+00  1.31000000e+00  7.62472816e-04  1.31000000e+00  1.31000000e+00 
 1.32000000e+00  1.48000000e+00  1.32000000e+00  7.63201983e-04  1.32000000e+00  1.32000000e+00 
 1.33000000e+00  1.48000000e+00  1.33000000e+00  7.63926263e-04  1.33000000e+00  1.33000000e+00 
 1.34000000e+00  1.48000000e+00  1.34000000e+00  7.64645760e-04  1.34000000e+00  1.34000000e+00 
 1.35000000e+00  1.48000000e+00  1.35000000e+00  7.65360577e-04  1.35000000e+00  1.35000000e+00 
 1.36000000e+00  1.48000000e+00  1.36000000e+00  7.66070813e-04  1.36000000e+00  1.36000000e+00 
 1.37000000e+00  1.48000000e+00  1.37000000e+00  7.66776565e-04  1.37000000e+00  1.37000000e+00 
 1.38000000e+00  1.48000000e+00  1.38000000e+00  7.67477925e-04  1.38000000e+00  1.38000000e+00 
 1.39000000e+00  1.48000000e+00  1.39000000e+00  7.68174986e-04  1.39000000e+00  1.39000000e+00 
 1.40000000e+00  1.48000000e+00  1.40000000e+00  7.68867835e-04  1.40000000e+00  1.40000000e+00 
 1.41000000e+00  1.48000000e+00  1.41000000e+00  7.69556558e-04  1.41000000e+00  1.41000000e+00 
 1.42000000e+00  1.48000000e+00  1.42000000e+00  7.70241239e-04  1.42000000e+00  1.42000000e+00 
 1.43000000e+00  1.48000000e+00  1.43000000e+00  7.70921959e-04  1.43000000e+00  1.43000000e+00 
 1.44000000e+00  1.48000000e+00  1.44000000e+00  7.71598796e-04  1.44000000e+00  1.44000000e+00 
 1.45000000e+00  1.48000000e+00  1.45000000e+00  7.72271827e-04  1.45000000e+00  1.45000000e+00 
 1.46000000e+00  1.48000000e+00  1.46000000e+00  7.72941128e-04  1.46000000e+00  1.46000000e+00 
 1.47000000e+00  1.48000000e+00  1.47000000e+00  7.73606769e-04  1.47000000e+00  1.47000000e+00 
 1.48000000e+00  1.48000000e+00  1.48000000e+00  7.74268823e-04  1.48000000e+00  1.48000000e+00 
 1.49000000e+00  1.48000000e+00  1.49000000e+00  7.74927357e-04  1.49000000e+00  1.49000000e+00 
 1.50000000e+00  1.48000000e+00  1.50000000e+00  7.75582439e-04  1.50000000e+00  1.50000000e+00 
 1.51000000e+00  1.48000000e+00  1.51000000e+00  7.76234134e-04  1.51000000e+00  1.51000000e+00 
 1.52000000e+00  1.48000000e+00  1.52000000e+00  7.76882506e-04  1.52000000e+00  1.52000000e+00 
 1.53000000e+00  1.48000000e+00  1.53000000e+00  7.77527615e-04  1.53000000e+00  1.53000000e+00 
 1.54000000e+00  1.48000000e+00  1.54000000e+00  7.78169523e-04  1.54000000e+00  1.54000000e+00 
 1.55000000e+00  1.48000000e+00  1.55000000e+00  7.78808288e-04  1.55000000e+00  1.55000000e+00 
 1.56000000e+00  1.48000000e+00  1.56000000e+00  7.79443968e-04  1.56000000e+00  1.56000000e+00 
 1.57000000e+00  1.48000000e+00  1.57000000e+00  7.80076618e-04  1.57000000e+00  1.57000000e+00 
 1.58000000e+00  1.48000000e+00  1.58000000e+00  7.80706292e-04  1.58000000e+00  1.58000000e+00 
 1.59000000e+00  1.48000000e+00  1.59000000e+00  7.81333044e-04  1.59000000e+00  1.59000000e+00 
 1.60000000e+00  1.48000000e+00  1.60000000e+00  7.81956926e-04  1.60000000e+00  1.60000000e+00 
 1.61000000e+00  1.48000000e+00  1.61000000e+00  7.82577988e-04  1.61000000e+00  1.61000000e+00 
 1.62000000e+00  1.48000000e+00  1.62000000e+00  7.83196279e-04  1.62000000e+00  1.62000000e+00 
 1.63000000e+00  1.48000000e+00  1.63000000e+00  7.83811848e-04  1.63000000e+00  1.63000000e+00 
 1.64000000e+00  1.48000000e+00  1.64000000e+00  7.84424741e-04  1.64000000e+00  1.64000000e+00 
 1.65000000e+00  1.48000000e+00  1.65000000e+00  7.85035004e-04  1.65000000e+00  1.65000000e+00 
 1.66000000e+00  1.48000000e+00  1.66000000e+00  7.85642683e-04  1.66000000e+00  1.66000000e+00 
 1.67000000e+00  1.48000000e+00  1.67000000e+00  7.86247820e-04  1.67000000e+00  1.67000000e+00 
 1.68000000e+00  1.48000000e+00  1.68000000e+00  7.86850459e-04  1.68000000e+00  1.68000000e+00 
 1.69000000e+00  1.48000000e+00  1.69000000e+00  7.87450642e-04  1.69000000e+00  1.69000000e+00 
 1.70000000e+00  1.48000000e+00  1.70000000e+00  7.88048409e-04  1.70000000e+00  1.70000000e+00 
 1.71000000e+00  1.48000000e+00  1.71000000e+00  7.88643800e-04  1.71000000e+00  1.71000000e+00 
 1.72000000e+00  1.48000000e+00  1.72000000e+00  7.89236855e-04  1.72000000e+00  1.72000000e+00 
 1.73000000e+00  1.48000000e+00  1.73000000e+00  7.89827611e-04  1.73000000e+00  1.73000000e+00 
 1.74000000e+00  1.48000000e+00  1.74000000e+00  7.90416106e-04  1.74000000e+00  1.74000000e+00 
 1.75000000e+00  1.48000000e+00  1.75000000e+00  7.91002376e-04  1.75000000e+00  1.75000000e+00 
 1.76000000e+00  1.48000000e+00  1.76000000e+00  7.91586457e-04  1.76000000e+00  1.76000000e+00 
 1.77000000e+00  1.48000000e+00  1.77000000e+00  7.92168385e-04  1.77000000e+00  1.77000000e+00 
 1.78000000e+00  1.48000000e+00  1.78000000e+00  7.92748193e-04  1.78000000e+00  1.78000000e+00 
 1.79000000e+00  1.48000000e+00  1.79000000e+00  7.93325916e-04  1.79000000e+00  1.79000000e+00 
 1.80000000e+00  1.48000000e+00  1.80000000e+00  7.93901585e-04  1.80000000e+00  1.80000000e+00 
 1.81000000e+00  1.48000000e+00  1.81000000e+00  7.94475233e-04  1.81000000e+00  1.81000000e+00 
 1.82000000e+00  1.48000000e+00  1.82000000e+00  7.95046892e-04  1.82000000e+00  1.82000000e+00 
 1.83000000e+00  1.48000000e+00  1.83000000e+00  7.95616593e-04  1.83000000e+00  1.83000000e+00 
 1.84000000e+00  1.48000000e+00  1.84000000e+00  7.96184366e-04  1.84000000e+00  1.84000000e+00 
 1.85000000e+00  1.48000000e+00  1.85000000e+00  7.96750241e-04  1.85000000e+00  1.85000000e+00 
