 0.00000000e+00  1.48000000e+00  0.00000000e+00  0.00000000e+00  0.00000000e+00  0.00000000e+00 
 1.00000000e-02  1.48000000e+00  1.00000000e-02  3.66930227e-07  1.00000000e-02  1.00000000e-02 
 2.00000000e-02  1.48000000e+00  2.00000000e-02  7.28176321e-07  2.00000000e-02  2.00000000e-02 
 3.00000000e-02  1.48000000e+00  3.00000000e-02  1.08367119e-06  3.00000000e-02  3.00000000e-02 
 4.00000000e-02  1.48000000e+00  4.00000000e-02  1.43340910e-06  4.00000000e-02  4.00000000e-02 
 5.00000000e-02  1.48000000e+00  5.00000000e-02  1.77739554e-06  5.00000000e-02  5.00000000e-02 
 6.00000000e-02  1.48000000e+00  6.00000000e-02  2.11564084e-06  6.00000000e-02  6.00000000e-02 
 7.00000000e-02  1.48000000e+00  7.00000000e-02  2.44815830e-06  7.00000000e-02  7.00000000e-02 
 8.00000000e-02  1.48000000e+00  8.00000000e-02  2.77496342e-06  8.00000000e-02  8.00000000e-02 
 9.00000000e-02  1.48000000e+00  9.00000000e-02  3.09607355e-06  9.00000000e-02  9.00000000e-02 
 1.00000000e-01  1.48000000e+00  1.00000000e-01  3.41150772e-06  1.00000000e-01  1.00000000e-01 
 1.10000000e-01  1.48000000e+00  1.10000000e-01  3.72128660e-06  1.10000000e-01  1.10000000e-01 
 1.20000000e-01  1.48000000e+00  1.20000000e-01  4.02543245e-06  1.20000000e-01  1.20000000e-01 
 1.30000000e-01  1.48000000e+00  1.30000000e-01  4.32396912e-06  1.30000000e-01  1.30000000e-01 
 1.40000000e-01  1.48000000e+00  1.40000000e-01  4.61692211e-06  1.40000000e-01  1.40000000e-01 
 1.50000000e-01  1.48000000e+00  1.50000000e-01  4.90431857e-06  1.50000000e-01  1.50000000e-01 
 1.60000000e-01  1.48000000e+00  1.60000000e-01  5.18618734e-06  1.60000000e-01  1.60000000e-01 
 1.70000000e-01  1.48000000e+00  1.70000000e-01  5.46255903e-06  1.70000000e-01  1.70000000e-01 
 1.80000000e-01  1.48000000e+00  1.80000000e-01  5.73346602e-06  1.80000000e-01  1.80000000e-01 
 1.90000000e-01  1.48000000e+00  1.90000000e-01  5.99894251e-06  1.90000000e-01  1.90000000e-01 
 2.00000000e-01  1.48000000e+00  2.00000000e-01  6.25902461e-06  2.00000000e-01  2.00000000e-01 
 2.10000000e-01  1.48000000e+00  2.10000000e-01  6.51375031e-06  2.10000000e-01  2.10000000e-01 
 2.20000000e-01  1.48000000e+00  2.20000000e-01  6.76315957e-06  2.20000000e-01  2.20000000e-01 
 2.30000000e-01  1.48000000e+00  2.30000000e-01  7.00729433e-06  2.30000000e-01  2.30000000e-01 
 2.40000000e-01  1.48000000e+00  2.40000000e-01  7.24619855e-06  2.40000000e-01  2.40000000e-01 
 2.50000000e-01  1.48000000e+00  2.50000000e-01  7.47991821e-06  2.50000000e-01  2.50000000e-01 
 2.60000000e-01  1.48000000e+00  2.60000000e-01  7.70850134e-06  2.60000000e-01  2.60000000e-01 
 2.70000000e-01  1.48000000e+00  2.70000000e-01  7.93199804e-06  2.70000000e-01  2.70000000e-01 
 2.80000000e-01  1.48000000e+00  2.80000000e-01  8.15046045e-06  2.80000000e-01  2.80000000e-01 
 2.90000000e-01  1.48000000e+00  2.90000000e-01  8.36394278e-06  2.90000000e-01  2.90000000e-01 
 3.00000000e-01  1.48000000e+00  3.00000000e-01  8.57250127e-06  3.00000000e-01  3.00000000e-01 
 3.10000000e-01  1.48000000e+00  3.10000000e-01  8.77619415e-06  3.10000000e-01  3.10000000e-01 
 3.20000000e-01  1.48000000e+00  3.20000000e-01  8.97508167e-06  3.20000000e-01  3.20000000e-01 
 3.30000000e-01  1.48000000e+00  3.30000000e-01  9.16922598e-06  3.30000000e-01  3.30000000e-01 
 3.40000000e-01  1.48000000e+00  3.40000000e-01  9.35869113e-06  3.40000000e-01  3.40000000e-01 
 3.50000000e-01  1.48000000e+00  3.50000000e-01  9.54354299e-06  3.50000000e-01  3.50000000e-01 
 3.60000000e-01  1.48000000e+00  3.60000000e-01  9.72384919e-06  3.60000000e-01  3.60000000e-01 
 3.70000000e-01  1.48000000e+00  3.70000000e-01  9.89967904e-06  3.70000000e-01  3.70000000e-01 
 3.80000000e-01  1.48000000e+00  3.80000000e-01  1.00711034e-05  3.80000000e-01  3.80000000e-01 
 3.90000000e-01  1.48000000e+00  3.90000000e-01  1.02381948e-05  3.90000000e-01  3.90000000e-01 
 4.00000000e-01  1.48000000e+00  4.00000000e-01  1.04010268e-05  4.00000000e-01  4.00000000e-01 
 4.10000000e-01  1.48000000e+00  4.10000000e-01  1.05596747e-05  4.10000000e-01  4.10000000e-01 
 4.20000000e-01  1.48000000e+00  4.20000000e-01  1.07142146e-05  4.20000000e-01  4.20000000e-01 
 4.30000000e-01  1.48000000e+00  4.30000000e-01  1.08647238e-05  4.30000000e-01  4.30000000e-01 
 4.40000000e-01  1.48000000e+00  4.40000000e-01  1.10112807e-05  4.40000000e-01  4.40000000e-01 
 4.50000000e-01  1.48000000e+00  4.50000000e-01  1.11539641e-05  4.50000000e-01  4.50000000e-01 
 4.60000000e-01  1.48000000e+00  4.60000000e-01  1.12928539e-05  4.60000000e-01  4.60000000e-01 
 4.70000000e-01  1.48000000e+00  4.70000000e-01  1.14280301e-05  4.70000000e-01  4.70000000e-01 
 4.80000000e-01  1.48000000e+00  4.80000000e-01  1.15595735e-05  4.80000000e-01  4.80000000e-01 
 4.90000000e-01  1.48000000e+00  4.90000000e-01  1.16875650e-05  4.90000000e-01  4.90000000e-01 
 5.00000000e-01  1.48000000e+00  5.00000000e-01  1.18120856e-05  5.00000000e-01  5.00000000e-01 
 5.10000000e-01  1.48000000e+00  5.10000000e-01  1.19332163e-05  5.10000000e-01  5.10000000e-01 
 5.20000000e-01  1.48000000e+00  5.20000000e-01  1.20510380e-05  5.20000000e-01  5.20000000e-01 
 5.30000000e-01  1.48000000e+00  5.30000000e-01  1.21656314e-05  5.30000000e-01  5.30000000e-01 
 5.40000000e-01  1.48000000e+00  5.40000000e-01  1.22770768e-05  5.40000000e-01  5.40000000e-01 
 5.50000000e-01  1.48000000e+00  5.50000000e-01  1.23854540e-05  5.50000000e-01  5.50000000e-01 
 5.60000000e-01  1.48000000e+00  5.60000000e-01  1.24908421e-05  5.60000000e-01  5.60000000e-01 
 5.70000000e-01  1.48000000e+00  5.70000000e-01  1.25933196e-05  5.70000000e-01  5.70000000e-01 
 5.80000000e-01  1.48000000e+00  5.80000000e-01  1.26929642e-05  5.80000000e-01  5.80000000e-01 
 5.90000000e-01  1.48000000e+00  5.90000000e-01  1.27898527e-05  5.90000000e-01  5.90000000e-01 
 6.00000000e-01  1.48000000e+00  6.00000000e-01  1.28840608e-05  6.00000000e-01  6.00000000e-01 
 6.10000000e-01  1.48000000e+00  6.10000000e-01  1.29756631e-05  6.10000000e-01  6.10000000e-01 
 6.20000000e-01  1.48000000e+00  6.20000000e-01  1.30647334e-05  6.20000000e-01  6.20000000e-01 
 6.30000000e-01  1.48000000e+00  6.30000000e-01  1.31513438e-05  6.30000000e-01  6.30000000e-01 
 6.40000000e-01  1.48000000e+00  6.40000000e-01  1.32355654e-05  6.40000000e-01  6.40000000e-01 
 6.50000000e-01  1.48000000e+00  6.50000000e-01  1.33174679e-05  6.50000000e-01  6.50000000e-01 
 6.60000000e-01  1.48000000e+00  6.60000000e-01  1.33971198e-05  6.60000000e-01  6.60000000e-01 
 6.70000000e-01  1.48000000e+00  6.70000000e-01  1.34745879e-05  6.70000000e-01  6.70000000e-01 
 6.80000000e-01  1.48000000e+00  6.80000000e-01  1.35499377e-05  6.80000000e-01  6.80000000e-01 
 6.90000000e-01  1.48000000e+00  6.90000000e-01  1.36232332e-05  6.90000000e-01  6.90000000e-01 
 7.00000000e-01  1.48000000e+00  7.00000000e-01  1.36945370e-05  7.00000000e-01  7.00000000e-01 
 7.10000000e-01  1.48000000e+00  7.10000000e-01  1.37639101e-05  7.10000000e-01  7.10000000e-01 
 7.20000000e-01  1.48000000e+00  7.20000000e-01  1.38314119e-05  7.20000000e-01  7.20000000e-01 
 7.30000000e-01  1.48000000e+00  7.30000000e-01  1.38971004e-05  7.30000000e-01  7.30000000e-01 
 7.40000000e-01  1.48000000e+00  7.40000000e-01  1.39610321e-05  7.40000000e-01  7.40000000e-01 
 7.50000000e-01  1.48000000e+00  7.50000000e-01  1.40232617e-05  7.50000000e-01  7.50000000e-01 
 7.60000000e-01  1.48000000e+00  7.60000000e-01  1.40838428e-05  7.60000000e-01  7.60000000e-01 
 7.70000000e-01  1.48000000e+00  7.70000000e-01  1.41428272e-05  7.70000000e-01  7.70000000e-01 
 7.80000000e-01  1.48000000e+00  7.80000000e-01  1.42002652e-05  7.80000000e-01  7.80000000e-01 
 7.90000000e-01  1.48000000e+00  7.90000000e-01  1.42562058e-05  7.90000000e-01  7.90000000e-01 
 8.00000000e-01  1.48000000e+00  8.00000000e-01  1.43106965e-05  8.00000000e-01  8.00000000e-01 
 8.10000000e-01  1.48000000e+00  8.10000000e-01  1.43637831e-05  8.10000000e-01  8.10000000e-01 
 8.20000000e-01  1.48000000e+00  8.20000000e-01  1.44155103e-05  8.20000000e-01  8.20000000e-01 
 8.30000000e-01  1.48000000e+00  8.30000000e-01  1.44659214e-05  8.30000000e-01  8.30000000e-01 
 8.40000000e-01  1.48000000e+00  8.40000000e-01  1.45150582e-05  8.40000000e-01  8.40000000e-01 
 8.50000000e-01  1.48000000e+00  8.50000000e-01  1.45629612e-05  8.50000000e-01  8.50000000e-01 
 8.60000000e-01  1.48000000e+00  8.60000000e-01  1.46096695e-05  8.60000000e-01  8.60000000e-01 
 8.70000000e-01  1.48000000e+00  8.70000000e-01  1.46552213e-05  8.70000000e-01  8.70000000e-01 
 8.80000000e-01  1.48000000e+00  8.80000000e-01  1.46996531e-05  8.80000000e-01  8.80000000e-01 
 8.90000000e-01  1.48000000e+00  8.90000000e-01  1.47430004e-05  8.90000000e-01  8.90000000e-01 
 9.00000000e-01  1.48000000e+00  9.00000000e-01  1.47852977e-05  9.00000000e-01  9.00000000e-01 
 9.10000000e-01  1.48000000e+00  9.10000000e-01  1.48265780e-05  9.10000000e-01  9.10000000e-01 
 9.20000000e-01  1.48000000e+00  9.20000000e-01  1.48668734e-05  9.20000000e-01  9.20000000e-01 
 9.30000000e-01  1.48000000e+00  9.30000000e-01  1.49062149e-05  9.30000000e-01  9.30000000e-01 
 9.40000000e-01  1.48000000e+00  9.40000000e-01  1.49446325e-05  9.40000000e-01  9.40000000e-01 
 9.50000000e-01  1.48000000e+00  9.50000000e-01  1.49821550e-05  9.50000000e-01  9.50000000e-01 
 9.60000000e-01  1.48000000e+00  9.60000000e-01  1.50188103e-05  9.60000000e-01  9.60000000e-01 
 9.70000000e-01  1.48000000e+00  9.70000000e-01  1.50546256e-05  9.70000000e-01  9.70000000e-01 
 9.80000000e-01  1.48000000e+00  9.80000000e-01  1.50896267e-05  9.80000000e-01  9.80000000e-01 
 9.90000000e-01  1.48000000e+00  9.90000000e-01  1.51238389e-05  9.90000000e-01  9.90000000e-01 
 1.00000000e+00  1.48000000e+00  1.00000000e+00  1.51572864e-05  1.00000000e+00  1.00000000e+00 
 1.01000000e+00  1.48000000e+00  1.01000000e+00  1.51899927e-05  1.01000000e+00  1.01000000e+00 
 1.02000000e+00  1.48000000e+00  1.02000000e+00  1.52219805e-05  1.02000000e+00  1.02000000e+00 
 1.03000000e+00  1.48000000e+00  1.03000000e+00  1.52532715e-05  1.03000000e+00  1.03000000e+00 
 1.04000000e+00  1.48000000e+00  1.04000000e+00  1.52838870e-05  1.04000000e+00  1.04000000e+00 
 1.05000000e+00  1.48000000e+00  1.05000000e+00  1.53138473e-05  1.05000000e+00  1.05000000e+00 
 1.06000000e+00  1.48000000e+00  1.06000000e+00  1.53431721e-05  1.06000000e+00  1.06000000e+00 
 1.07000000e+00  1.48000000e+00  1.07000000e+00  1.53718803e-05  1.07000000e+00  1.07000000e+00 
 1.08000000e+00  1.48000000e+00  1.08000000e+00  1.53999904e-05  1.08000000e+00  1.08000000e+00 
 1.09000000e+00  1.48000000e+00  1.09000000e+00  1.54275200e-05  1.09000000e+00  1.09000000e+00 
 1.10000000e+00  1.48000000e+00  1.10000000e+00  1.54544862e-05  1.10000000e+00  1.10000000e+00 
 1.11000000e+00  1.48000000e+00  1.11000000e+00  1.54809056e-05  1.11000000e+00  1.11000000e+00 
 1.12000000e+00  1.48000000e+00  1.12000000e+00  1.55067942e-05  1.12000000e+00  1.12000000e+00 
 1.13000000e+00  1.48000000e+00  1.13000000e+00  1.55321673e-05  1.13000000e+00  1.13000000e+00 
 1.14000000e+00  1.48000000e+00  1.14000000e+00  1.55570398e-05  1.14000000e+00  1.14000000e+00 
 1.15000000e+00  1.48000000e+00  1.15000000e+00  1.55814262e-05  1.15000000e+00  1.15000000e+00 
 1.16000000e+00  1.48000000e+00  1.16000000e+00  1.56053402e-05  1.16000000e+00  1.16000000e+00 
 1.17000000e+00  1.48000000e+00  1.17000000e+00  1.56287954e-05  1.17000000e+00  1.17000000e+00 
 1.18000000e+00  1.48000000e+00  1.18000000e+00  1.56518047e-05  1.18000000e+00  1.18000000e+00 
 1.19000000e+00  1.48000000e+00  1.19000000e+00  1.56743806e-05  1.19000000e+00  1.19000000e+00 
 1.20000000e+00  1.48000000e+00  1.20000000e+00  1.56965352e-05  1.20000000e+00  1.20000000e+00 
 1.21000000e+00  1.48000000e+00  1.21000000e+00  1.57182804e-05  1.21000000e+00  1.21000000e+00 
 1.22000000e+00  1.48000000e+00  1.22000000e+00  1.57396273e-05  1.22000000e+00  1.22000000e+00 
 1.23000000e+00  1.48000000e+00  1.23000000e+00  1.57605870e-05  1.23000000e+00  1.23000000e+00 
 1.24000000e+00  1.48000000e+00  1.24000000e+00  1.57811700e-05  1.24000000e+00  1.24000000e+00 
 1.25000000e+00  1.48000000e+00  1.25000000e+00  1.58013865e-05  1.25000000e+00  1.25000000e+00 
 1.26000000e+00  1.48000000e+00  1.26000000e+00  1.58212465e-05  1.26000000e+00  1.26000000e+00 
 1.27000000e+00  1.48000000e+00  1.27000000e+00  1.58407595e-05  1.27000000e+00  1.27000000e+00 
 1.28000000e+00  1.48000000e+00  1.28000000e+00  1.58599349e-05  1.28000000e+00  1.28000000e+00 
 1.29000000e+00  1.48000000e+00  1.29000000e+00  1.58787815e-05  1.29000000e+00  1.29000000e+00 
 1.30000000e+00  1.48000000e+00  1.30000000e+00  1.58973080e-05  1.30000000e+00  1.30000000e+00 
 1.31000000e+00  1.48000000e+00  1.31000000e+00  1.59155229e-05  1.31000000e+00  1.31000000e+00 
 1.32000000e+00  1.48000000e+00  1.32000000e+00  1.59334343e-05  1.32000000e+00  1.32000000e+00 
 1.33000000e+00  1.48000000e+00  1.33000000e+00  1.59510499e-05  1.33000000e+00  1.33000000e+00 
 1.34000000e+00  1.48000000e+00  1.34000000e+00  1.59683776e-05  1.34000000e+00  1.34000000e+00 
 1.35000000e+00  1.48000000e+00  1.35000000e+00  1.59854246e-05  1.35000000e+00  1.35000000e+00 
 1.36000000e+00  1.48000000e+00  1.36000000e+00  1.60021981e-05  1.36000000e+00  1.36000000e+00 
 1.37000000e+00  1.48000000e+00  1.37000000e+00  1.60187050e-05  1.37000000e+00  1.37000000e+00 
 1.38000000e+00  1.48000000e+00  1.38000000e+00  1.60349520e-05  1.38000000e+00  1.38000000e+00 
 1.39000000e+00  1.48000000e+00  1.39000000e+00  1.60509456e-05  1.39000000e+00  1.39000000e+00 
 1.40000000e+00  1.48000000e+00  1.40000000e+00  1.60666921e-05  1.40000000e+00  1.40000000e+00 
 1.41000000e+00  1.48000000e+00  1.41000000e+00  1.60821977e-05  1.41000000e+00  1.41000000e+00 
 1.42000000e+00  1.48000000e+00  1.42000000e+00  1.60974682e-05  1.42000000e+00  1.42000000e+00 
 1.43000000e+00  1.48000000e+00  1.43000000e+00  1.61125094e-05  1.43000000e+00  1.43000000e+00 
 1.44000000e+00  1.48000000e+00  1.44000000e+00  1.61273269e-05  1.44000000e+00  1.44000000e+00 
 1.45000000e+00  1.48000000e+00  1.45000000e+00  1.61419260e-05  1.45000000e+00  1.45000000e+00 
 1.46000000e+00  1.48000000e+00  1.46000000e+00  1.61563120e-05  1.46000000e+00  1.46000000e+00 
 1.47000000e+00  1.48000000e+00  1.47000000e+00  1.61704899e-05  1.47000000e+00  1.47000000e+00 
 1.48000000e+00  1.48000000e+00  1.48000000e+00  1.61844648e-05  1.48000000e+00  1.48000000e+00 
 1.49000000e+00  1.48000000e+00  1.49000000e+00  1.61982413e-05  1.49000000e+00  1.49000000e+00 
 1.50000000e+00  1.48000000e+00  1.50000000e+00  1.62118242e-05  1.50000000e+00  1.50000000e+00 
 1.51000000e+00  1.48000000e+00  1.51000000e+00  1.62252178e-05  1.51000000e+00  1.51000000e+00 
 1.52000000e+00  1.48000000e+00  1.52000000e+00  1.62384267e-05  1.52000000e+00  1.52000000e+00 
 1.53000000e+00  1.48000000e+00  1.53000000e+00  1.62514551e-05  1.53000000e+00  1.53000000e+00 
 1.54000000e+00  1.48000000e+00  1.54000000e+00  1.62643070e-05  1.54000000e+00  1.54000000e+00 
 1.55000000e+00  1.48000000e+00  1.55000000e+00  1.62769865e-05  1.55000000e+00  1.55000000e+00 
 1.56000000e+00  1.48000000e+00  1.56000000e+00  1.62894975e-05  1.56000000e+00  1.56000000e+00 
 1.57000000e+00  1.48000000e+00  1.57000000e+00  1.63018438e-05  1.57000000e+00  1.57000000e+00 
 1.58000000e+00  1.48000000e+00  1.58000000e+00  1.63140290e-05  1.58000000e+00  1.58000000e+00 
 1.59000000e+00  1.48000000e+00  1.59000000e+00  1.63260568e-05  1.59000000e+00  1.59000000e+00 
 1.60000000e+00  1.48000000e+00  1.60000000e+00  1.63379305e-05  1.60000000e+00  1.60000000e+00 
 1.61000000e+00  1.48000000e+00  1.61000000e+00  1.63496536e-05  1.61000000e+00  1.61000000e+00 
 1.62000000e+00  1.48000000e+00  1.62000000e+00  1.63612294e-05  1.62000000e+00  1.62000000e+00 
 1.63000000e+00  1.48000000e+00  1.63000000e+00  1.63726610e-05  1.63000000e+00  1.63000000e+00 
 1.64000000e+00  1.48000000e+00  1.64000000e+00  1.63839516e-05  1.64000000e+00  1.64000000e+00 
 1.65000000e+00  1.48000000e+00  1.65000000e+00  1.63951041e-05  1.65000000e+00  1.65000000e+00 
 1.66000000e+00  1.48000000e+00  1.66000000e+00  1.64061216e-05  1.66000000e+00  1.66000000e+00 
 1.67000000e+00  1.48000000e+00  1.67000000e+00  1.64170069e-05  1.67000000e+00  1.67000000e+00 
 1.68000000e+00  1.48000000e+00  1.68000000e+00  1.64277627e-05  1.68000000e+00  1.68000000e+00 
 1.69000000e+00  1.48000000e+00  1.69000000e+00  1.64383918e-05  1.69000000e+00  1.69000000e+00 
 1.70000000e+00  1.48000000e+00  1.70000000e+00  1.64488968e-05  1.70000000e+00  1.70000000e+00 
 1.71000000e+00  1.48000000e+00  1.71000000e+00  1.64592803e-05  1.71000000e+00  1.71000000e+00 
 1.72000000e+00  1.48000000e+00  1.72000000e+00  1.64695448e-05  1.72000000e+00  1.72000000e+00 
 1.73000000e+00  1.48000000e+00  1.73000000e+00  1.64796927e-05  1.73000000e+00  1.73000000e+00 
 1.74000000e+00  1.48000000e+00  1.74000000e+00  1.64897263e-05  1.74000000e+00  1.74000000e+00 
 1.75000000e+00  1.48000000e+00  1.75000000e+00  1.64996481e-05  1.75000000e+00  1.75000000e+00 
 1.76000000e+00  1.48000000e+00  1.76000000e+00  1.65094602e-05  1.76000000e+00  1.76000000e+00 
 1.77000000e+00  1.48000000e+00  1.77000000e+00  1.65191649e-05  1.77000000e+00  1.77000000e+00 
 1.78000000e+00  1.48000000e+00  1.78000000e+00  1.65287642e-05  1.78000000e+00  1.78000000e+00 
 1.79000000e+00  1.48000000e+00  1.79000000e+00  1.65382603e-05  1.79000000e+00  1.79000000e+00 
 1.80000000e+00  1.48000000e+00  1.80000000e+00  1.65476552e-05  1.80000000e+00  1.80000000e+00 
 1.81000000e+00  1.48000000e+00  1.81000000e+00  1.65569509e-05  1.81000000e+00  1.81000000e+00 
 1.82000000e+00  1.48000000e+00  1.82000000e+00  1.65661492e-05  1.82000000e+00  1.82000000e+00 
 1.83000000e+00  1.48000000e+00  1.83000000e+00  1.65752522e-05  1.83000000e+00  1.83000000e+00 
 1.84000000e+00  1.48000000e+00  1.84000000e+00  1.65842616e-05  1.84000000e+00  1.84000000e+00 
 1.85000000e+00  1.48000000e+00  1.85000000e+00  1.65931792e-05  1.85000000e+00  1.85000000e+00 
