 0.00000000e+00  1.11000000e+00  0.00000000e+00  0.00000000e+00  0.00000000e+00  0.00000000e+00 
 1.00000000e-02  1.11000000e+00  1.00000000e-02  2.46900876e-07  1.00000000e-02  1.00000000e-02 
 2.00000000e-02  1.11000000e+00  2.00000000e-02  4.87654529e-07  2.00000000e-02  2.00000000e-02 
 3.00000000e-02  1.11000000e+00  3.00000000e-02  7.22254934e-07  3.00000000e-02  3.00000000e-02 
 4.00000000e-02  1.11000000e+00  4.00000000e-02  9.50746964e-07  4.00000000e-02  4.00000000e-02 
 5.00000000e-02  1.11000000e+00  5.00000000e-02  1.17318623e-06  5.00000000e-02  5.00000000e-02 
 6.00000000e-02  1.11000000e+00  6.00000000e-02  1.38963429e-06  6.00000000e-02  6.00000000e-02 
 7.00000000e-02  1.11000000e+00  7.00000000e-02  1.60015722e-06  7.00000000e-02  7.00000000e-02 
 8.00000000e-02  1.11000000e+00  8.00000000e-02  1.80482498e-06  8.00000000e-02  8.00000000e-02 
 9.00000000e-02  1.11000000e+00  9.00000000e-02  2.00371119e-06  9.00000000e-02  9.00000000e-02 
 1.00000000e-01  1.11000000e+00  1.00000000e-01  2.19689293e-06  1.00000000e-01  1.00000000e-01 
 1.10000000e-01  1.11000000e+00  1.10000000e-01  2.38445061e-06  1.10000000e-01  1.10000000e-01 
 1.20000000e-01  1.11000000e+00  1.20000000e-01  2.56646789e-06  1.20000000e-01  1.20000000e-01 
 1.30000000e-01  1.11000000e+00  1.30000000e-01  2.74303160e-06  1.30000000e-01  1.30000000e-01 
 1.40000000e-01  1.11000000e+00  1.40000000e-01  2.91423161e-06  1.40000000e-01  1.40000000e-01 
 1.50000000e-01  1.11000000e+00  1.50000000e-01  3.08016076e-06  1.50000000e-01  1.50000000e-01 
 1.60000000e-01  1.11000000e+00  1.60000000e-01  3.24091469e-06  1.60000000e-01  1.60000000e-01 
 1.70000000e-01  1.11000000e+00  1.70000000e-01  3.39659170e-06  1.70000000e-01  1.70000000e-01 
 1.80000000e-01  1.11000000e+00  1.80000000e-01  3.54729264e-06  1.80000000e-01  1.80000000e-01 
 1.90000000e-01  1.11000000e+00  1.90000000e-01  3.69312068e-06  1.90000000e-01  1.90000000e-01 
 2.00000000e-01  1.11000000e+00  2.00000000e-01  3.83418114e-06  2.00000000e-01  2.00000000e-01 
 2.10000000e-01  1.11000000e+00  2.10000000e-01  3.97058128e-06  2.10000000e-01  2.10000000e-01 
 2.20000000e-01  1.11000000e+00  2.20000000e-01  4.10243010e-06  2.20000000e-01  2.20000000e-01 
 2.30000000e-01  1.11000000e+00  2.30000000e-01  4.22983804e-06  2.30000000e-01  2.30000000e-01 
 2.40000000e-01  1.11000000e+00  2.40000000e-01  4.35291682e-06  2.40000000e-01  2.40000000e-01 
 2.50000000e-01  1.11000000e+00  2.50000000e-01  4.47177913e-06  2.50000000e-01  2.50000000e-01 
 2.60000000e-01  1.11000000e+00  2.60000000e-01  4.58653839e-06  2.60000000e-01  2.60000000e-01 
 2.70000000e-01  1.11000000e+00  2.70000000e-01  4.69730849e-06  2.70000000e-01  2.70000000e-01 
 2.80000000e-01  1.11000000e+00  2.80000000e-01  4.80420350e-06  2.80000000e-01  2.80000000e-01 
 2.90000000e-01  1.11000000e+00  2.90000000e-01  4.90733748e-06  2.90000000e-01  2.90000000e-01 
 3.00000000e-01  1.11000000e+00  3.00000000e-01  5.00682412e-06  3.00000000e-01  3.00000000e-01 
 3.10000000e-01  1.11000000e+00  3.10000000e-01  5.10277659e-06  3.10000000e-01  3.10000000e-01 
 3.20000000e-01  1.11000000e+00  3.20000000e-01  5.19530721e-06  3.20000000e-01  3.20000000e-01 
 3.30000000e-01  1.11000000e+00  3.30000000e-01  5.28452730e-06  3.30000000e-01  3.30000000e-01 
 3.40000000e-01  1.11000000e+00  3.40000000e-01  5.37054689e-06  3.40000000e-01  3.40000000e-01 
 3.50000000e-01  1.11000000e+00  3.50000000e-01  5.45347455e-06  3.50000000e-01  3.50000000e-01 
 3.60000000e-01  1.11000000e+00  3.60000000e-01  5.53341719e-06  3.60000000e-01  3.60000000e-01 
 3.70000000e-01  1.11000000e+00  3.70000000e-01  5.61047989e-06  3.70000000e-01  3.70000000e-01 
 3.80000000e-01  1.11000000e+00  3.80000000e-01  5.68476575e-06  3.80000000e-01  3.80000000e-01 
 3.90000000e-01  1.11000000e+00  3.90000000e-01  5.75637570e-06  3.90000000e-01  3.90000000e-01 
 4.00000000e-01  1.11000000e+00  4.00000000e-01  5.82540845e-06  4.00000000e-01  4.00000000e-01 
 4.10000000e-01  1.11000000e+00  4.10000000e-01  5.89196031e-06  4.10000000e-01  4.10000000e-01 
 4.20000000e-01  1.11000000e+00  4.20000000e-01  5.95612515e-06  4.20000000e-01  4.20000000e-01 
 4.30000000e-01  1.11000000e+00  4.30000000e-01  6.01799430e-06  4.30000000e-01  4.30000000e-01 
 4.40000000e-01  1.11000000e+00  4.40000000e-01  6.07765650e-06  4.40000000e-01  4.40000000e-01 
 4.50000000e-01  1.11000000e+00  4.50000000e-01  6.13519786e-06  4.50000000e-01  4.50000000e-01 
 4.60000000e-01  1.11000000e+00  4.60000000e-01  6.19070181e-06  4.60000000e-01  4.60000000e-01 
 4.70000000e-01  1.11000000e+00  4.70000000e-01  6.24424912e-06  4.70000000e-01  4.70000000e-01 
 4.80000000e-01  1.11000000e+00  4.80000000e-01  6.29591786e-06  4.80000000e-01  4.80000000e-01 
 4.90000000e-01  1.11000000e+00  4.90000000e-01  6.34578344e-06  4.90000000e-01  4.90000000e-01 
 5.00000000e-01  1.11000000e+00  5.00000000e-01  6.39391858e-06  5.00000000e-01  5.00000000e-01 
 5.10000000e-01  1.11000000e+00  5.10000000e-01  6.44039342e-06  5.10000000e-01  5.10000000e-01 
 5.20000000e-01  1.11000000e+00  5.20000000e-01  6.48527544e-06  5.20000000e-01  5.20000000e-01 
 5.30000000e-01  1.11000000e+00  5.30000000e-01  6.52862963e-06  5.30000000e-01  5.30000000e-01 
 5.40000000e-01  1.11000000e+00  5.40000000e-01  6.57051842e-06  5.40000000e-01  5.40000000e-01 
 5.50000000e-01  1.11000000e+00  5.50000000e-01  6.61100184e-06  5.50000000e-01  5.50000000e-01 
 5.60000000e-01  1.11000000e+00  5.60000000e-01  6.65013749e-06  5.60000000e-01  5.60000000e-01 
 5.70000000e-01  1.11000000e+00  5.70000000e-01  6.68798065e-06  5.70000000e-01  5.70000000e-01 
 5.80000000e-01  1.11000000e+00  5.80000000e-01  6.72458434e-06  5.80000000e-01  5.80000000e-01 
 5.90000000e-01  1.11000000e+00  5.90000000e-01  6.75999939e-06  5.90000000e-01  5.90000000e-01 
 6.00000000e-01  1.11000000e+00  6.00000000e-01  6.79427450e-06  6.00000000e-01  6.00000000e-01 
 6.10000000e-01  1.11000000e+00  6.10000000e-01  6.82745629e-06  6.10000000e-01  6.10000000e-01 
 6.20000000e-01  1.11000000e+00  6.20000000e-01  6.85958942e-06  6.20000000e-01  6.20000000e-01 
 6.30000000e-01  1.11000000e+00  6.30000000e-01  6.89071662e-06  6.30000000e-01  6.30000000e-01 
 6.40000000e-01  1.11000000e+00  6.40000000e-01  6.92087878e-06  6.40000000e-01  6.40000000e-01 
 6.50000000e-01  1.11000000e+00  6.50000000e-01  6.95011501e-06  6.50000000e-01  6.50000000e-01 
 6.60000000e-01  1.11000000e+00  6.60000000e-01  6.97846273e-06  6.60000000e-01  6.60000000e-01 
 6.70000000e-01  1.11000000e+00  6.70000000e-01  7.00595769e-06  6.70000000e-01  6.70000000e-01 
 6.80000000e-01  1.11000000e+00  6.80000000e-01  7.03263410e-06  6.80000000e-01  6.80000000e-01 
 6.90000000e-01  1.11000000e+00  6.90000000e-01  7.05852465e-06  6.90000000e-01  6.90000000e-01 
 7.00000000e-01  1.11000000e+00  7.00000000e-01  7.08366059e-06  7.00000000e-01  7.00000000e-01 
 7.10000000e-01  1.11000000e+00  7.10000000e-01  7.10807178e-06  7.10000000e-01  7.10000000e-01 
 7.20000000e-01  1.11000000e+00  7.20000000e-01  7.13178677e-06  7.20000000e-01  7.20000000e-01 
 7.30000000e-01  1.11000000e+00  7.30000000e-01  7.15483285e-06  7.30000000e-01  7.30000000e-01 
 7.40000000e-01  1.11000000e+00  7.40000000e-01  7.17723609e-06  7.40000000e-01  7.40000000e-01 
 7.50000000e-01  1.11000000e+00  7.50000000e-01  7.19902141e-06  7.50000000e-01  7.50000000e-01 
 7.60000000e-01  1.11000000e+00  7.60000000e-01  7.22021263e-06  7.60000000e-01  7.60000000e-01 
 7.70000000e-01  1.11000000e+00  7.70000000e-01  7.24083253e-06  7.70000000e-01  7.70000000e-01 
 7.80000000e-01  1.11000000e+00  7.80000000e-01  7.26090288e-06  7.80000000e-01  7.80000000e-01 
 7.90000000e-01  1.11000000e+00  7.90000000e-01  7.28044447e-06  7.90000000e-01  7.90000000e-01 
 8.00000000e-01  1.11000000e+00  8.00000000e-01  7.29947722e-06  8.00000000e-01  8.00000000e-01 
 8.10000000e-01  1.11000000e+00  8.10000000e-01  7.31802016e-06  8.10000000e-01  8.10000000e-01 
 8.20000000e-01  1.11000000e+00  8.20000000e-01  7.33609146e-06  8.20000000e-01  8.20000000e-01 
 8.30000000e-01  1.11000000e+00  8.30000000e-01  7.35370856e-06  8.30000000e-01  8.30000000e-01 
 8.40000000e-01  1.11000000e+00  8.40000000e-01  7.37088809e-06  8.40000000e-01  8.40000000e-01 
 8.50000000e-01  1.11000000e+00  8.50000000e-01  7.38764598e-06  8.50000000e-01  8.50000000e-01 
 8.60000000e-01  1.11000000e+00  8.60000000e-01  7.40399750e-06  8.60000000e-01  8.60000000e-01 
 8.70000000e-01  1.11000000e+00  8.70000000e-01  7.41995723e-06  8.70000000e-01  8.70000000e-01 
 8.80000000e-01  1.11000000e+00  8.80000000e-01  7.43553914e-06  8.80000000e-01  8.80000000e-01 
 8.90000000e-01  1.11000000e+00  8.90000000e-01  7.45075662e-06  8.90000000e-01  8.90000000e-01 
 9.00000000e-01  1.11000000e+00  9.00000000e-01  7.46562247e-06  9.00000000e-01  9.00000000e-01 
 9.10000000e-01  1.11000000e+00  9.10000000e-01  7.48014897e-06  9.10000000e-01  9.10000000e-01 
 9.20000000e-01  1.11000000e+00  9.20000000e-01  7.49434788e-06  9.20000000e-01  9.20000000e-01 
 9.30000000e-01  1.11000000e+00  9.30000000e-01  7.50823047e-06  9.30000000e-01  9.30000000e-01 
 9.40000000e-01  1.11000000e+00  9.40000000e-01  7.52180755e-06  9.40000000e-01  9.40000000e-01 
 9.50000000e-01  1.11000000e+00  9.50000000e-01  7.53508946e-06  9.50000000e-01  9.50000000e-01 
 9.60000000e-01  1.11000000e+00  9.60000000e-01  7.54808614e-06  9.60000000e-01  9.60000000e-01 
 9.70000000e-01  1.11000000e+00  9.70000000e-01  7.56080712e-06  9.70000000e-01  9.70000000e-01 
 9.80000000e-01  1.11000000e+00  9.80000000e-01  7.57326154e-06  9.80000000e-01  9.80000000e-01 
 9.90000000e-01  1.11000000e+00  9.90000000e-01  7.58545817e-06  9.90000000e-01  9.90000000e-01 
 1.00000000e+00  1.11000000e+00  1.00000000e+00  7.59740543e-06  1.00000000e+00  1.00000000e+00 
 1.01000000e+00  1.11000000e+00  1.01000000e+00  7.60911140e-06  1.01000000e+00  1.01000000e+00 
 1.02000000e+00  1.11000000e+00  1.02000000e+00  7.62058385e-06  1.02000000e+00  1.02000000e+00 
 1.03000000e+00  1.11000000e+00  1.03000000e+00  7.63183024e-06  1.03000000e+00  1.03000000e+00 
 1.04000000e+00  1.11000000e+00  1.04000000e+00  7.64285772e-06  1.04000000e+00  1.04000000e+00 
 1.05000000e+00  1.11000000e+00  1.05000000e+00  7.65367318e-06  1.05000000e+00  1.05000000e+00 
 1.06000000e+00  1.11000000e+00  1.06000000e+00  7.66428325e-06  1.06000000e+00  1.06000000e+00 
 1.07000000e+00  1.11000000e+00  1.07000000e+00  7.67469428e-06  1.07000000e+00  1.07000000e+00 
 1.08000000e+00  1.11000000e+00  1.08000000e+00  7.68491240e-06  1.08000000e+00  1.08000000e+00 
 1.09000000e+00  1.11000000e+00  1.09000000e+00  7.69494350e-06  1.09000000e+00  1.09000000e+00 
 1.10000000e+00  1.11000000e+00  1.10000000e+00  7.70479324e-06  1.10000000e+00  1.10000000e+00 
 1.11000000e+00  1.11000000e+00  1.11000000e+00  7.71446707e-06  1.11000000e+00  1.11000000e+00 
 1.12000000e+00  1.11000000e+00  1.12000000e+00  7.72397025e-06  1.12000000e+00  1.12000000e+00 
 1.13000000e+00  1.11000000e+00  1.13000000e+00  7.73330782e-06  1.13000000e+00  1.13000000e+00 
 1.14000000e+00  1.11000000e+00  1.14000000e+00  7.74248466e-06  1.14000000e+00  1.14000000e+00 
 1.15000000e+00  1.11000000e+00  1.15000000e+00  7.75150546e-06  1.15000000e+00  1.15000000e+00 
 1.16000000e+00  1.11000000e+00  1.16000000e+00  7.76037473e-06  1.16000000e+00  1.16000000e+00 
 1.17000000e+00  1.11000000e+00  1.17000000e+00  7.76909683e-06  1.17000000e+00  1.17000000e+00 
 1.18000000e+00  1.11000000e+00  1.18000000e+00  7.77767597e-06  1.18000000e+00  1.18000000e+00 
 1.19000000e+00  1.11000000e+00  1.19000000e+00  7.78611619e-06  1.19000000e+00  1.19000000e+00 
 1.20000000e+00  1.11000000e+00  1.20000000e+00  7.79442139e-06  1.20000000e+00  1.20000000e+00 
 1.21000000e+00  1.11000000e+00  1.21000000e+00  7.80259535e-06  1.21000000e+00  1.21000000e+00 
 1.22000000e+00  1.11000000e+00  1.22000000e+00  7.81064170e-06  1.22000000e+00  1.22000000e+00 
 1.23000000e+00  1.11000000e+00  1.23000000e+00  7.81856396e-06  1.23000000e+00  1.23000000e+00 
 1.24000000e+00  1.11000000e+00  1.24000000e+00  7.82636550e-06  1.24000000e+00  1.24000000e+00 
 1.25000000e+00  1.11000000e+00  1.25000000e+00  7.83404961e-06  1.25000000e+00  1.25000000e+00 
 1.26000000e+00  1.11000000e+00  1.26000000e+00  7.84161944e-06  1.26000000e+00  1.26000000e+00 
 1.27000000e+00  1.11000000e+00  1.27000000e+00  7.84907805e-06  1.27000000e+00  1.27000000e+00 
 1.28000000e+00  1.11000000e+00  1.28000000e+00  7.85642839e-06  1.28000000e+00  1.28000000e+00 
 1.29000000e+00  1.11000000e+00  1.29000000e+00  7.86367330e-06  1.29000000e+00  1.29000000e+00 
 1.30000000e+00  1.11000000e+00  1.30000000e+00  7.87081555e-06  1.30000000e+00  1.30000000e+00 
 1.31000000e+00  1.11000000e+00  1.31000000e+00  7.87785780e-06  1.31000000e+00  1.31000000e+00 
 1.32000000e+00  1.11000000e+00  1.32000000e+00  7.88480264e-06  1.32000000e+00  1.32000000e+00 
 1.33000000e+00  1.11000000e+00  1.33000000e+00  7.89165254e-06  1.33000000e+00  1.33000000e+00 
 1.34000000e+00  1.11000000e+00  1.34000000e+00  7.89840993e-06  1.34000000e+00  1.34000000e+00 
 1.35000000e+00  1.11000000e+00  1.35000000e+00  7.90507714e-06  1.35000000e+00  1.35000000e+00 
 1.36000000e+00  1.11000000e+00  1.36000000e+00  7.91165643e-06  1.36000000e+00  1.36000000e+00 
 1.37000000e+00  1.11000000e+00  1.37000000e+00  7.91815000e-06  1.37000000e+00  1.37000000e+00 
 1.38000000e+00  1.11000000e+00  1.38000000e+00  7.92455995e-06  1.38000000e+00  1.38000000e+00 
 1.39000000e+00  1.11000000e+00  1.39000000e+00  7.93088835e-06  1.39000000e+00  1.39000000e+00 
 1.40000000e+00  1.11000000e+00  1.40000000e+00  7.93713717e-06  1.40000000e+00  1.40000000e+00 
 1.41000000e+00  1.11000000e+00  1.41000000e+00  7.94330836e-06  1.41000000e+00  1.41000000e+00 
 1.42000000e+00  1.11000000e+00  1.42000000e+00  7.94940377e-06  1.42000000e+00  1.42000000e+00 
 1.43000000e+00  1.11000000e+00  1.43000000e+00  7.95542522e-06  1.43000000e+00  1.43000000e+00 
 1.44000000e+00  1.11000000e+00  1.44000000e+00  7.96137445e-06  1.44000000e+00  1.44000000e+00 
 1.45000000e+00  1.11000000e+00  1.45000000e+00  7.96725318e-06  1.45000000e+00  1.45000000e+00 
 1.46000000e+00  1.11000000e+00  1.46000000e+00  7.97306305e-06  1.46000000e+00  1.46000000e+00 
 1.47000000e+00  1.11000000e+00  1.47000000e+00  7.97880567e-06  1.47000000e+00  1.47000000e+00 
 1.48000000e+00  1.11000000e+00  1.48000000e+00  7.98448258e-06  1.48000000e+00  1.48000000e+00 
 1.49000000e+00  1.11000000e+00  1.49000000e+00  7.99009531e-06  1.49000000e+00  1.49000000e+00 
 1.50000000e+00  1.11000000e+00  1.50000000e+00  7.99564530e-06  1.50000000e+00  1.50000000e+00 
 1.51000000e+00  1.11000000e+00  1.51000000e+00  8.00113398e-06  1.51000000e+00  1.51000000e+00 
 1.52000000e+00  1.11000000e+00  1.52000000e+00  8.00656273e-06  1.52000000e+00  1.52000000e+00 
 1.53000000e+00  1.11000000e+00  1.53000000e+00  8.01193289e-06  1.53000000e+00  1.53000000e+00 
 1.54000000e+00  1.11000000e+00  1.54000000e+00  8.01724577e-06  1.54000000e+00  1.54000000e+00 
 1.55000000e+00  1.11000000e+00  1.55000000e+00  8.02250262e-06  1.55000000e+00  1.55000000e+00 
 1.56000000e+00  1.11000000e+00  1.56000000e+00  8.02770467e-06  1.56000000e+00  1.56000000e+00 
 1.57000000e+00  1.11000000e+00  1.57000000e+00  8.03285313e-06  1.57000000e+00  1.57000000e+00 
 1.58000000e+00  1.11000000e+00  1.58000000e+00  8.03794914e-06  1.58000000e+00  1.58000000e+00 
 1.59000000e+00  1.11000000e+00  1.59000000e+00  8.04299385e-06  1.59000000e+00  1.59000000e+00 
 1.60000000e+00  1.11000000e+00  1.60000000e+00  8.04798833e-06  1.60000000e+00  1.60000000e+00 
 1.61000000e+00  1.11000000e+00  1.61000000e+00  8.05293367e-06  1.61000000e+00  1.61000000e+00 
 1.62000000e+00  1.11000000e+00  1.62000000e+00  8.05783090e-06  1.62000000e+00  1.62000000e+00 
 1.63000000e+00  1.11000000e+00  1.63000000e+00  8.06268103e-06  1.63000000e+00  1.63000000e+00 
 1.64000000e+00  1.11000000e+00  1.64000000e+00  8.06748504e-06  1.64000000e+00  1.64000000e+00 
 1.65000000e+00  1.11000000e+00  1.65000000e+00  8.07224389e-06  1.65000000e+00  1.65000000e+00 
 1.66000000e+00  1.11000000e+00  1.66000000e+00  8.07695850e-06  1.66000000e+00  1.66000000e+00 
 1.67000000e+00  1.11000000e+00  1.67000000e+00  8.08162979e-06  1.67000000e+00  1.67000000e+00 
 1.68000000e+00  1.11000000e+00  1.68000000e+00  8.08625864e-06  1.68000000e+00  1.68000000e+00 
 1.69000000e+00  1.11000000e+00  1.69000000e+00  8.09084590e-06  1.69000000e+00  1.69000000e+00 
 1.70000000e+00  1.11000000e+00  1.70000000e+00  8.09539241e-06  1.70000000e+00  1.70000000e+00 
 1.71000000e+00  1.11000000e+00  1.71000000e+00  8.09989899e-06  1.71000000e+00  1.71000000e+00 
 1.72000000e+00  1.11000000e+00  1.72000000e+00  8.10436642e-06  1.72000000e+00  1.72000000e+00 
 1.73000000e+00  1.11000000e+00  1.73000000e+00  8.10879549e-06  1.73000000e+00  1.73000000e+00 
 1.74000000e+00  1.11000000e+00  1.74000000e+00  8.11318694e-06  1.74000000e+00  1.74000000e+00 
 1.75000000e+00  1.11000000e+00  1.75000000e+00  8.11754151e-06  1.75000000e+00  1.75000000e+00 
 1.76000000e+00  1.11000000e+00  1.76000000e+00  8.12185992e-06  1.76000000e+00  1.76000000e+00 
 1.77000000e+00  1.11000000e+00  1.77000000e+00  8.12614286e-06  1.77000000e+00  1.77000000e+00 
 1.78000000e+00  1.11000000e+00  1.78000000e+00  8.13039102e-06  1.78000000e+00  1.78000000e+00 
 1.79000000e+00  1.11000000e+00  1.79000000e+00  8.13460505e-06  1.79000000e+00  1.79000000e+00 
 1.80000000e+00  1.11000000e+00  1.80000000e+00  8.13878561e-06  1.80000000e+00  1.80000000e+00 
 1.81000000e+00  1.11000000e+00  1.81000000e+00  8.14293332e-06  1.81000000e+00  1.81000000e+00 
 1.82000000e+00  1.11000000e+00  1.82000000e+00  8.14704880e-06  1.82000000e+00  1.82000000e+00 
 1.83000000e+00  1.11000000e+00  1.83000000e+00  8.15113266e-06  1.83000000e+00  1.83000000e+00 
 1.84000000e+00  1.11000000e+00  1.84000000e+00  8.15518547e-06  1.84000000e+00  1.84000000e+00 
 1.85000000e+00  1.11000000e+00  1.85000000e+00  8.15920782e-06  1.85000000e+00  1.85000000e+00 
