 0.00000000e+00  7.40000000e-01  0.00000000e+00  0.00000000e+00  0.00000000e+00  0.00000000e+00 
 1.00000000e-02  7.40000000e-01  1.00000000e-02  6.35948860e-08  1.00000000e-02  1.00000000e-02 
 2.00000000e-02  7.40000000e-01  2.00000000e-02  1.23179411e-07  2.00000000e-02  2.00000000e-02 
 3.00000000e-02  7.40000000e-01  3.00000000e-02  1.78945661e-07  3.00000000e-02  3.00000000e-02 
 4.00000000e-02  7.40000000e-01  4.00000000e-02  2.31099417e-07  4.00000000e-02  4.00000000e-02 
 5.00000000e-02  7.40000000e-01  5.00000000e-02  2.79845213e-07  5.00000000e-02  5.00000000e-02 
 6.00000000e-02  7.40000000e-01  6.00000000e-02  3.25383715e-07  6.00000000e-02  6.00000000e-02 
 7.00000000e-02  7.40000000e-01  7.00000000e-02  3.67910299e-07  7.00000000e-02  7.00000000e-02 
 8.00000000e-02  7.40000000e-01  8.00000000e-02  4.07614053e-07  8.00000000e-02  8.00000000e-02 
 9.00000000e-02  7.40000000e-01  9.00000000e-02  4.44677012e-07  9.00000000e-02  9.00000000e-02 
 1.00000000e-01  7.40000000e-01  1.00000000e-01  4.79273573e-07  1.00000000e-01  1.00000000e-01 
 1.10000000e-01  7.40000000e-01  1.10000000e-01  5.11570073e-07  1.10000000e-01  1.10000000e-01 
 1.20000000e-01  7.40000000e-01  1.20000000e-01  5.41724506e-07  1.20000000e-01  1.20000000e-01 
 1.30000000e-01  7.40000000e-01  1.30000000e-01  5.69886373e-07  1.30000000e-01  1.30000000e-01 
 1.40000000e-01  7.40000000e-01  1.40000000e-01  5.96196637e-07  1.40000000e-01  1.40000000e-01 
 1.50000000e-01  7.40000000e-01  1.50000000e-01  6.20787794e-07  1.50000000e-01  1.50000000e-01 
 1.60000000e-01  7.40000000e-01  1.60000000e-01  6.43784011e-07  1.60000000e-01  1.60000000e-01 
 1.70000000e-01  7.40000000e-01  1.70000000e-01  6.65301348e-07  1.70000000e-01  1.70000000e-01 
 1.80000000e-01  7.40000000e-01  1.80000000e-01  6.85448031e-07  1.80000000e-01  1.80000000e-01 
 1.90000000e-01  7.40000000e-01  1.90000000e-01  7.04324769e-07  1.90000000e-01  1.90000000e-01 
 2.00000000e-01  7.40000000e-01  2.00000000e-01  7.22025102e-07  2.00000000e-01  2.00000000e-01 
 2.10000000e-01  7.40000000e-01  2.10000000e-01  7.38635774e-07  2.10000000e-01  2.10000000e-01 
 2.20000000e-01  7.40000000e-01  2.20000000e-01  7.54237114e-07  2.20000000e-01  2.20000000e-01 
 2.30000000e-01  7.40000000e-01  2.30000000e-01  7.68903421e-07  2.30000000e-01  2.30000000e-01 
 2.40000000e-01  7.40000000e-01  2.40000000e-01  7.82703351e-07  2.40000000e-01  2.40000000e-01 
 2.50000000e-01  7.40000000e-01  2.50000000e-01  7.95700291e-07  2.50000000e-01  2.50000000e-01 
 2.60000000e-01  7.40000000e-01  2.60000000e-01  8.07952732e-07  2.60000000e-01  2.60000000e-01 
 2.70000000e-01  7.40000000e-01  2.70000000e-01  8.19514612e-07  2.70000000e-01  2.70000000e-01 
 2.80000000e-01  7.40000000e-01  2.80000000e-01  8.30435662e-07  2.80000000e-01  2.80000000e-01 
 2.90000000e-01  7.40000000e-01  2.90000000e-01  8.40761715e-07  2.90000000e-01  2.90000000e-01 
 3.00000000e-01  7.40000000e-01  3.00000000e-01  8.50535016e-07  3.00000000e-01  3.00000000e-01 
 3.10000000e-01  7.40000000e-01  3.10000000e-01  8.59794493e-07  3.10000000e-01  3.10000000e-01 
 3.20000000e-01  7.40000000e-01  3.20000000e-01  8.68576031e-07  3.20000000e-01  3.20000000e-01 
 3.30000000e-01  7.40000000e-01  3.30000000e-01  8.76912706e-07  3.30000000e-01  3.30000000e-01 
 3.40000000e-01  7.40000000e-01  3.40000000e-01  8.84835019e-07  3.40000000e-01  3.40000000e-01 
 3.50000000e-01  7.40000000e-01  3.50000000e-01  8.92371104e-07  3.50000000e-01  3.50000000e-01 
 3.60000000e-01  7.40000000e-01  3.60000000e-01  8.99546920e-07  3.60000000e-01  3.60000000e-01 
 3.70000000e-01  7.40000000e-01  3.70000000e-01  9.06386431e-07  3.70000000e-01  3.70000000e-01 
 3.80000000e-01  7.40000000e-01  3.80000000e-01  9.12911768e-07  3.80000000e-01  3.80000000e-01 
 3.90000000e-01  7.40000000e-01  3.90000000e-01  9.19143383e-07  3.90000000e-01  3.90000000e-01 
 4.00000000e-01  7.40000000e-01  4.00000000e-01  9.25100184e-07  4.00000000e-01  4.00000000e-01 
 4.10000000e-01  7.40000000e-01  4.10000000e-01  9.30799665e-07  4.10000000e-01  4.10000000e-01 
 4.20000000e-01  7.40000000e-01  4.20000000e-01  9.36258018e-07  4.20000000e-01  4.20000000e-01 
 4.30000000e-01  7.40000000e-01  4.30000000e-01  9.41490242e-07  4.30000000e-01  4.30000000e-01 
 4.40000000e-01  7.40000000e-01  4.40000000e-01  9.46510239e-07  4.40000000e-01  4.40000000e-01 
 4.50000000e-01  7.40000000e-01  4.50000000e-01  9.51330904e-07  4.50000000e-01  4.50000000e-01 
 4.60000000e-01  7.40000000e-01  4.60000000e-01  9.55964204e-07  4.60000000e-01  4.60000000e-01 
 4.70000000e-01  7.40000000e-01  4.70000000e-01  9.60421256e-07  4.70000000e-01  4.70000000e-01 
 4.80000000e-01  7.40000000e-01  4.80000000e-01  9.64712391e-07  4.80000000e-01  4.80000000e-01 
 4.90000000e-01  7.40000000e-01  4.90000000e-01  9.68847218e-07  4.90000000e-01  4.90000000e-01 
 5.00000000e-01  7.40000000e-01  5.00000000e-01  9.72834683e-07  5.00000000e-01  5.00000000e-01 
 5.10000000e-01  7.40000000e-01  5.10000000e-01  9.76683117e-07  5.10000000e-01  5.10000000e-01 
 5.20000000e-01  7.40000000e-01  5.20000000e-01  9.80400285e-07  5.20000000e-01  5.20000000e-01 
 5.30000000e-01  7.40000000e-01  5.30000000e-01  9.83993433e-07  5.30000000e-01  5.30000000e-01 
 5.40000000e-01  7.40000000e-01  5.40000000e-01  9.87469321e-07  5.40000000e-01  5.40000000e-01 
 5.50000000e-01  7.40000000e-01  5.50000000e-01  9.90834266e-07  5.50000000e-01  5.50000000e-01 
 5.60000000e-01  7.40000000e-01  5.60000000e-01  9.94094175e-07  5.60000000e-01  5.60000000e-01 
 5.70000000e-01  7.40000000e-01  5.70000000e-01  9.97254570e-07  5.70000000e-01  5.70000000e-01 
 5.80000000e-01  7.40000000e-01  5.80000000e-01  1.00032062e-06  5.80000000e-01  5.80000000e-01 
 5.90000000e-01  7.40000000e-01  5.90000000e-01  1.00329718e-06  5.90000000e-01  5.90000000e-01 
 6.00000000e-01  7.40000000e-01  6.00000000e-01  1.00618877e-06  6.00000000e-01  6.00000000e-01 
 6.10000000e-01  7.40000000e-01  6.10000000e-01  1.00899967e-06  6.10000000e-01  6.10000000e-01 
 6.20000000e-01  7.40000000e-01  6.20000000e-01  1.01173388e-06  6.20000000e-01  6.20000000e-01 
 6.30000000e-01  7.40000000e-01  6.30000000e-01  1.01439514e-06  6.30000000e-01  6.30000000e-01 
 6.40000000e-01  7.40000000e-01  6.40000000e-01  1.01698698e-06  6.40000000e-01  6.40000000e-01 
 6.50000000e-01  7.40000000e-01  6.50000000e-01  1.01951274e-06  6.50000000e-01  6.50000000e-01 
 6.60000000e-01  7.40000000e-01  6.60000000e-01  1.02197554e-06  6.60000000e-01  6.60000000e-01 
 6.70000000e-01  7.40000000e-01  6.70000000e-01  1.02437831e-06  6.70000000e-01  6.70000000e-01 
 6.80000000e-01  7.40000000e-01  6.80000000e-01  1.02672384e-06  6.80000000e-01  6.80000000e-01 
 6.90000000e-01  7.40000000e-01  6.90000000e-01  1.02901473e-06  6.90000000e-01  6.90000000e-01 
 7.00000000e-01  7.40000000e-01  7.00000000e-01  1.03125347e-06  7.00000000e-01  7.00000000e-01 
 7.10000000e-01  7.40000000e-01  7.10000000e-01  1.03344237e-06  7.10000000e-01  7.10000000e-01 
 7.20000000e-01  7.40000000e-01  7.20000000e-01  1.03558364e-06  7.20000000e-01  7.20000000e-01 
 7.30000000e-01  7.40000000e-01  7.30000000e-01  1.03767937e-06  7.30000000e-01  7.30000000e-01 
 7.40000000e-01  7.40000000e-01  7.40000000e-01  1.03973151e-06  7.40000000e-01  7.40000000e-01 
 7.50000000e-01  7.40000000e-01  7.50000000e-01  1.04174194e-06  7.50000000e-01  7.50000000e-01 
 7.60000000e-01  7.40000000e-01  7.60000000e-01  1.04371241e-06  7.60000000e-01  7.60000000e-01 
 7.70000000e-01  7.40000000e-01  7.70000000e-01  1.04564461e-06  7.70000000e-01  7.70000000e-01 
 7.80000000e-01  7.40000000e-01  7.80000000e-01  1.04754010e-06  7.80000000e-01  7.80000000e-01 
 7.90000000e-01  7.40000000e-01  7.90000000e-01  1.04940039e-06  7.90000000e-01  7.90000000e-01 
 8.00000000e-01  7.40000000e-01  8.00000000e-01  1.05122692e-06  8.00000000e-01  8.00000000e-01 
 8.10000000e-01  7.40000000e-01  8.10000000e-01  1.05302103e-06  8.10000000e-01  8.10000000e-01 
 8.20000000e-01  7.40000000e-01  8.20000000e-01  1.05478401e-06  8.20000000e-01  8.20000000e-01 
 8.30000000e-01  7.40000000e-01  8.30000000e-01  1.05651707e-06  8.30000000e-01  8.30000000e-01 
 8.40000000e-01  7.40000000e-01  8.40000000e-01  1.05822139e-06  8.40000000e-01  8.40000000e-01 
 8.50000000e-01  7.40000000e-01  8.50000000e-01  1.05989807e-06  8.50000000e-01  8.50000000e-01 
 8.60000000e-01  7.40000000e-01  8.60000000e-01  1.06154816e-06  8.60000000e-01  8.60000000e-01 
 8.70000000e-01  7.40000000e-01  8.70000000e-01  1.06317267e-06  8.70000000e-01  8.70000000e-01 
 8.80000000e-01  7.40000000e-01  8.80000000e-01  1.06477253e-06  8.80000000e-01  8.80000000e-01 
 8.90000000e-01  7.40000000e-01  8.90000000e-01  1.06634868e-06  8.90000000e-01  8.90000000e-01 
 9.00000000e-01  7.40000000e-01  9.00000000e-01  1.06790197e-06  9.00000000e-01  9.00000000e-01 
 9.10000000e-01  7.40000000e-01  9.10000000e-01  1.06943323e-06  9.10000000e-01  9.10000000e-01 
 9.20000000e-01  7.40000000e-01  9.20000000e-01  1.07094326e-06  9.20000000e-01  9.20000000e-01 
 9.30000000e-01  7.40000000e-01  9.30000000e-01  1.07243280e-06  9.30000000e-01  9.30000000e-01 
 9.40000000e-01  7.40000000e-01  9.40000000e-01  1.07390258e-06  9.40000000e-01  9.40000000e-01 
 9.50000000e-01  7.40000000e-01  9.50000000e-01  1.07535328e-06  9.50000000e-01  9.50000000e-01 
 9.60000000e-01  7.40000000e-01  9.60000000e-01  1.07678557e-06  9.60000000e-01  9.60000000e-01 
 9.70000000e-01  7.40000000e-01  9.70000000e-01  1.07820007e-06  9.70000000e-01  9.70000000e-01 
 9.80000000e-01  7.40000000e-01  9.80000000e-01  1.07959739e-06  9.80000000e-01  9.80000000e-01 
 9.90000000e-01  7.40000000e-01  9.90000000e-01  1.08097810e-06  9.90000000e-01  9.90000000e-01 
 1.00000000e+00  7.40000000e-01  1.00000000e+00  1.08234276e-06  1.00000000e+00  1.00000000e+00 
 1.01000000e+00  7.40000000e-01  1.01000000e+00  1.08369189e-06  1.01000000e+00  1.01000000e+00 
 1.02000000e+00  7.40000000e-01  1.02000000e+00  1.08502600e-06  1.02000000e+00  1.02000000e+00 
 1.03000000e+00  7.40000000e-01  1.03000000e+00  1.08634557e-06  1.03000000e+00  1.03000000e+00 
 1.04000000e+00  7.40000000e-01  1.04000000e+00  1.08765108e-06  1.04000000e+00  1.04000000e+00 
 1.05000000e+00  7.40000000e-01  1.05000000e+00  1.08894298e-06  1.05000000e+00  1.05000000e+00 
 1.06000000e+00  7.40000000e-01  1.06000000e+00  1.09022168e-06  1.06000000e+00  1.06000000e+00 
 1.07000000e+00  7.40000000e-01  1.07000000e+00  1.09148760e-06  1.07000000e+00  1.07000000e+00 
 1.08000000e+00  7.40000000e-01  1.08000000e+00  1.09274113e-06  1.08000000e+00  1.08000000e+00 
 1.09000000e+00  7.40000000e-01  1.09000000e+00  1.09398267e-06  1.09000000e+00  1.09000000e+00 
 1.10000000e+00  7.40000000e-01  1.10000000e+00  1.09521256e-06  1.10000000e+00  1.10000000e+00 
 1.11000000e+00  7.40000000e-01  1.11000000e+00  1.09643117e-06  1.11000000e+00  1.11000000e+00 
 1.12000000e+00  7.40000000e-01  1.12000000e+00  1.09763883e-06  1.12000000e+00  1.12000000e+00 
 1.13000000e+00  7.40000000e-01  1.13000000e+00  1.09883587e-06  1.13000000e+00  1.13000000e+00 
 1.14000000e+00  7.40000000e-01  1.14000000e+00  1.10002259e-06  1.14000000e+00  1.14000000e+00 
 1.15000000e+00  7.40000000e-01  1.15000000e+00  1.10119930e-06  1.15000000e+00  1.15000000e+00 
 1.16000000e+00  7.40000000e-01  1.16000000e+00  1.10236629e-06  1.16000000e+00  1.16000000e+00 
 1.17000000e+00  7.40000000e-01  1.17000000e+00  1.10352384e-06  1.17000000e+00  1.17000000e+00 
 1.18000000e+00  7.40000000e-01  1.18000000e+00  1.10467221e-06  1.18000000e+00  1.18000000e+00 
 1.19000000e+00  7.40000000e-01  1.19000000e+00  1.10581167e-06  1.19000000e+00  1.19000000e+00 
 1.20000000e+00  7.40000000e-01  1.20000000e+00  1.10694246e-06  1.20000000e+00  1.20000000e+00 
 1.21000000e+00  7.40000000e-01  1.21000000e+00  1.10806483e-06  1.21000000e+00  1.21000000e+00 
 1.22000000e+00  7.40000000e-01  1.22000000e+00  1.10917901e-06  1.22000000e+00  1.22000000e+00 
 1.23000000e+00  7.40000000e-01  1.23000000e+00  1.11028521e-06  1.23000000e+00  1.23000000e+00 
 1.24000000e+00  7.40000000e-01  1.24000000e+00  1.11138367e-06  1.24000000e+00  1.24000000e+00 
 1.25000000e+00  7.40000000e-01  1.25000000e+00  1.11247458e-06  1.25000000e+00  1.25000000e+00 
 1.26000000e+00  7.40000000e-01  1.26000000e+00  1.11355815e-06  1.26000000e+00  1.26000000e+00 
 1.27000000e+00  7.40000000e-01  1.27000000e+00  1.11463457e-06  1.27000000e+00  1.27000000e+00 
 1.28000000e+00  7.40000000e-01  1.28000000e+00  1.11570403e-06  1.28000000e+00  1.28000000e+00 
 1.29000000e+00  7.40000000e-01  1.29000000e+00  1.11676672e-06  1.29000000e+00  1.29000000e+00 
 1.30000000e+00  7.40000000e-01  1.30000000e+00  1.11782280e-06  1.30000000e+00  1.30000000e+00 
 1.31000000e+00  7.40000000e-01  1.31000000e+00  1.11887245e-06  1.31000000e+00  1.31000000e+00 
 1.32000000e+00  7.40000000e-01  1.32000000e+00  1.11991583e-06  1.32000000e+00  1.32000000e+00 
 1.33000000e+00  7.40000000e-01  1.33000000e+00  1.12095310e-06  1.33000000e+00  1.33000000e+00 
 1.34000000e+00  7.40000000e-01  1.34000000e+00  1.12198442e-06  1.34000000e+00  1.34000000e+00 
 1.35000000e+00  7.40000000e-01  1.35000000e+00  1.12300993e-06  1.35000000e+00  1.35000000e+00 
 1.36000000e+00  7.40000000e-01  1.36000000e+00  1.12402978e-06  1.36000000e+00  1.36000000e+00 
 1.37000000e+00  7.40000000e-01  1.37000000e+00  1.12504410e-06  1.37000000e+00  1.37000000e+00 
 1.38000000e+00  7.40000000e-01  1.38000000e+00  1.12605304e-06  1.38000000e+00  1.38000000e+00 
 1.39000000e+00  7.40000000e-01  1.39000000e+00  1.12705671e-06  1.39000000e+00  1.39000000e+00 
 1.40000000e+00  7.40000000e-01  1.40000000e+00  1.12805526e-06  1.40000000e+00  1.40000000e+00 
 1.41000000e+00  7.40000000e-01  1.41000000e+00  1.12904880e-06  1.41000000e+00  1.41000000e+00 
 1.42000000e+00  7.40000000e-01  1.42000000e+00  1.13003744e-06  1.42000000e+00  1.42000000e+00 
 1.43000000e+00  7.40000000e-01  1.43000000e+00  1.13102132e-06  1.43000000e+00  1.43000000e+00 
 1.44000000e+00  7.40000000e-01  1.44000000e+00  1.13200053e-06  1.44000000e+00  1.44000000e+00 
 1.45000000e+00  7.40000000e-01  1.45000000e+00  1.13297519e-06  1.45000000e+00  1.45000000e+00 
 1.46000000e+00  7.40000000e-01  1.46000000e+00  1.13394539e-06  1.46000000e+00  1.46000000e+00 
 1.47000000e+00  7.40000000e-01  1.47000000e+00  1.13491125e-06  1.47000000e+00  1.47000000e+00 
 1.48000000e+00  7.40000000e-01  1.48000000e+00  1.13587287e-06  1.48000000e+00  1.48000000e+00 
 1.49000000e+00  7.40000000e-01  1.49000000e+00  1.13683033e-06  1.49000000e+00  1.49000000e+00 
 1.50000000e+00  7.40000000e-01  1.50000000e+00  1.13778373e-06  1.50000000e+00  1.50000000e+00 
 1.51000000e+00  7.40000000e-01  1.51000000e+00  1.13873317e-06  1.51000000e+00  1.51000000e+00 
 1.52000000e+00  7.40000000e-01  1.52000000e+00  1.13967873e-06  1.52000000e+00  1.52000000e+00 
 1.53000000e+00  7.40000000e-01  1.53000000e+00  1.14062049e-06  1.53000000e+00  1.53000000e+00 
 1.54000000e+00  7.40000000e-01  1.54000000e+00  1.14155854e-06  1.54000000e+00  1.54000000e+00 
 1.55000000e+00  7.40000000e-01  1.55000000e+00  1.14249296e-06  1.55000000e+00  1.55000000e+00 
 1.56000000e+00  7.40000000e-01  1.56000000e+00  1.14342384e-06  1.56000000e+00  1.56000000e+00 
 1.57000000e+00  7.40000000e-01  1.57000000e+00  1.14435123e-06  1.57000000e+00  1.57000000e+00 
 1.58000000e+00  7.40000000e-01  1.58000000e+00  1.14527523e-06  1.58000000e+00  1.58000000e+00 
 1.59000000e+00  7.40000000e-01  1.59000000e+00  1.14619589e-06  1.59000000e+00  1.59000000e+00 
 1.60000000e+00  7.40000000e-01  1.60000000e+00  1.14711330e-06  1.60000000e+00  1.60000000e+00 
 1.61000000e+00  7.40000000e-01  1.61000000e+00  1.14802751e-06  1.61000000e+00  1.61000000e+00 
 1.62000000e+00  7.40000000e-01  1.62000000e+00  1.14893860e-06  1.62000000e+00  1.62000000e+00 
 1.63000000e+00  7.40000000e-01  1.63000000e+00  1.14984664e-06  1.63000000e+00  1.63000000e+00 
 1.64000000e+00  7.40000000e-01  1.64000000e+00  1.15075167e-06  1.64000000e+00  1.64000000e+00 
 1.65000000e+00  7.40000000e-01  1.65000000e+00  1.15165377e-06  1.65000000e+00  1.65000000e+00 
 1.66000000e+00  7.40000000e-01  1.66000000e+00  1.15255300e-06  1.66000000e+00  1.66000000e+00 
 1.67000000e+00  7.40000000e-01  1.67000000e+00  1.15344940e-06  1.67000000e+00  1.67000000e+00 
 1.68000000e+00  7.40000000e-01  1.68000000e+00  1.15434305e-06  1.68000000e+00  1.68000000e+00 
 1.69000000e+00  7.40000000e-01  1.69000000e+00  1.15523399e-06  1.69000000e+00  1.69000000e+00 
 1.70000000e+00  7.40000000e-01  1.70000000e+00  1.15612227e-06  1.70000000e+00  1.70000000e+00 
 1.71000000e+00  7.40000000e-01  1.71000000e+00  1.15700796e-06  1.71000000e+00  1.71000000e+00 
 1.72000000e+00  7.40000000e-01  1.72000000e+00  1.15789110e-06  1.72000000e+00  1.72000000e+00 
 1.73000000e+00  7.40000000e-01  1.73000000e+00  1.15877173e-06  1.73000000e+00  1.73000000e+00 
 1.74000000e+00  7.40000000e-01  1.74000000e+00  1.15964992e-06  1.74000000e+00  1.74000000e+00 
 1.75000000e+00  7.40000000e-01  1.75000000e+00  1.16052570e-06  1.75000000e+00  1.75000000e+00 
 1.76000000e+00  7.40000000e-01  1.76000000e+00  1.16139913e-06  1.76000000e+00  1.76000000e+00 
 1.77000000e+00  7.40000000e-01  1.77000000e+00  1.16227024e-06  1.77000000e+00  1.77000000e+00 
 1.78000000e+00  7.40000000e-01  1.78000000e+00  1.16313908e-06  1.78000000e+00  1.78000000e+00 
 1.79000000e+00  7.40000000e-01  1.79000000e+00  1.16400569e-06  1.79000000e+00  1.79000000e+00 
 1.80000000e+00  7.40000000e-01  1.80000000e+00  1.16487012e-06  1.80000000e+00  1.80000000e+00 
 1.81000000e+00  7.40000000e-01  1.81000000e+00  1.16573240e-06  1.81000000e+00  1.81000000e+00 
 1.82000000e+00  7.40000000e-01  1.82000000e+00  1.16659258e-06  1.82000000e+00  1.82000000e+00 
 1.83000000e+00  7.40000000e-01  1.83000000e+00  1.16745069e-06  1.83000000e+00  1.83000000e+00 
 1.84000000e+00  7.40000000e-01  1.84000000e+00  1.16830678e-06  1.84000000e+00  1.84000000e+00 
 1.85000000e+00  7.40000000e-01  1.85000000e+00  1.16916087e-06  1.85000000e+00  1.85000000e+00 
