 0.00000000e+00  3.70000000e-01  0.00000000e+00  0.00000000e+00  0.00000000e+00  0.00000000e+00 
 1.00000000e-02  3.70000000e-01  1.00000000e-02  4.82756927e-11  1.00000000e-02  1.00000000e-02 
 2.00000000e-02  3.70000000e-01  2.00000000e-02  8.98745640e-11  2.00000000e-02  2.00000000e-02 
 3.00000000e-02  3.70000000e-01  3.00000000e-02  1.26050948e-10  3.00000000e-02  3.00000000e-02 
 4.00000000e-02  3.70000000e-01  4.00000000e-02  1.57793124e-10  4.00000000e-02  4.00000000e-02 
 5.00000000e-02  3.70000000e-01  5.00000000e-02  1.85879619e-10  5.00000000e-02  5.00000000e-02 
 6.00000000e-02  3.70000000e-01  6.00000000e-02  2.10928621e-10  6.00000000e-02  6.00000000e-02 
 7.00000000e-02  3.70000000e-01  7.00000000e-02  2.33435082e-10  7.00000000e-02  7.00000000e-02 
 8.00000000e-02  3.70000000e-01  8.00000000e-02  2.53798485e-10  8.00000000e-02  8.00000000e-02 
 9.00000000e-02  3.70000000e-01  9.00000000e-02  2.72343748e-10  9.00000000e-02  9.00000000e-02 
 1.00000000e-01  3.70000000e-01  1.00000000e-01  2.89337076e-10  1.00000000e-01  1.00000000e-01 
 1.10000000e-01  3.70000000e-01  1.10000000e-01  3.04998084e-10  1.10000000e-01  1.10000000e-01 
 1.20000000e-01  3.70000000e-01  1.20000000e-01  3.19509137e-10  1.20000000e-01  1.20000000e-01 
 1.30000000e-01  3.70000000e-01  1.30000000e-01  3.33022606e-10  1.30000000e-01  1.30000000e-01 
 1.40000000e-01  3.70000000e-01  1.40000000e-01  3.45666544e-10  1.40000000e-01  1.40000000e-01 
 1.50000000e-01  3.70000000e-01  1.50000000e-01  3.57549167e-10  1.50000000e-01  1.50000000e-01 
 1.60000000e-01  3.70000000e-01  1.60000000e-01  3.68762400e-10  1.60000000e-01  1.60000000e-01 
 1.70000000e-01  3.70000000e-01  1.70000000e-01  3.79384717e-10  1.70000000e-01  1.70000000e-01 
 1.80000000e-01  3.70000000e-01  1.80000000e-01  3.89483426e-10  1.80000000e-01  1.80000000e-01 
 1.90000000e-01  3.70000000e-01  1.90000000e-01  3.99116511e-10  1.90000000e-01  1.90000000e-01 
 2.00000000e-01  3.70000000e-01  2.00000000e-01  4.08334135e-10  2.00000000e-01  2.00000000e-01 
 2.10000000e-01  3.70000000e-01  2.10000000e-01  4.17179869e-10  2.10000000e-01  2.10000000e-01 
 2.20000000e-01  3.70000000e-01  2.20000000e-01  4.25691703e-10  2.20000000e-01  2.20000000e-01 
 2.30000000e-01  3.70000000e-01  2.30000000e-01  4.33902878e-10  2.30000000e-01  2.30000000e-01 
 2.40000000e-01  3.70000000e-01  2.40000000e-01  4.41842583e-10  2.40000000e-01  2.40000000e-01 
 2.50000000e-01  3.70000000e-01  2.50000000e-01  4.49536531e-10  2.50000000e-01  2.50000000e-01 
 2.60000000e-01  3.70000000e-01  2.60000000e-01  4.57007446e-10  2.60000000e-01  2.60000000e-01 
 2.70000000e-01  3.70000000e-01  2.70000000e-01  4.64275466e-10  2.70000000e-01  2.70000000e-01 
 2.80000000e-01  3.70000000e-01  2.80000000e-01  4.71358495e-10  2.80000000e-01  2.80000000e-01 
 2.90000000e-01  3.70000000e-01  2.90000000e-01  4.78272488e-10  2.90000000e-01  2.90000000e-01 
 3.00000000e-01  3.70000000e-01  3.00000000e-01  4.85031706e-10  3.00000000e-01  3.00000000e-01 
 3.10000000e-01  3.70000000e-01  3.10000000e-01  4.91648921e-10  3.10000000e-01  3.10000000e-01 
 3.20000000e-01  3.70000000e-01  3.20000000e-01  4.98135606e-10  3.20000000e-01  3.20000000e-01 
 3.30000000e-01  3.70000000e-01  3.30000000e-01  5.04502086e-10  3.30000000e-01  3.30000000e-01 
 3.40000000e-01  3.70000000e-01  3.40000000e-01  5.10757677e-10  3.40000000e-01  3.40000000e-01 
 3.50000000e-01  3.70000000e-01  3.50000000e-01  5.16910799e-10  3.50000000e-01  3.50000000e-01 
 3.60000000e-01  3.70000000e-01  3.60000000e-01  5.22969080e-10  3.60000000e-01  3.60000000e-01 
 3.70000000e-01  3.70000000e-01  3.70000000e-01  5.28939442e-10  3.70000000e-01  3.70000000e-01 
 3.80000000e-01  3.70000000e-01  3.80000000e-01  5.34828183e-10  3.80000000e-01  3.80000000e-01 
 3.90000000e-01  3.70000000e-01  3.90000000e-01  5.40641038e-10  3.90000000e-01  3.90000000e-01 
 4.00000000e-01  3.70000000e-01  4.00000000e-01  5.46383240e-10  4.00000000e-01  4.00000000e-01 
 4.10000000e-01  3.70000000e-01  4.10000000e-01  5.52059576e-10  4.10000000e-01  4.10000000e-01 
 4.20000000e-01  3.70000000e-01  4.20000000e-01  5.57674426e-10  4.20000000e-01  4.20000000e-01 
 4.30000000e-01  3.70000000e-01  4.30000000e-01  5.63231810e-10  4.30000000e-01  4.30000000e-01 
 4.40000000e-01  3.70000000e-01  4.40000000e-01  5.68735418e-10  4.40000000e-01  4.40000000e-01 
 4.50000000e-01  3.70000000e-01  4.50000000e-01  5.74188645e-10  4.50000000e-01  4.50000000e-01 
 4.60000000e-01  3.70000000e-01  4.60000000e-01  5.79594619e-10  4.60000000e-01  4.60000000e-01 
 4.70000000e-01  3.70000000e-01  4.70000000e-01  5.84956224e-10  4.70000000e-01  4.70000000e-01 
 4.80000000e-01  3.70000000e-01  4.80000000e-01  5.90276127e-10  4.80000000e-01  4.80000000e-01 
 4.90000000e-01  3.70000000e-01  4.90000000e-01  5.95556792e-10  4.90000000e-01  4.90000000e-01 
 5.00000000e-01  3.70000000e-01  5.00000000e-01  6.00800501e-10  5.00000000e-01  5.00000000e-01 
 5.10000000e-01  3.70000000e-01  5.10000000e-01  6.06009370e-10  5.10000000e-01  5.10000000e-01 
 5.20000000e-01  3.70000000e-01  5.20000000e-01  6.11185364e-10  5.20000000e-01  5.20000000e-01 
 5.30000000e-01  3.70000000e-01  5.30000000e-01  6.16330309e-10  5.30000000e-01  5.30000000e-01 
 5.40000000e-01  3.70000000e-01  5.40000000e-01  6.21445902e-10  5.40000000e-01  5.40000000e-01 
 5.50000000e-01  3.70000000e-01  5.50000000e-01  6.26533727e-10  5.50000000e-01  5.50000000e-01 
 5.60000000e-01  3.70000000e-01  5.60000000e-01  6.31595258e-10  5.60000000e-01  5.60000000e-01 
 5.70000000e-01  3.70000000e-01  5.70000000e-01  6.36631872e-10  5.70000000e-01  5.70000000e-01 
 5.80000000e-01  3.70000000e-01  5.80000000e-01  6.41644854e-10  5.80000000e-01  5.80000000e-01 
 5.90000000e-01  3.70000000e-01  5.90000000e-01  6.46635407e-10  5.90000000e-01  5.90000000e-01 
 6.00000000e-01  3.70000000e-01  6.00000000e-01  6.51604658e-10  6.00000000e-01  6.00000000e-01 
 6.10000000e-01  3.70000000e-01  6.10000000e-01  6.56553660e-10  6.10000000e-01  6.10000000e-01 
 6.20000000e-01  3.70000000e-01  6.20000000e-01  6.61483403e-10  6.20000000e-01  6.20000000e-01 
 6.30000000e-01  3.70000000e-01  6.30000000e-01  6.66394815e-10  6.30000000e-01  6.30000000e-01 
 6.40000000e-01  3.70000000e-01  6.40000000e-01  6.71288767e-10  6.40000000e-01  6.40000000e-01 
 6.50000000e-01  3.70000000e-01  6.50000000e-01  6.76166079e-10  6.50000000e-01  6.50000000e-01 
 6.60000000e-01  3.70000000e-01  6.60000000e-01  6.81027523e-10  6.60000000e-01  6.60000000e-01 
 6.70000000e-01  3.70000000e-01  6.70000000e-01  6.85873823e-10  6.70000000e-01  6.70000000e-01 
 6.80000000e-01  3.70000000e-01  6.80000000e-01  6.90705665e-10  6.80000000e-01  6.80000000e-01 
 6.90000000e-01  3.70000000e-01  6.90000000e-01  6.95523693e-10  6.90000000e-01  6.90000000e-01 
 7.00000000e-01  3.70000000e-01  7.00000000e-01  7.00328516e-10  7.00000000e-01  7.00000000e-01 
 7.10000000e-01  3.70000000e-01  7.10000000e-01  7.05120709e-10  7.10000000e-01  7.10000000e-01 
 7.20000000e-01  3.70000000e-01  7.20000000e-01  7.09900816e-10  7.20000000e-01  7.20000000e-01 
 7.30000000e-01  3.70000000e-01  7.30000000e-01  7.14669349e-10  7.30000000e-01  7.30000000e-01 
 7.40000000e-01  3.70000000e-01  7.40000000e-01  7.19426796e-10  7.40000000e-01  7.40000000e-01 
 7.50000000e-01  3.70000000e-01  7.50000000e-01  7.24173616e-10  7.50000000e-01  7.50000000e-01 
 7.60000000e-01  3.70000000e-01  7.60000000e-01  7.28910246e-10  7.60000000e-01  7.60000000e-01 
 7.70000000e-01  3.70000000e-01  7.70000000e-01  7.33637100e-10  7.70000000e-01  7.70000000e-01 
 7.80000000e-01  3.70000000e-01  7.80000000e-01  7.38354568e-10  7.80000000e-01  7.80000000e-01 
 7.90000000e-01  3.70000000e-01  7.90000000e-01  7.43063025e-10  7.90000000e-01  7.90000000e-01 
 8.00000000e-01  3.70000000e-01  8.00000000e-01  7.47762823e-10  8.00000000e-01  8.00000000e-01 
 8.10000000e-01  3.70000000e-01  8.10000000e-01  7.52454298e-10  8.10000000e-01  8.10000000e-01 
 8.20000000e-01  3.70000000e-01  8.20000000e-01  7.57137771e-10  8.20000000e-01  8.20000000e-01 
 8.30000000e-01  3.70000000e-01  8.30000000e-01  7.61813544e-10  8.30000000e-01  8.30000000e-01 
 8.40000000e-01  3.70000000e-01  8.40000000e-01  7.66481908e-10  8.40000000e-01  8.40000000e-01 
 8.50000000e-01  3.70000000e-01  8.50000000e-01  7.71143137e-10  8.50000000e-01  8.50000000e-01 
 8.60000000e-01  3.70000000e-01  8.60000000e-01  7.75797495e-10  8.60000000e-01  8.60000000e-01 
 8.70000000e-01  3.70000000e-01  8.70000000e-01  7.80445232e-10  8.70000000e-01  8.70000000e-01 
 8.80000000e-01  3.70000000e-01  8.80000000e-01  7.85086586e-10  8.80000000e-01  8.80000000e-01 
 8.90000000e-01  3.70000000e-01  8.90000000e-01  7.89721785e-10  8.90000000e-01  8.90000000e-01 
 9.00000000e-01  3.70000000e-01  9.00000000e-01  7.94351047e-10  9.00000000e-01  9.00000000e-01 
 9.10000000e-01  3.70000000e-01  9.10000000e-01  7.98974579e-10  9.10000000e-01  9.10000000e-01 
 9.20000000e-01  3.70000000e-01  9.20000000e-01  8.03592580e-10  9.20000000e-01  9.20000000e-01 
 9.30000000e-01  3.70000000e-01  9.30000000e-01  8.08205239e-10  9.30000000e-01  9.30000000e-01 
 9.40000000e-01  3.70000000e-01  9.40000000e-01  8.12812739e-10  9.40000000e-01  9.40000000e-01 
 9.50000000e-01  3.70000000e-01  9.50000000e-01  8.17415252e-10  9.50000000e-01  9.50000000e-01 
 9.60000000e-01  3.70000000e-01  9.60000000e-01  8.22012945e-10  9.60000000e-01  9.60000000e-01 
 9.70000000e-01  3.70000000e-01  9.70000000e-01  8.26605977e-10  9.70000000e-01  9.70000000e-01 
 9.80000000e-01  3.70000000e-01  9.80000000e-01  8.31194500e-10  9.80000000e-01  9.80000000e-01 
 9.90000000e-01  3.70000000e-01  9.90000000e-01  8.35778661e-10  9.90000000e-01  9.90000000e-01 
 1.00000000e+00  3.70000000e-01  1.00000000e+00  8.40358599e-10  1.00000000e+00  1.00000000e+00 
 1.01000000e+00  3.70000000e-01  1.01000000e+00  8.44934449e-10  1.01000000e+00  1.01000000e+00 
 1.02000000e+00  3.70000000e-01  1.02000000e+00  8.49506341e-10  1.02000000e+00  1.02000000e+00 
 1.03000000e+00  3.70000000e-01  1.03000000e+00  8.54074396e-10  1.03000000e+00  1.03000000e+00 
 1.04000000e+00  3.70000000e-01  1.04000000e+00  8.58638736e-10  1.04000000e+00  1.04000000e+00 
 1.05000000e+00  3.70000000e-01  1.05000000e+00  8.63199473e-10  1.05000000e+00  1.05000000e+00 
 1.06000000e+00  3.70000000e-01  1.06000000e+00  8.67756717e-10  1.06000000e+00  1.06000000e+00 
 1.07000000e+00  3.70000000e-01  1.07000000e+00  8.72310573e-10  1.07000000e+00  1.07000000e+00 
 1.08000000e+00  3.70000000e-01  1.08000000e+00  8.76861144e-10  1.08000000e+00  1.08000000e+00 
 1.09000000e+00  3.70000000e-01  1.09000000e+00  8.81408525e-10  1.09000000e+00  1.09000000e+00 
 1.10000000e+00  3.70000000e-01  1.10000000e+00  8.85952813e-10  1.10000000e+00  1.10000000e+00 
 1.11000000e+00  3.70000000e-01  1.11000000e+00  8.90494095e-10  1.11000000e+00  1.11000000e+00 
 1.12000000e+00  3.70000000e-01  1.12000000e+00  8.95032460e-10  1.12000000e+00  1.12000000e+00 
 1.13000000e+00  3.70000000e-01  1.13000000e+00  8.99567991e-10  1.13000000e+00  1.13000000e+00 
 1.14000000e+00  3.70000000e-01  1.14000000e+00  9.04100769e-10  1.14000000e+00  1.14000000e+00 
 1.15000000e+00  3.70000000e-01  1.15000000e+00  9.08630871e-10  1.15000000e+00  1.15000000e+00 
 1.16000000e+00  3.70000000e-01  1.16000000e+00  9.13158372e-10  1.16000000e+00  1.16000000e+00 
 1.17000000e+00  3.70000000e-01  1.17000000e+00  9.17683345e-10  1.17000000e+00  1.17000000e+00 
 1.18000000e+00  3.70000000e-01  1.18000000e+00  9.22205859e-10  1.18000000e+00  1.18000000e+00 
 1.19000000e+00  3.70000000e-01  1.19000000e+00  9.26725982e-10  1.19000000e+00  1.19000000e+00 
 1.20000000e+00  3.70000000e-01  1.20000000e+00  9.31243778e-10  1.20000000e+00  1.20000000e+00 
 1.21000000e+00  3.70000000e-01  1.21000000e+00  9.35759310e-10  1.21000000e+00  1.21000000e+00 
 1.22000000e+00  3.70000000e-01  1.22000000e+00  9.40272638e-10  1.22000000e+00  1.22000000e+00 
 1.23000000e+00  3.70000000e-01  1.23000000e+00  9.44783821e-10  1.23000000e+00  1.23000000e+00 
 1.24000000e+00  3.70000000e-01  1.24000000e+00  9.49292915e-10  1.24000000e+00  1.24000000e+00 
 1.25000000e+00  3.70000000e-01  1.25000000e+00  9.53799975e-10  1.25000000e+00  1.25000000e+00 
 1.26000000e+00  3.70000000e-01  1.26000000e+00  9.58305053e-10  1.26000000e+00  1.26000000e+00 
 1.27000000e+00  3.70000000e-01  1.27000000e+00  9.62808201e-10  1.27000000e+00  1.27000000e+00 
 1.28000000e+00  3.70000000e-01  1.28000000e+00  9.67309467e-10  1.28000000e+00  1.28000000e+00 
 1.29000000e+00  3.70000000e-01  1.29000000e+00  9.71808900e-10  1.29000000e+00  1.29000000e+00 
 1.30000000e+00  3.70000000e-01  1.30000000e+00  9.76306545e-10  1.30000000e+00  1.30000000e+00 
 1.31000000e+00  3.70000000e-01  1.31000000e+00  9.80802447e-10  1.31000000e+00  1.31000000e+00 
 1.32000000e+00  3.70000000e-01  1.32000000e+00  9.85296650e-10  1.32000000e+00  1.32000000e+00 
 1.33000000e+00  3.70000000e-01  1.33000000e+00  9.89789195e-10  1.33000000e+00  1.33000000e+00 
 1.34000000e+00  3.70000000e-01  1.34000000e+00  9.94280122e-10  1.34000000e+00  1.34000000e+00 
 1.35000000e+00  3.70000000e-01  1.35000000e+00  9.98769471e-10  1.35000000e+00  1.35000000e+00 
 1.36000000e+00  3.70000000e-01  1.36000000e+00  1.00325728e-09  1.36000000e+00  1.36000000e+00 
 1.37000000e+00  3.70000000e-01  1.37000000e+00  1.00774359e-09  1.37000000e+00  1.37000000e+00 
 1.38000000e+00  3.70000000e-01  1.38000000e+00  1.01222843e-09  1.38000000e+00  1.38000000e+00 
 1.39000000e+00  3.70000000e-01  1.39000000e+00  1.01671183e-09  1.39000000e+00  1.39000000e+00 
 1.40000000e+00  3.70000000e-01  1.40000000e+00  1.02119384e-09  1.40000000e+00  1.40000000e+00 
 1.41000000e+00  3.70000000e-01  1.41000000e+00  1.02567448e-09  1.41000000e+00  1.41000000e+00 
 1.42000000e+00  3.70000000e-01  1.42000000e+00  1.03015378e-09  1.42000000e+00  1.42000000e+00 
 1.43000000e+00  3.70000000e-01  1.43000000e+00  1.03463179e-09  1.43000000e+00  1.43000000e+00 
 1.44000000e+00  3.70000000e-01  1.44000000e+00  1.03910851e-09  1.44000000e+00  1.44000000e+00 
 1.45000000e+00  3.70000000e-01  1.45000000e+00  1.04358399e-09  1.45000000e+00  1.45000000e+00 
 1.46000000e+00  3.70000000e-01  1.46000000e+00  1.04805826e-09  1.46000000e+00  1.46000000e+00 
 1.47000000e+00  3.70000000e-01  1.47000000e+00  1.05253133e-09  1.47000000e+00  1.47000000e+00 
 1.48000000e+00  3.70000000e-01  1.48000000e+00  1.05700324e-09  1.48000000e+00  1.48000000e+00 
 1.49000000e+00  3.70000000e-01  1.49000000e+00  1.06147401e-09  1.49000000e+00  1.49000000e+00 
 1.50000000e+00  3.70000000e-01  1.50000000e+00  1.06594367e-09  1.50000000e+00  1.50000000e+00 
 1.51000000e+00  3.70000000e-01  1.51000000e+00  1.07041224e-09  1.51000000e+00  1.51000000e+00 
 1.52000000e+00  3.70000000e-01  1.52000000e+00  1.07487974e-09  1.52000000e+00  1.52000000e+00 
 1.53000000e+00  3.70000000e-01  1.53000000e+00  1.07934620e-09  1.53000000e+00  1.53000000e+00 
 1.54000000e+00  3.70000000e-01  1.54000000e+00  1.08381165e-09  1.54000000e+00  1.54000000e+00 
 1.55000000e+00  3.70000000e-01  1.55000000e+00  1.08827609e-09  1.55000000e+00  1.55000000e+00 
 1.56000000e+00  3.70000000e-01  1.56000000e+00  1.09273956e-09  1.56000000e+00  1.56000000e+00 
 1.57000000e+00  3.70000000e-01  1.57000000e+00  1.09720207e-09  1.57000000e+00  1.57000000e+00 
 1.58000000e+00  3.70000000e-01  1.58000000e+00  1.10166364e-09  1.58000000e+00  1.58000000e+00 
 1.59000000e+00  3.70000000e-01  1.59000000e+00  1.10612430e-09  1.59000000e+00  1.59000000e+00 
 1.60000000e+00  3.70000000e-01  1.60000000e+00  1.11058405e-09  1.60000000e+00  1.60000000e+00 
 1.61000000e+00  3.70000000e-01  1.61000000e+00  1.11504293e-09  1.61000000e+00  1.61000000e+00 
 1.62000000e+00  3.70000000e-01  1.62000000e+00  1.11950095e-09  1.62000000e+00  1.62000000e+00 
 1.63000000e+00  3.70000000e-01  1.63000000e+00  1.12395812e-09  1.63000000e+00  1.63000000e+00 
 1.64000000e+00  3.70000000e-01  1.64000000e+00  1.12841446e-09  1.64000000e+00  1.64000000e+00 
 1.65000000e+00  3.70000000e-01  1.65000000e+00  1.13287000e-09  1.65000000e+00  1.65000000e+00 
 1.66000000e+00  3.70000000e-01  1.66000000e+00  1.13732474e-09  1.66000000e+00  1.66000000e+00 
 1.67000000e+00  3.70000000e-01  1.67000000e+00  1.14177870e-09  1.67000000e+00  1.67000000e+00 
 1.68000000e+00  3.70000000e-01  1.68000000e+00  1.14623189e-09  1.68000000e+00  1.68000000e+00 
 1.69000000e+00  3.70000000e-01  1.69000000e+00  1.15068434e-09  1.69000000e+00  1.69000000e+00 
 1.70000000e+00  3.70000000e-01  1.70000000e+00  1.15513606e-09  1.70000000e+00  1.70000000e+00 
 1.71000000e+00  3.70000000e-01  1.71000000e+00  1.15958705e-09  1.71000000e+00  1.71000000e+00 
 1.72000000e+00  3.70000000e-01  1.72000000e+00  1.16403734e-09  1.72000000e+00  1.72000000e+00 
 1.73000000e+00  3.70000000e-01  1.73000000e+00  1.16848694e-09  1.73000000e+00  1.73000000e+00 
 1.74000000e+00  3.70000000e-01  1.74000000e+00  1.17293585e-09  1.74000000e+00  1.74000000e+00 
 1.75000000e+00  3.70000000e-01  1.75000000e+00  1.17738410e-09  1.75000000e+00  1.75000000e+00 
 1.76000000e+00  3.70000000e-01  1.76000000e+00  1.18183170e-09  1.76000000e+00  1.76000000e+00 
 1.77000000e+00  3.70000000e-01  1.77000000e+00  1.18627865e-09  1.77000000e+00  1.77000000e+00 
 1.78000000e+00  3.70000000e-01  1.78000000e+00  1.19072498e-09  1.78000000e+00  1.78000000e+00 
 1.79000000e+00  3.70000000e-01  1.79000000e+00  1.19517069e-09  1.79000000e+00  1.79000000e+00 
 1.80000000e+00  3.70000000e-01  1.80000000e+00  1.19961579e-09  1.80000000e+00  1.80000000e+00 
 1.81000000e+00  3.70000000e-01  1.81000000e+00  1.20406029e-09  1.81000000e+00  1.81000000e+00 
 1.82000000e+00  3.70000000e-01  1.82000000e+00  1.20850421e-09  1.82000000e+00  1.82000000e+00 
 1.83000000e+00  3.70000000e-01  1.83000000e+00  1.21294756e-09  1.83000000e+00  1.83000000e+00 
 1.84000000e+00  3.70000000e-01  1.84000000e+00  1.21739035e-09  1.84000000e+00  1.84000000e+00 
 1.85000000e+00  3.70000000e-01  1.85000000e+00  1.22183257e-09  1.85000000e+00  1.85000000e+00 
