 0.00000000e+00 -1.48000000e+00  0.00000000e+00 -0.00000000e+00  0.00000000e+00  0.00000000e+00 
-1.00000000e-02 -1.48000000e+00 -1.00000000e-02 -6.30676590e-07 -1.00000000e-02 -1.00000000e-02 
-2.00000000e-02 -1.48000000e+00 -2.00000000e-02 -1.25208836e-06 -2.00000000e-02 -2.00000000e-02 
-3.00000000e-02 -1.48000000e+00 -3.00000000e-02 -1.86308486e-06 -3.00000000e-02 -3.00000000e-02 
-4.00000000e-02 -1.48000000e+00 -4.00000000e-02 -2.46292700e-06 -4.00000000e-02 -4.00000000e-02 
-5.00000000e-02 -1.48000000e+00 -5.00000000e-02 -3.05094447e-06 -5.00000000e-02 -5.00000000e-02 
-6.00000000e-02 -1.48000000e+00 -6.00000000e-02 -3.62648819e-06 -6.00000000e-02 -6.00000000e-02 
-7.00000000e-02 -1.48000000e+00 -7.00000000e-02 -4.18891964e-06 -7.00000000e-02 -7.00000000e-02 
-8.00000000e-02 -1.48000000e+00 -8.00000000e-02 -4.73761127e-06 -8.00000000e-02 -8.00000000e-02 
-9.00000000e-02 -1.48000000e+00 -9.00000000e-02 -5.27195178e-06 -9.00000000e-02 -9.00000000e-02 
-1.00000000e-01 -1.48000000e+00 -1.00000000e-01 -5.79135452e-06 -1.00000000e-01 -1.00000000e-01 
-1.10000000e-01 -1.48000000e+00 -1.10000000e-01 -6.29526796e-06 -1.10000000e-01 -1.10000000e-01 
-1.20000000e-01 -1.48000000e+00 -1.20000000e-01 -6.78318776e-06 -1.20000000e-01 -1.20000000e-01 
-1.30000000e-01 -1.48000000e+00 -1.30000000e-01 -7.25466978e-06 -1.30000000e-01 -1.30000000e-01 
-1.40000000e-01 -1.48000000e+00 -1.40000000e-01 -7.70934344e-06 -1.40000000e-01 -1.40000000e-01 
-1.50000000e-01 -1.48000000e+00 -1.50000000e-01 -8.14692460e-06 -1.50000000e-01 -1.50000000e-01 
-1.60000000e-01 -1.48000000e+00 -1.60000000e-01 -8.56722714e-06 -1.60000000e-01 -1.60000000e-01 
-1.70000000e-01 -1.48000000e+00 -1.70000000e-01 -8.97017237e-06 -1.70000000e-01 -1.70000000e-01 
-1.80000000e-01 -1.48000000e+00 -1.80000000e-01 -9.35579544e-06 -1.80000000e-01 -1.80000000e-01 
-1.90000000e-01 -1.48000000e+00 -1.90000000e-01 -9.72424813e-06 -1.90000000e-01 -1.90000000e-01 
-2.00000000e-01 -1.48000000e+00 -2.00000000e-01 -1.00757976e-05 -2.00000000e-01 -2.00000000e-01 
-2.10000000e-01 -1.48000000e+00 -2.10000000e-01 -1.04108211e-05 -2.10000000e-01 -2.10000000e-01 
-2.20000000e-01 -1.48000000e+00 -2.20000000e-01 -1.07297968e-05 -2.20000000e-01 -2.20000000e-01 
-2.30000000e-01 -1.48000000e+00 -2.30000000e-01 -1.10332916e-05 -2.30000000e-01 -2.30000000e-01 
-2.40000000e-01 -1.48000000e+00 -2.40000000e-01 -1.13219460e-05 -2.40000000e-01 -2.40000000e-01 
-2.50000000e-01 -1.48000000e+00 -2.50000000e-01 -1.15964586e-05 -2.50000000e-01 -2.50000000e-01 
-2.60000000e-01 -1.48000000e+00 -2.60000000e-01 -1.18575688e-05 -2.60000000e-01 -2.60000000e-01 
-2.70000000e-01 -1.48000000e+00 -2.70000000e-01 -1.21060412e-05 -2.70000000e-01 -2.70000000e-01 
-2.80000000e-01 -1.48000000e+00 -2.80000000e-01 -1.23426504e-05 -2.80000000e-01 -2.80000000e-01 
-2.90000000e-01 -1.48000000e+00 -2.90000000e-01 -1.25681680e-05 -2.90000000e-01 -2.90000000e-01 
-3.00000000e-01 -1.48000000e+00 -3.00000000e-01 -1.27833512e-05 -3.00000000e-01 -3.00000000e-01 
-3.10000000e-01 -1.48000000e+00 -3.10000000e-01 -1.29889339e-05 -3.10000000e-01 -3.10000000e-01 
-3.20000000e-01 -1.48000000e+00 -3.20000000e-01 -1.31856200e-05 -3.20000000e-01 -3.20000000e-01 
-3.30000000e-01 -1.48000000e+00 -3.30000000e-01 -1.33740781e-05 -3.30000000e-01 -3.30000000e-01 
-3.40000000e-01 -1.48000000e+00 -3.40000000e-01 -1.35549387e-05 -3.40000000e-01 -3.40000000e-01 
-3.50000000e-01 -1.48000000e+00 -3.50000000e-01 -1.37287924e-05 -3.50000000e-01 -3.50000000e-01 
-3.60000000e-01 -1.48000000e+00 -3.60000000e-01 -1.38961891e-05 -3.60000000e-01 -3.60000000e-01 
-3.70000000e-01 -1.48000000e+00 -3.70000000e-01 -1.40576389e-05 -3.70000000e-01 -3.70000000e-01 
-3.80000000e-01 -1.48000000e+00 -3.80000000e-01 -1.42136131e-05 -3.80000000e-01 -3.80000000e-01 
-3.90000000e-01 -1.48000000e+00 -3.90000000e-01 -1.43645454e-05 -3.90000000e-01 -3.90000000e-01 
-4.00000000e-01 -1.48000000e+00 -4.00000000e-01 -1.45108346e-05 -4.00000000e-01 -4.00000000e-01 
-4.10000000e-01 -1.48000000e+00 -4.10000000e-01 -1.46528461e-05 -4.10000000e-01 -4.10000000e-01 
-4.20000000e-01 -1.48000000e+00 -4.20000000e-01 -1.47909147e-05 -4.20000000e-01 -4.20000000e-01 
-4.30000000e-01 -1.48000000e+00 -4.30000000e-01 -1.49253466e-05 -4.30000000e-01 -4.30000000e-01 
-4.40000000e-01 -1.48000000e+00 -4.40000000e-01 -1.50564215e-05 -4.40000000e-01 -4.40000000e-01 
-4.50000000e-01 -1.48000000e+00 -4.50000000e-01 -1.51843954e-05 -4.50000000e-01 -4.50000000e-01 
-4.60000000e-01 -1.48000000e+00 -4.60000000e-01 -1.53095017e-05 -4.60000000e-01 -4.60000000e-01 
-4.70000000e-01 -1.48000000e+00 -4.70000000e-01 -1.54319539e-05 -4.70000000e-01 -4.70000000e-01 
-4.80000000e-01 -1.48000000e+00 -4.80000000e-01 -1.55519472e-05 -4.80000000e-01 -4.80000000e-01 
-4.90000000e-01 -1.48000000e+00 -4.90000000e-01 -1.56696599e-05 -4.90000000e-01 -4.90000000e-01 
-5.00000000e-01 -1.48000000e+00 -5.00000000e-01 -1.57852551e-05 -5.00000000e-01 -5.00000000e-01 
-5.10000000e-01 -1.48000000e+00 -5.10000000e-01 -1.58988823e-05 -5.10000000e-01 -5.10000000e-01 
-5.20000000e-01 -1.48000000e+00 -5.20000000e-01 -1.60106782e-05 -5.20000000e-01 -5.20000000e-01 
-5.30000000e-01 -1.48000000e+00 -5.30000000e-01 -1.61207683e-05 -5.30000000e-01 -5.30000000e-01 
-5.40000000e-01 -1.48000000e+00 -5.40000000e-01 -1.62292677e-05 -5.40000000e-01 -5.40000000e-01 
-5.50000000e-01 -1.48000000e+00 -5.50000000e-01 -1.63362821e-05 -5.50000000e-01 -5.50000000e-01 
-5.60000000e-01 -1.48000000e+00 -5.60000000e-01 -1.64419087e-05 -5.60000000e-01 -5.60000000e-01 
-5.70000000e-01 -1.48000000e+00 -5.70000000e-01 -1.65462369e-05 -5.70000000e-01 -5.70000000e-01 
-5.80000000e-01 -1.48000000e+00 -5.80000000e-01 -1.66493491e-05 -5.80000000e-01 -5.80000000e-01 
-5.90000000e-01 -1.48000000e+00 -5.90000000e-01 -1.67513212e-05 -5.90000000e-01 -5.90000000e-01 
-6.00000000e-01 -1.48000000e+00 -6.00000000e-01 -1.68522235e-05 -6.00000000e-01 -6.00000000e-01 
-6.10000000e-01 -1.48000000e+00 -6.10000000e-01 -1.69521206e-05 -6.10000000e-01 -6.10000000e-01 
-6.20000000e-01 -1.48000000e+00 -6.20000000e-01 -1.70510725e-05 -6.20000000e-01 -6.20000000e-01 
-6.30000000e-01 -1.48000000e+00 -6.30000000e-01 -1.71491347e-05 -6.30000000e-01 -6.30000000e-01 
-6.40000000e-01 -1.48000000e+00 -6.40000000e-01 -1.72463586e-05 -6.40000000e-01 -6.40000000e-01 
-6.50000000e-01 -1.48000000e+00 -6.50000000e-01 -1.73427920e-05 -6.50000000e-01 -6.50000000e-01 
-6.60000000e-01 -1.48000000e+00 -6.60000000e-01 -1.74384791e-05 -6.60000000e-01 -6.60000000e-01 
-6.70000000e-01 -1.48000000e+00 -6.70000000e-01 -1.75334612e-05 -6.70000000e-01 -6.70000000e-01 
-6.80000000e-01 -1.48000000e+00 -6.80000000e-01 -1.76277766e-05 -6.80000000e-01 -6.80000000e-01 
-6.90000000e-01 -1.48000000e+00 -6.90000000e-01 -1.77214610e-05 -6.90000000e-01 -6.90000000e-01 
-7.00000000e-01 -1.48000000e+00 -7.00000000e-01 -1.78145477e-05 -7.00000000e-01 -7.00000000e-01 
-7.10000000e-01 -1.48000000e+00 -7.10000000e-01 -1.79070679e-05 -7.10000000e-01 -7.10000000e-01 
-7.20000000e-01 -1.48000000e+00 -7.20000000e-01 -1.79990506e-05 -7.20000000e-01 -7.20000000e-01 
-7.30000000e-01 -1.48000000e+00 -7.30000000e-01 -1.80905228e-05 -7.30000000e-01 -7.30000000e-01 
-7.40000000e-01 -1.48000000e+00 -7.40000000e-01 -1.81815102e-05 -7.40000000e-01 -7.40000000e-01 
-7.50000000e-01 -1.48000000e+00 -7.50000000e-01 -1.82720363e-05 -7.50000000e-01 -7.50000000e-01 
-7.60000000e-01 -1.48000000e+00 -7.60000000e-01 -1.83621237e-05 -7.60000000e-01 -7.60000000e-01 
-7.70000000e-01 -1.48000000e+00 -7.70000000e-01 -1.84517931e-05 -7.70000000e-01 -7.70000000e-01 
-7.80000000e-01 -1.48000000e+00 -7.80000000e-01 -1.85410644e-05 -7.80000000e-01 -7.80000000e-01 
-7.90000000e-01 -1.48000000e+00 -7.90000000e-01 -1.86299560e-05 -7.90000000e-01 -7.90000000e-01 
-8.00000000e-01 -1.48000000e+00 -8.00000000e-01 -1.87184852e-05 -8.00000000e-01 -8.00000000e-01 
-8.10000000e-01 -1.48000000e+00 -8.10000000e-01 -1.88066684e-05 -8.10000000e-01 -8.10000000e-01 
-8.20000000e-01 -1.48000000e+00 -8.20000000e-01 -1.88945212e-05 -8.20000000e-01 -8.20000000e-01 
-8.30000000e-01 -1.48000000e+00 -8.30000000e-01 -1.89820579e-05 -8.30000000e-01 -8.30000000e-01 
-8.40000000e-01 -1.48000000e+00 -8.40000000e-01 -1.90692924e-05 -8.40000000e-01 -8.40000000e-01 
-8.50000000e-01 -1.48000000e+00 -8.50000000e-01 -1.91562376e-05 -8.50000000e-01 -8.50000000e-01 
-8.60000000e-01 -1.48000000e+00 -8.60000000e-01 -1.92429057e-05 -8.60000000e-01 -8.60000000e-01 
-8.70000000e-01 -1.48000000e+00 -8.70000000e-01 -1.93293084e-05 -8.70000000e-01 -8.70000000e-01 
-8.80000000e-01 -1.48000000e+00 -8.80000000e-01 -1.94154565e-05 -8.80000000e-01 -8.80000000e-01 
-8.90000000e-01 -1.48000000e+00 -8.90000000e-01 -1.95013605e-05 -8.90000000e-01 -8.90000000e-01 
-9.00000000e-01 -1.48000000e+00 -9.00000000e-01 -1.95870302e-05 -9.00000000e-01 -9.00000000e-01 
-9.10000000e-01 -1.48000000e+00 -9.10000000e-01 -1.96724748e-05 -9.10000000e-01 -9.10000000e-01 
-9.20000000e-01 -1.48000000e+00 -9.20000000e-01 -1.97577033e-05 -9.20000000e-01 -9.20000000e-01 
-9.30000000e-01 -1.48000000e+00 -9.30000000e-01 -1.98427241e-05 -9.30000000e-01 -9.30000000e-01 
-9.40000000e-01 -1.48000000e+00 -9.40000000e-01 -1.99275450e-05 -9.40000000e-01 -9.40000000e-01 
-9.50000000e-01 -1.48000000e+00 -9.50000000e-01 -2.00121737e-05 -9.50000000e-01 -9.50000000e-01 
-9.60000000e-01 -1.48000000e+00 -9.60000000e-01 -2.00966174e-05 -9.60000000e-01 -9.60000000e-01 
-9.70000000e-01 -1.48000000e+00 -9.70000000e-01 -2.01808830e-05 -9.70000000e-01 -9.70000000e-01 
-9.80000000e-01 -1.48000000e+00 -9.80000000e-01 -2.02649769e-05 -9.80000000e-01 -9.80000000e-01 
-9.90000000e-01 -1.48000000e+00 -9.90000000e-01 -2.03489054e-05 -9.90000000e-01 -9.90000000e-01 
-1.00000000e+00 -1.48000000e+00 -1.00000000e+00 -2.04326744e-05 -1.00000000e+00 -1.00000000e+00 
-1.01000000e+00 -1.48000000e+00 -1.01000000e+00 -2.05162895e-05 -1.01000000e+00 -1.01000000e+00 
-1.02000000e+00 -1.48000000e+00 -1.02000000e+00 -2.05997562e-05 -1.02000000e+00 -1.02000000e+00 
-1.03000000e+00 -1.48000000e+00 -1.03000000e+00 -2.06830796e-05 -1.03000000e+00 -1.03000000e+00 
-1.04000000e+00 -1.48000000e+00 -1.04000000e+00 -2.07662646e-05 -1.04000000e+00 -1.04000000e+00 
-1.05000000e+00 -1.48000000e+00 -1.05000000e+00 -2.08493159e-05 -1.05000000e+00 -1.05000000e+00 
-1.06000000e+00 -1.48000000e+00 -1.06000000e+00 -2.09322380e-05 -1.06000000e+00 -1.06000000e+00 
-1.07000000e+00 -1.48000000e+00 -1.07000000e+00 -2.10150351e-05 -1.07000000e+00 -1.07000000e+00 
-1.08000000e+00 -1.48000000e+00 -1.08000000e+00 -2.10977115e-05 -1.08000000e+00 -1.08000000e+00 
-1.09000000e+00 -1.48000000e+00 -1.09000000e+00 -2.11802709e-05 -1.09000000e+00 -1.09000000e+00 
-1.10000000e+00 -1.48000000e+00 -1.10000000e+00 -2.12627173e-05 -1.10000000e+00 -1.10000000e+00 
-1.11000000e+00 -1.48000000e+00 -1.11000000e+00 -2.13450542e-05 -1.11000000e+00 -1.11000000e+00 
-1.12000000e+00 -1.48000000e+00 -1.12000000e+00 -2.14272850e-05 -1.12000000e+00 -1.12000000e+00 
-1.13000000e+00 -1.48000000e+00 -1.13000000e+00 -2.15094130e-05 -1.13000000e+00 -1.13000000e+00 
-1.14000000e+00 -1.48000000e+00 -1.14000000e+00 -2.15914415e-05 -1.14000000e+00 -1.14000000e+00 
-1.15000000e+00 -1.48000000e+00 -1.15000000e+00 -2.16733736e-05 -1.15000000e+00 -1.15000000e+00 
-1.16000000e+00 -1.48000000e+00 -1.16000000e+00 -2.17552120e-05 -1.16000000e+00 -1.16000000e+00 
-1.17000000e+00 -1.48000000e+00 -1.17000000e+00 -2.18369597e-05 -1.17000000e+00 -1.17000000e+00 
-1.18000000e+00 -1.48000000e+00 -1.18000000e+00 -2.19186193e-05 -1.18000000e+00 -1.18000000e+00 
-1.19000000e+00 -1.48000000e+00 -1.19000000e+00 -2.20001935e-05 -1.19000000e+00 -1.19000000e+00 
-1.20000000e+00 -1.48000000e+00 -1.20000000e+00 -2.20816848e-05 -1.20000000e+00 -1.20000000e+00 
-1.21000000e+00 -1.48000000e+00 -1.21000000e+00 -2.21630954e-05 -1.21000000e+00 -1.21000000e+00 
-1.22000000e+00 -1.48000000e+00 -1.22000000e+00 -2.22444279e-05 -1.22000000e+00 -1.22000000e+00 
-1.23000000e+00 -1.48000000e+00 -1.23000000e+00 -2.23256843e-05 -1.23000000e+00 -1.23000000e+00 
-1.24000000e+00 -1.48000000e+00 -1.24000000e+00 -2.24068669e-05 -1.24000000e+00 -1.24000000e+00 
-1.25000000e+00 -1.48000000e+00 -1.25000000e+00 -2.24879777e-05 -1.25000000e+00 -1.25000000e+00 
-1.26000000e+00 -1.48000000e+00 -1.26000000e+00 -2.25690186e-05 -1.26000000e+00 -1.26000000e+00 
-1.27000000e+00 -1.48000000e+00 -1.27000000e+00 -2.26499917e-05 -1.27000000e+00 -1.27000000e+00 
-1.28000000e+00 -1.48000000e+00 -1.28000000e+00 -2.27308987e-05 -1.28000000e+00 -1.28000000e+00 
-1.29000000e+00 -1.48000000e+00 -1.29000000e+00 -2.28117415e-05 -1.29000000e+00 -1.29000000e+00 
-1.30000000e+00 -1.48000000e+00 -1.30000000e+00 -2.28925217e-05 -1.30000000e+00 -1.30000000e+00 
-1.31000000e+00 -1.48000000e+00 -1.31000000e+00 -2.29732410e-05 -1.31000000e+00 -1.31000000e+00 
-1.32000000e+00 -1.48000000e+00 -1.32000000e+00 -2.30539011e-05 -1.32000000e+00 -1.32000000e+00 
-1.33000000e+00 -1.48000000e+00 -1.33000000e+00 -2.31345034e-05 -1.33000000e+00 -1.33000000e+00 
-1.34000000e+00 -1.48000000e+00 -1.34000000e+00 -2.32150495e-05 -1.34000000e+00 -1.34000000e+00 
-1.35000000e+00 -1.48000000e+00 -1.35000000e+00 -2.32955408e-05 -1.35000000e+00 -1.35000000e+00 
-1.36000000e+00 -1.48000000e+00 -1.36000000e+00 -2.33759787e-05 -1.36000000e+00 -1.36000000e+00 
-1.37000000e+00 -1.48000000e+00 -1.37000000e+00 -2.34563645e-05 -1.37000000e+00 -1.37000000e+00 
-1.38000000e+00 -1.48000000e+00 -1.38000000e+00 -2.35366996e-05 -1.38000000e+00 -1.38000000e+00 
-1.39000000e+00 -1.48000000e+00 -1.39000000e+00 -2.36169852e-05 -1.39000000e+00 -1.39000000e+00 
-1.40000000e+00 -1.48000000e+00 -1.40000000e+00 -2.36972226e-05 -1.40000000e+00 -1.40000000e+00 
-1.41000000e+00 -1.48000000e+00 -1.41000000e+00 -2.37774129e-05 -1.41000000e+00 -1.41000000e+00 
-1.42000000e+00 -1.48000000e+00 -1.42000000e+00 -2.38575572e-05 -1.42000000e+00 -1.42000000e+00 
-1.43000000e+00 -1.48000000e+00 -1.43000000e+00 -2.39376567e-05 -1.43000000e+00 -1.43000000e+00 
-1.44000000e+00 -1.48000000e+00 -1.44000000e+00 -2.40177125e-05 -1.44000000e+00 -1.44000000e+00 
-1.45000000e+00 -1.48000000e+00 -1.45000000e+00 -2.40977255e-05 -1.45000000e+00 -1.45000000e+00 
-1.46000000e+00 -1.48000000e+00 -1.46000000e+00 -2.41776968e-05 -1.46000000e+00 -1.46000000e+00 
-1.47000000e+00 -1.48000000e+00 -1.47000000e+00 -2.42576274e-05 -1.47000000e+00 -1.47000000e+00 
-1.48000000e+00 -1.48000000e+00 -1.48000000e+00 -2.43375182e-05 -1.48000000e+00 -1.48000000e+00 
-1.49000000e+00 -1.48000000e+00 -1.49000000e+00 -2.44173702e-05 -1.49000000e+00 -1.49000000e+00 
-1.50000000e+00 -1.48000000e+00 -1.50000000e+00 -2.44971841e-05 -1.50000000e+00 -1.50000000e+00 
-1.51000000e+00 -1.48000000e+00 -1.51000000e+00 -2.45769609e-05 -1.51000000e+00 -1.51000000e+00 
-1.52000000e+00 -1.48000000e+00 -1.52000000e+00 -2.46567015e-05 -1.52000000e+00 -1.52000000e+00 
-1.53000000e+00 -1.48000000e+00 -1.53000000e+00 -2.47364065e-05 -1.53000000e+00 -1.53000000e+00 
-1.54000000e+00 -1.48000000e+00 -1.54000000e+00 -2.48160769e-05 -1.54000000e+00 -1.54000000e+00 
-1.55000000e+00 -1.48000000e+00 -1.55000000e+00 -2.48957134e-05 -1.55000000e+00 -1.55000000e+00 
-1.56000000e+00 -1.48000000e+00 -1.56000000e+00 -2.49753167e-05 -1.56000000e+00 -1.56000000e+00 
-1.57000000e+00 -1.48000000e+00 -1.57000000e+00 -2.50548876e-05 -1.57000000e+00 -1.57000000e+00 
-1.58000000e+00 -1.48000000e+00 -1.58000000e+00 -2.51344267e-05 -1.58000000e+00 -1.58000000e+00 
-1.59000000e+00 -1.48000000e+00 -1.59000000e+00 -2.52139347e-05 -1.59000000e+00 -1.59000000e+00 
-1.60000000e+00 -1.48000000e+00 -1.60000000e+00 -2.52934123e-05 -1.60000000e+00 -1.60000000e+00 
-1.61000000e+00 -1.48000000e+00 -1.61000000e+00 -2.53728602e-05 -1.61000000e+00 -1.61000000e+00 
-1.62000000e+00 -1.48000000e+00 -1.62000000e+00 -2.54522790e-05 -1.62000000e+00 -1.62000000e+00 
-1.63000000e+00 -1.48000000e+00 -1.63000000e+00 -2.55316692e-05 -1.63000000e+00 -1.63000000e+00 
-1.64000000e+00 -1.48000000e+00 -1.64000000e+00 -2.56110315e-05 -1.64000000e+00 -1.64000000e+00 
-1.65000000e+00 -1.48000000e+00 -1.65000000e+00 -2.56903664e-05 -1.65000000e+00 -1.65000000e+00 
-1.66000000e+00 -1.48000000e+00 -1.66000000e+00 -2.57696746e-05 -1.66000000e+00 -1.66000000e+00 
-1.67000000e+00 -1.48000000e+00 -1.67000000e+00 -2.58489565e-05 -1.67000000e+00 -1.67000000e+00 
-1.68000000e+00 -1.48000000e+00 -1.68000000e+00 -2.59282126e-05 -1.68000000e+00 -1.68000000e+00 
-1.69000000e+00 -1.48000000e+00 -1.69000000e+00 -2.60074436e-05 -1.69000000e+00 -1.69000000e+00 
-1.70000000e+00 -1.48000000e+00 -1.70000000e+00 -2.60866499e-05 -1.70000000e+00 -1.70000000e+00 
-1.71000000e+00 -1.48000000e+00 -1.71000000e+00 -2.61658320e-05 -1.71000000e+00 -1.71000000e+00 
-1.72000000e+00 -1.48000000e+00 -1.72000000e+00 -2.62449904e-05 -1.72000000e+00 -1.72000000e+00 
-1.73000000e+00 -1.48000000e+00 -1.73000000e+00 -2.63241255e-05 -1.73000000e+00 -1.73000000e+00 
-1.74000000e+00 -1.48000000e+00 -1.74000000e+00 -2.64032377e-05 -1.74000000e+00 -1.74000000e+00 
-1.75000000e+00 -1.48000000e+00 -1.75000000e+00 -2.64823277e-05 -1.75000000e+00 -1.75000000e+00 
-1.76000000e+00 -1.48000000e+00 -1.76000000e+00 -2.65613957e-05 -1.76000000e+00 -1.76000000e+00 
-1.77000000e+00 -1.48000000e+00 -1.77000000e+00 -2.66404421e-05 -1.77000000e+00 -1.77000000e+00 
-1.78000000e+00 -1.48000000e+00 -1.78000000e+00 -2.67194675e-05 -1.78000000e+00 -1.78000000e+00 
-1.79000000e+00 -1.48000000e+00 -1.79000000e+00 -2.67984722e-05 -1.79000000e+00 -1.79000000e+00 
-1.80000000e+00 -1.48000000e+00 -1.80000000e+00 -2.68774565e-05 -1.80000000e+00 -1.80000000e+00 
-1.81000000e+00 -1.48000000e+00 -1.81000000e+00 -2.69564209e-05 -1.81000000e+00 -1.81000000e+00 
-1.82000000e+00 -1.48000000e+00 -1.82000000e+00 -2.70353657e-05 -1.82000000e+00 -1.82000000e+00 
-1.83000000e+00 -1.48000000e+00 -1.83000000e+00 -2.71142914e-05 -1.83000000e+00 -1.83000000e+00 
-1.84000000e+00 -1.48000000e+00 -1.84000000e+00 -2.71931982e-05 -1.84000000e+00 -1.84000000e+00 
-1.85000000e+00 -1.48000000e+00 -1.85000000e+00 -2.72720864e-05 -1.85000000e+00 -1.85000000e+00 
