 0.00000000e+00 -7.40000000e-01  0.00000000e+00 -0.00000000e+00  0.00000000e+00  0.00000000e+00 
-1.00000000e-02 -7.40000000e-01 -1.00000000e-02 -7.66884155e-10 -1.00000000e-02 -1.00000000e-02 
-2.00000000e-02 -7.40000000e-01 -2.00000000e-02 -1.36441974e-09 -2.00000000e-02 -2.00000000e-02 
-3.00000000e-02 -7.40000000e-01 -3.00000000e-02 -1.85566347e-09 -3.00000000e-02 -3.00000000e-02 
-4.00000000e-02 -7.40000000e-01 -4.00000000e-02 -2.27875479e-09 -4.00000000e-02 -4.00000000e-02 
-5.00000000e-02 -7.40000000e-01 -5.00000000e-02 -2.65675095e-09 -5.00000000e-02 -5.00000000e-02 
-6.00000000e-02 -7.40000000e-01 -6.00000000e-02 -3.00394872e-09 -6.00000000e-02 -6.00000000e-02 
-7.00000000e-02 -7.40000000e-01 -7.00000000e-02 -3.32948015e-09 -7.00000000e-02 -7.00000000e-02 
-8.00000000e-02 -7.40000000e-01 -8.00000000e-02 -3.63935471e-09 -8.00000000e-02 -8.00000000e-02 
-9.00000000e-02 -7.40000000e-01 -9.00000000e-02 -3.93764013e-09 -9.00000000e-02 -9.00000000e-02 
-1.00000000e-01 -7.40000000e-01 -1.00000000e-01 -4.22716225e-09 -1.00000000e-01 -1.00000000e-01 
-1.10000000e-01 -7.40000000e-01 -1.10000000e-01 -4.50993105e-09 -1.10000000e-01 -1.10000000e-01 
-1.20000000e-01 -7.40000000e-01 -1.20000000e-01 -4.78740706e-09 -1.20000000e-01 -1.20000000e-01 
-1.30000000e-01 -7.40000000e-01 -1.30000000e-01 -5.06067217e-09 -1.30000000e-01 -1.30000000e-01 
-1.40000000e-01 -7.40000000e-01 -1.40000000e-01 -5.33054186e-09 -1.40000000e-01 -1.40000000e-01 
-1.50000000e-01 -7.40000000e-01 -1.50000000e-01 -5.59764048e-09 -1.50000000e-01 -1.50000000e-01 
-1.60000000e-01 -7.40000000e-01 -1.60000000e-01 -5.86245293e-09 -1.60000000e-01 -1.60000000e-01 
-1.70000000e-01 -7.40000000e-01 -1.70000000e-01 -6.12536069e-09 -1.70000000e-01 -1.70000000e-01 
-1.80000000e-01 -7.40000000e-01 -1.80000000e-01 -6.38666742e-09 -1.80000000e-01 -1.80000000e-01 
-1.90000000e-01 -7.40000000e-01 -1.90000000e-01 -6.64661746e-09 -1.90000000e-01 -1.90000000e-01 
-2.00000000e-01 -7.40000000e-01 -2.00000000e-01 -6.90540932e-09 -2.00000000e-01 -2.00000000e-01 
-2.10000000e-01 -7.40000000e-01 -2.10000000e-01 -7.16320581e-09 -2.10000000e-01 -2.10000000e-01 
-2.20000000e-01 -7.40000000e-01 -2.20000000e-01 -7.42014152e-09 -2.20000000e-01 -2.20000000e-01 
-2.30000000e-01 -7.40000000e-01 -2.30000000e-01 -7.67632858e-09 -2.30000000e-01 -2.30000000e-01 
-2.40000000e-01 -7.40000000e-01 -2.40000000e-01 -7.93186109e-09 -2.40000000e-01 -2.40000000e-01 
-2.50000000e-01 -7.40000000e-01 -2.50000000e-01 -8.18681853e-09 -2.50000000e-01 -2.50000000e-01 
-2.60000000e-01 -7.40000000e-01 -2.60000000e-01 -8.44126844e-09 -2.60000000e-01 -2.60000000e-01 
-2.70000000e-01 -7.40000000e-01 -2.70000000e-01 -8.69526858e-09 -2.70000000e-01 -2.70000000e-01 
-2.80000000e-01 -7.40000000e-01 -2.80000000e-01 -8.94886854e-09 -2.80000000e-01 -2.80000000e-01 
-2.90000000e-01 -7.40000000e-01 -2.90000000e-01 -9.20211118e-09 -2.90000000e-01 -2.90000000e-01 
-3.00000000e-01 -7.40000000e-01 -3.00000000e-01 -9.45503367e-09 -3.00000000e-01 -3.00000000e-01 
-3.10000000e-01 -7.40000000e-01 -3.10000000e-01 -9.70766842e-09 -3.10000000e-01 -3.10000000e-01 
-3.20000000e-01 -7.40000000e-01 -3.20000000e-01 -9.96004378e-09 -3.20000000e-01 -3.20000000e-01 
-3.30000000e-01 -7.40000000e-01 -3.30000000e-01 -1.02121847e-08 -3.30000000e-01 -3.30000000e-01 
-3.40000000e-01 -7.40000000e-01 -3.40000000e-01 -1.04641130e-08 -3.40000000e-01 -3.40000000e-01 
-3.50000000e-01 -7.40000000e-01 -3.50000000e-01 -1.07158483e-08 -3.50000000e-01 -3.50000000e-01 
-3.60000000e-01 -7.40000000e-01 -3.60000000e-01 -1.09674078e-08 -3.60000000e-01 -3.60000000e-01 
-3.70000000e-01 -7.40000000e-01 -3.70000000e-01 -1.12188068e-08 -3.70000000e-01 -3.70000000e-01 
-3.80000000e-01 -7.40000000e-01 -3.80000000e-01 -1.14700590e-08 -3.80000000e-01 -3.80000000e-01 
-3.90000000e-01 -7.40000000e-01 -3.90000000e-01 -1.17211768e-08 -3.90000000e-01 -3.90000000e-01 
-4.00000000e-01 -7.40000000e-01 -4.00000000e-01 -1.19721712e-08 -4.00000000e-01 -4.00000000e-01 
-4.10000000e-01 -7.40000000e-01 -4.10000000e-01 -1.22230521e-08 -4.10000000e-01 -4.10000000e-01 
-4.20000000e-01 -7.40000000e-01 -4.20000000e-01 -1.24738285e-08 -4.20000000e-01 -4.20000000e-01 
-4.30000000e-01 -7.40000000e-01 -4.30000000e-01 -1.27245085e-08 -4.30000000e-01 -4.30000000e-01 
-4.40000000e-01 -7.40000000e-01 -4.40000000e-01 -1.29750995e-08 -4.40000000e-01 -4.40000000e-01 
-4.50000000e-01 -7.40000000e-01 -4.50000000e-01 -1.32256080e-08 -4.50000000e-01 -4.50000000e-01 
-4.60000000e-01 -7.40000000e-01 -4.60000000e-01 -1.34760403e-08 -4.60000000e-01 -4.60000000e-01 
-4.70000000e-01 -7.40000000e-01 -4.70000000e-01 -1.37264019e-08 -4.70000000e-01 -4.70000000e-01 
-4.80000000e-01 -7.40000000e-01 -4.80000000e-01 -1.39766977e-08 -4.80000000e-01 -4.80000000e-01 
-4.90000000e-01 -7.40000000e-01 -4.90000000e-01 -1.42269326e-08 -4.90000000e-01 -4.90000000e-01 
-5.00000000e-01 -7.40000000e-01 -5.00000000e-01 -1.44771106e-08 -5.00000000e-01 -5.00000000e-01 
-5.10000000e-01 -7.40000000e-01 -5.10000000e-01 -1.47272357e-08 -5.10000000e-01 -5.10000000e-01 
-5.20000000e-01 -7.40000000e-01 -5.20000000e-01 -1.49773116e-08 -5.20000000e-01 -5.20000000e-01 
-5.30000000e-01 -7.40000000e-01 -5.30000000e-01 -1.52273415e-08 -5.30000000e-01 -5.30000000e-01 
-5.40000000e-01 -7.40000000e-01 -5.40000000e-01 -1.54773284e-08 -5.40000000e-01 -5.40000000e-01 
-5.50000000e-01 -7.40000000e-01 -5.50000000e-01 -1.57272753e-08 -5.50000000e-01 -5.50000000e-01 
-5.60000000e-01 -7.40000000e-01 -5.60000000e-01 -1.59771846e-08 -5.60000000e-01 -5.60000000e-01 
-5.70000000e-01 -7.40000000e-01 -5.70000000e-01 -1.62270588e-08 -5.70000000e-01 -5.70000000e-01 
-5.80000000e-01 -7.40000000e-01 -5.80000000e-01 -1.64769001e-08 -5.80000000e-01 -5.80000000e-01 
-5.90000000e-01 -7.40000000e-01 -5.90000000e-01 -1.67267107e-08 -5.90000000e-01 -5.90000000e-01 
-6.00000000e-01 -7.40000000e-01 -6.00000000e-01 -1.69764925e-08 -6.00000000e-01 -6.00000000e-01 
-6.10000000e-01 -7.40000000e-01 -6.10000000e-01 -1.72262471e-08 -6.10000000e-01 -6.10000000e-01 
-6.20000000e-01 -7.40000000e-01 -6.20000000e-01 -1.74759764e-08 -6.20000000e-01 -6.20000000e-01 
-6.30000000e-01 -7.40000000e-01 -6.30000000e-01 -1.77256819e-08 -6.30000000e-01 -6.30000000e-01 
-6.40000000e-01 -7.40000000e-01 -6.40000000e-01 -1.79753651e-08 -6.40000000e-01 -6.40000000e-01 
-6.50000000e-01 -7.40000000e-01 -6.50000000e-01 -1.82250272e-08 -6.50000000e-01 -6.50000000e-01 
-6.60000000e-01 -7.40000000e-01 -6.60000000e-01 -1.84746696e-08 -6.60000000e-01 -6.60000000e-01 
-6.70000000e-01 -7.40000000e-01 -6.70000000e-01 -1.87242935e-08 -6.70000000e-01 -6.70000000e-01 
-6.80000000e-01 -7.40000000e-01 -6.80000000e-01 -1.89738999e-08 -6.80000000e-01 -6.80000000e-01 
-6.90000000e-01 -7.40000000e-01 -6.90000000e-01 -1.92234900e-08 -6.90000000e-01 -6.90000000e-01 
-7.00000000e-01 -7.40000000e-01 -7.00000000e-01 -1.94730647e-08 -7.00000000e-01 -7.00000000e-01 
-7.10000000e-01 -7.40000000e-01 -7.10000000e-01 -1.97226249e-08 -7.10000000e-01 -7.10000000e-01 
-7.20000000e-01 -7.40000000e-01 -7.20000000e-01 -1.99721715e-08 -7.20000000e-01 -7.20000000e-01 
-7.30000000e-01 -7.40000000e-01 -7.30000000e-01 -2.02217053e-08 -7.30000000e-01 -7.30000000e-01 
-7.40000000e-01 -7.40000000e-01 -7.40000000e-01 -2.04712270e-08 -7.40000000e-01 -7.40000000e-01 
-7.50000000e-01 -7.40000000e-01 -7.50000000e-01 -2.07207375e-08 -7.50000000e-01 -7.50000000e-01 
-7.60000000e-01 -7.40000000e-01 -7.60000000e-01 -2.09702374e-08 -7.60000000e-01 -7.60000000e-01 
-7.70000000e-01 -7.40000000e-01 -7.70000000e-01 -2.12197272e-08 -7.70000000e-01 -7.70000000e-01 
-7.80000000e-01 -7.40000000e-01 -7.80000000e-01 -2.14692077e-08 -7.80000000e-01 -7.80000000e-01 
-7.90000000e-01 -7.40000000e-01 -7.90000000e-01 -2.17186794e-08 -7.90000000e-01 -7.90000000e-01 
-8.00000000e-01 -7.40000000e-01 -8.00000000e-01 -2.19681428e-08 -8.00000000e-01 -8.00000000e-01 
-8.10000000e-01 -7.40000000e-01 -8.10000000e-01 -2.22175985e-08 -8.10000000e-01 -8.10000000e-01 
-8.20000000e-01 -7.40000000e-01 -8.20000000e-01 -2.24670468e-08 -8.20000000e-01 -8.20000000e-01 
-8.30000000e-01 -7.40000000e-01 -8.30000000e-01 -2.27164884e-08 -8.30000000e-01 -8.30000000e-01 
-8.40000000e-01 -7.40000000e-01 -8.40000000e-01 -2.29659236e-08 -8.40000000e-01 -8.40000000e-01 
-8.50000000e-01 -7.40000000e-01 -8.50000000e-01 -2.32153528e-08 -8.50000000e-01 -8.50000000e-01 
-8.60000000e-01 -7.40000000e-01 -8.60000000e-01 -2.34647764e-08 -8.60000000e-01 -8.60000000e-01 
-8.70000000e-01 -7.40000000e-01 -8.70000000e-01 -2.37141948e-08 -8.70000000e-01 -8.70000000e-01 
-8.80000000e-01 -7.40000000e-01 -8.80000000e-01 -2.39636083e-08 -8.80000000e-01 -8.80000000e-01 
-8.90000000e-01 -7.40000000e-01 -8.90000000e-01 -2.42130173e-08 -8.90000000e-01 -8.90000000e-01 
-9.00000000e-01 -7.40000000e-01 -9.00000000e-01 -2.44624220e-08 -9.00000000e-01 -9.00000000e-01 
-9.10000000e-01 -7.40000000e-01 -9.10000000e-01 -2.47118229e-08 -9.10000000e-01 -9.10000000e-01 
-9.20000000e-01 -7.40000000e-01 -9.20000000e-01 -2.49612200e-08 -9.20000000e-01 -9.20000000e-01 
-9.30000000e-01 -7.40000000e-01 -9.30000000e-01 -2.52106138e-08 -9.30000000e-01 -9.30000000e-01 
-9.40000000e-01 -7.40000000e-01 -9.40000000e-01 -2.54600045e-08 -9.40000000e-01 -9.40000000e-01 
-9.50000000e-01 -7.40000000e-01 -9.50000000e-01 -2.57093923e-08 -9.50000000e-01 -9.50000000e-01 
-9.60000000e-01 -7.40000000e-01 -9.60000000e-01 -2.59587775e-08 -9.60000000e-01 -9.60000000e-01 
-9.70000000e-01 -7.40000000e-01 -9.70000000e-01 -2.62081603e-08 -9.70000000e-01 -9.70000000e-01 
-9.80000000e-01 -7.40000000e-01 -9.80000000e-01 -2.64575408e-08 -9.80000000e-01 -9.80000000e-01 
-9.90000000e-01 -7.40000000e-01 -9.90000000e-01 -2.67069193e-08 -9.90000000e-01 -9.90000000e-01 
-1.00000000e+00 -7.40000000e-01 -1.00000000e+00 -2.69562961e-08 -1.00000000e+00 -1.00000000e+00 
-1.01000000e+00 -7.40000000e-01 -1.01000000e+00 -2.72056711e-08 -1.01000000e+00 -1.01000000e+00 
-1.02000000e+00 -7.40000000e-01 -1.02000000e+00 -2.74550448e-08 -1.02000000e+00 -1.02000000e+00 
-1.03000000e+00 -7.40000000e-01 -1.03000000e+00 -2.77044171e-08 -1.03000000e+00 -1.03000000e+00 
-1.04000000e+00 -7.40000000e-01 -1.04000000e+00 -2.79537882e-08 -1.04000000e+00 -1.04000000e+00 
-1.05000000e+00 -7.40000000e-01 -1.05000000e+00 -2.82031584e-08 -1.05000000e+00 -1.05000000e+00 
-1.06000000e+00 -7.40000000e-01 -1.06000000e+00 -2.84525278e-08 -1.06000000e+00 -1.06000000e+00 
-1.07000000e+00 -7.40000000e-01 -1.07000000e+00 -2.87018964e-08 -1.07000000e+00 -1.07000000e+00 
-1.08000000e+00 -7.40000000e-01 -1.08000000e+00 -2.89512645e-08 -1.08000000e+00 -1.08000000e+00 
-1.09000000e+00 -7.40000000e-01 -1.09000000e+00 -2.92006321e-08 -1.09000000e+00 -1.09000000e+00 
-1.10000000e+00 -7.40000000e-01 -1.10000000e+00 -2.94499994e-08 -1.10000000e+00 -1.10000000e+00 
-1.11000000e+00 -7.40000000e-01 -1.11000000e+00 -2.96993664e-08 -1.11000000e+00 -1.11000000e+00 
-1.12000000e+00 -7.40000000e-01 -1.12000000e+00 -2.99487334e-08 -1.12000000e+00 -1.12000000e+00 
-1.13000000e+00 -7.40000000e-01 -1.13000000e+00 -3.01981003e-08 -1.13000000e+00 -1.13000000e+00 
-1.14000000e+00 -7.40000000e-01 -1.14000000e+00 -3.04474674e-08 -1.14000000e+00 -1.14000000e+00 
-1.15000000e+00 -7.40000000e-01 -1.15000000e+00 -3.06968346e-08 -1.15000000e+00 -1.15000000e+00 
-1.16000000e+00 -7.40000000e-01 -1.16000000e+00 -3.09462021e-08 -1.16000000e+00 -1.16000000e+00 
-1.17000000e+00 -7.40000000e-01 -1.17000000e+00 -3.11955700e-08 -1.17000000e+00 -1.17000000e+00 
-1.18000000e+00 -7.40000000e-01 -1.18000000e+00 -3.14449384e-08 -1.18000000e+00 -1.18000000e+00 
-1.19000000e+00 -7.40000000e-01 -1.19000000e+00 -3.16943072e-08 -1.19000000e+00 -1.19000000e+00 
-1.20000000e+00 -7.40000000e-01 -1.20000000e+00 -3.19436767e-08 -1.20000000e+00 -1.20000000e+00 
-1.21000000e+00 -7.40000000e-01 -1.21000000e+00 -3.21930469e-08 -1.21000000e+00 -1.21000000e+00 
-1.22000000e+00 -7.40000000e-01 -1.22000000e+00 -3.24424178e-08 -1.22000000e+00 -1.22000000e+00 
-1.23000000e+00 -7.40000000e-01 -1.23000000e+00 -3.26917896e-08 -1.23000000e+00 -1.23000000e+00 
-1.24000000e+00 -7.40000000e-01 -1.24000000e+00 -3.29411622e-08 -1.24000000e+00 -1.24000000e+00 
-1.25000000e+00 -7.40000000e-01 -1.25000000e+00 -3.31905358e-08 -1.25000000e+00 -1.25000000e+00 
-1.26000000e+00 -7.40000000e-01 -1.26000000e+00 -3.34399103e-08 -1.26000000e+00 -1.26000000e+00 
-1.27000000e+00 -7.40000000e-01 -1.27000000e+00 -3.36892860e-08 -1.27000000e+00 -1.27000000e+00 
-1.28000000e+00 -7.40000000e-01 -1.28000000e+00 -3.39386627e-08 -1.28000000e+00 -1.28000000e+00 
-1.29000000e+00 -7.40000000e-01 -1.29000000e+00 -3.41880406e-08 -1.29000000e+00 -1.29000000e+00 
-1.30000000e+00 -7.40000000e-01 -1.30000000e+00 -3.44374198e-08 -1.30000000e+00 -1.30000000e+00 
-1.31000000e+00 -7.40000000e-01 -1.31000000e+00 -3.46868002e-08 -1.31000000e+00 -1.31000000e+00 
-1.32000000e+00 -7.40000000e-01 -1.32000000e+00 -3.49361819e-08 -1.32000000e+00 -1.32000000e+00 
-1.33000000e+00 -7.40000000e-01 -1.33000000e+00 -3.51855649e-08 -1.33000000e+00 -1.33000000e+00 
-1.34000000e+00 -7.40000000e-01 -1.34000000e+00 -3.54349494e-08 -1.34000000e+00 -1.34000000e+00 
-1.35000000e+00 -7.40000000e-01 -1.35000000e+00 -3.56843352e-08 -1.35000000e+00 -1.35000000e+00 
-1.36000000e+00 -7.40000000e-01 -1.36000000e+00 -3.59337226e-08 -1.36000000e+00 -1.36000000e+00 
-1.37000000e+00 -7.40000000e-01 -1.37000000e+00 -3.61831114e-08 -1.37000000e+00 -1.37000000e+00 
-1.38000000e+00 -7.40000000e-01 -1.38000000e+00 -3.64325018e-08 -1.38000000e+00 -1.38000000e+00 
-1.39000000e+00 -7.40000000e-01 -1.39000000e+00 -3.66818938e-08 -1.39000000e+00 -1.39000000e+00 
-1.40000000e+00 -7.40000000e-01 -1.40000000e+00 -3.69312874e-08 -1.40000000e+00 -1.40000000e+00 
-1.41000000e+00 -7.40000000e-01 -1.41000000e+00 -3.71806826e-08 -1.41000000e+00 -1.41000000e+00 
-1.42000000e+00 -7.40000000e-01 -1.42000000e+00 -3.74300795e-08 -1.42000000e+00 -1.42000000e+00 
-1.43000000e+00 -7.40000000e-01 -1.43000000e+00 -3.76794780e-08 -1.43000000e+00 -1.43000000e+00 
-1.44000000e+00 -7.40000000e-01 -1.44000000e+00 -3.79288783e-08 -1.44000000e+00 -1.44000000e+00 
-1.45000000e+00 -7.40000000e-01 -1.45000000e+00 -3.81782803e-08 -1.45000000e+00 -1.45000000e+00 
-1.46000000e+00 -7.40000000e-01 -1.46000000e+00 -3.84276842e-08 -1.46000000e+00 -1.46000000e+00 
-1.47000000e+00 -7.40000000e-01 -1.47000000e+00 -3.86770897e-08 -1.47000000e+00 -1.47000000e+00 
-1.48000000e+00 -7.40000000e-01 -1.48000000e+00 -3.89264972e-08 -1.48000000e+00 -1.48000000e+00 
-1.49000000e+00 -7.40000000e-01 -1.49000000e+00 -3.91759064e-08 -1.49000000e+00 -1.49000000e+00 
-1.50000000e+00 -7.40000000e-01 -1.50000000e+00 -3.94253175e-08 -1.50000000e+00 -1.50000000e+00 
-1.51000000e+00 -7.40000000e-01 -1.51000000e+00 -3.96747305e-08 -1.51000000e+00 -1.51000000e+00 
-1.52000000e+00 -7.40000000e-01 -1.52000000e+00 -3.99241454e-08 -1.52000000e+00 -1.52000000e+00 
-1.53000000e+00 -7.40000000e-01 -1.53000000e+00 -4.01735622e-08 -1.53000000e+00 -1.53000000e+00 
-1.54000000e+00 -7.40000000e-01 -1.54000000e+00 -4.04229809e-08 -1.54000000e+00 -1.54000000e+00 
-1.55000000e+00 -7.40000000e-01 -1.55000000e+00 -4.06724015e-08 -1.55000000e+00 -1.55000000e+00 
-1.56000000e+00 -7.40000000e-01 -1.56000000e+00 -4.09218242e-08 -1.56000000e+00 -1.56000000e+00 
-1.57000000e+00 -7.40000000e-01 -1.57000000e+00 -4.11712488e-08 -1.57000000e+00 -1.57000000e+00 
-1.58000000e+00 -7.40000000e-01 -1.58000000e+00 -4.14206753e-08 -1.58000000e+00 -1.58000000e+00 
-1.59000000e+00 -7.40000000e-01 -1.59000000e+00 -4.16701039e-08 -1.59000000e+00 -1.59000000e+00 
-1.60000000e+00 -7.40000000e-01 -1.60000000e+00 -4.19195345e-08 -1.60000000e+00 -1.60000000e+00 
-1.61000000e+00 -7.40000000e-01 -1.61000000e+00 -4.21689672e-08 -1.61000000e+00 -1.61000000e+00 
-1.62000000e+00 -7.40000000e-01 -1.62000000e+00 -4.24184018e-08 -1.62000000e+00 -1.62000000e+00 
-1.63000000e+00 -7.40000000e-01 -1.63000000e+00 -4.26678386e-08 -1.63000000e+00 -1.63000000e+00 
-1.64000000e+00 -7.40000000e-01 -1.64000000e+00 -4.29172773e-08 -1.64000000e+00 -1.64000000e+00 
-1.65000000e+00 -7.40000000e-01 -1.65000000e+00 -4.31667182e-08 -1.65000000e+00 -1.65000000e+00 
-1.66000000e+00 -7.40000000e-01 -1.66000000e+00 -4.34161611e-08 -1.66000000e+00 -1.66000000e+00 
-1.67000000e+00 -7.40000000e-01 -1.67000000e+00 -4.36656061e-08 -1.67000000e+00 -1.67000000e+00 
-1.68000000e+00 -7.40000000e-01 -1.68000000e+00 -4.39150532e-08 -1.68000000e+00 -1.68000000e+00 
-1.69000000e+00 -7.40000000e-01 -1.69000000e+00 -4.41645024e-08 -1.69000000e+00 -1.69000000e+00 
-1.70000000e+00 -7.40000000e-01 -1.70000000e+00 -4.44139537e-08 -1.70000000e+00 -1.70000000e+00 
-1.71000000e+00 -7.40000000e-01 -1.71000000e+00 -4.46634071e-08 -1.71000000e+00 -1.71000000e+00 
-1.72000000e+00 -7.40000000e-01 -1.72000000e+00 -4.49128627e-08 -1.72000000e+00 -1.72000000e+00 
-1.73000000e+00 -7.40000000e-01 -1.73000000e+00 -4.51623204e-08 -1.73000000e+00 -1.73000000e+00 
-1.74000000e+00 -7.40000000e-01 -1.74000000e+00 -4.54117802e-08 -1.74000000e+00 -1.74000000e+00 
-1.75000000e+00 -7.40000000e-01 -1.75000000e+00 -4.56612421e-08 -1.75000000e+00 -1.75000000e+00 
-1.76000000e+00 -7.40000000e-01 -1.76000000e+00 -4.59107062e-08 -1.76000000e+00 -1.76000000e+00 
-1.77000000e+00 -7.40000000e-01 -1.77000000e+00 -4.61601725e-08 -1.77000000e+00 -1.77000000e+00 
-1.78000000e+00 -7.40000000e-01 -1.78000000e+00 -4.64096409e-08 -1.78000000e+00 -1.78000000e+00 
-1.79000000e+00 -7.40000000e-01 -1.79000000e+00 -4.66591114e-08 -1.79000000e+00 -1.79000000e+00 
-1.80000000e+00 -7.40000000e-01 -1.80000000e+00 -4.69085841e-08 -1.80000000e+00 -1.80000000e+00 
-1.81000000e+00 -7.40000000e-01 -1.81000000e+00 -4.71580590e-08 -1.81000000e+00 -1.81000000e+00 
-1.82000000e+00 -7.40000000e-01 -1.82000000e+00 -4.74075360e-08 -1.82000000e+00 -1.82000000e+00 
-1.83000000e+00 -7.40000000e-01 -1.83000000e+00 -4.76570152e-08 -1.83000000e+00 -1.83000000e+00 
-1.84000000e+00 -7.40000000e-01 -1.84000000e+00 -4.79064966e-08 -1.84000000e+00 -1.84000000e+00 
-1.85000000e+00 -7.40000000e-01 -1.85000000e+00 -4.81559802e-08 -1.85000000e+00 -1.85000000e+00 
