 0.00000000e+00  0.00000000e+00  0.00000000e+00  3.36856540e-28  0.00000000e+00  7.40000000e-01 
 1.00000000e-02  1.00000000e-02  1.00000000e-02  8.65997082e-28  1.00000000e-02  7.40000000e-01 
 2.00000000e-02  2.00000000e-02  2.00000000e-02  2.22642275e-27  2.00000000e-02  7.40000000e-01 
 3.00000000e-02  3.00000000e-02  3.00000000e-02  5.72377898e-27  3.00000000e-02  7.40000000e-01 
 4.00000000e-02  4.00000000e-02  4.00000000e-02  1.47155270e-26  4.00000000e-02  7.40000000e-01 
 5.00000000e-02  5.00000000e-02  5.00000000e-02  3.78325686e-26  5.00000000e-02  7.40000000e-01 
 6.00000000e-02  6.00000000e-02  6.00000000e-02  9.72641719e-26  6.00000000e-02  7.40000000e-01 
 7.00000000e-02  7.00000000e-02  7.00000000e-02  2.50057284e-25  7.00000000e-02  7.40000000e-01 
 8.00000000e-02  8.00000000e-02  8.00000000e-02  6.42877564e-25  8.00000000e-02  7.40000000e-01 
 9.00000000e-02  9.00000000e-02  9.00000000e-02  1.65278617e-24  9.00000000e-02  7.40000000e-01 
 1.00000000e-01  1.00000000e-01  1.00000000e-01  4.24918249e-24  1.00000000e-01  7.40000000e-01 
 1.10000000e-01  1.10000000e-01  1.10000000e-01  1.09243036e-23  1.10000000e-01  7.40000000e-01 
 1.20000000e-01  1.20000000e-01  1.20000000e-01  2.80854772e-23  1.20000000e-01  7.40000000e-01 
 1.30000000e-01  1.30000000e-01  1.30000000e-01  7.22054563e-23  1.30000000e-01  7.40000000e-01 
 1.40000000e-01  1.40000000e-01  1.40000000e-01  1.85634267e-22  1.40000000e-01  7.40000000e-01 
 1.50000000e-01  1.50000000e-01  1.50000000e-01  4.77250015e-22  1.50000000e-01  7.40000000e-01 
 1.60000000e-01  1.60000000e-01  1.60000000e-01  1.22696863e-21  1.60000000e-01  7.40000000e-01 
 1.70000000e-01  1.70000000e-01  1.70000000e-01  3.15442673e-21  1.70000000e-01  7.40000000e-01 
 1.80000000e-01  1.80000000e-01  1.80000000e-01  8.10973288e-21  1.80000000e-01  7.40000000e-01 
 1.90000000e-01  1.90000000e-01  1.90000000e-01  2.08492914e-20  1.90000000e-01  7.40000000e-01 
 2.00000000e-01  2.00000000e-01  2.00000000e-01  5.36011177e-20  2.00000000e-01  7.40000000e-01 
 2.10000000e-01  2.10000000e-01  2.10000000e-01  1.37801157e-19  2.10000000e-01  7.40000000e-01 
 2.20000000e-01  2.20000000e-01  2.20000000e-01  3.54263348e-19  2.20000000e-01  7.40000000e-01 
 2.30000000e-01  2.30000000e-01  2.30000000e-01  9.10731826e-19  2.30000000e-01  7.40000000e-01 
 2.40000000e-01  2.40000000e-01  2.40000000e-01  2.34120943e-18  2.40000000e-01  7.40000000e-01 
 2.50000000e-01  2.50000000e-01  2.50000000e-01  6.01820124e-18  2.50000000e-01  7.40000000e-01 
 2.60000000e-01  2.60000000e-01  2.60000000e-01  1.54687700e-17  2.60000000e-01  7.40000000e-01 
 2.70000000e-01  2.70000000e-01  2.70000000e-01  3.97543796e-17  2.70000000e-01  7.40000000e-01 
 2.80000000e-01  2.80000000e-01  2.80000000e-01  1.02145265e-16  2.80000000e-01  7.40000000e-01 
 2.90000000e-01  2.90000000e-01  2.90000000e-01  2.62360146e-16  2.90000000e-01  7.40000000e-01 
 3.00000000e-01  3.00000000e-01  3.00000000e-01  6.73490753e-16  3.00000000e-01  7.40000000e-01 
 3.10000000e-01  3.10000000e-01  3.10000000e-01  1.72731866e-15  3.10000000e-01  7.40000000e-01 
 3.20000000e-01  3.20000000e-01  3.20000000e-01  4.42370792e-15  3.20000000e-01  7.40000000e-01 
 3.30000000e-01  3.30000000e-01  3.30000000e-01  1.13032540e-14  3.30000000e-01  7.40000000e-01 
 3.40000000e-01  3.40000000e-01  3.40000000e-01  2.87768094e-14  3.40000000e-01  7.40000000e-01 
 3.50000000e-01  3.50000000e-01  3.50000000e-01  7.28456191e-14  3.50000000e-01  7.40000000e-01 
 3.60000000e-01  3.60000000e-01  3.60000000e-01  1.82775425e-13  3.60000000e-01  7.40000000e-01 
 3.70000000e-01  3.70000000e-01  3.70000000e-01  4.52451177e-13  3.70000000e-01  7.40000000e-01 
 3.80000000e-01  3.80000000e-01  3.80000000e-01  1.09784919e-12  3.80000000e-01  7.40000000e-01 
 3.90000000e-01  3.90000000e-01  3.90000000e-01  2.58919967e-12  3.90000000e-01  7.40000000e-01 
 4.00000000e-01  4.00000000e-01  4.00000000e-01  5.87774268e-12  4.00000000e-01  7.40000000e-01 
 4.10000000e-01  4.10000000e-01  4.10000000e-01  1.27242647e-11  4.10000000e-01  7.40000000e-01 
 4.20000000e-01  4.20000000e-01  4.20000000e-01  2.61031384e-11  4.20000000e-01  7.40000000e-01 
 4.30000000e-01  4.30000000e-01  4.30000000e-01  5.06910593e-11  4.30000000e-01  7.40000000e-01 
 4.40000000e-01  4.40000000e-01  4.40000000e-01  9.36169834e-11  4.40000000e-01  7.40000000e-01 
 4.50000000e-01  4.50000000e-01  4.50000000e-01  1.65842446e-10  4.50000000e-01  7.40000000e-01 
 4.60000000e-01  4.60000000e-01  4.60000000e-01  2.84626237e-10  4.60000000e-01  7.40000000e-01 
 4.70000000e-01  4.70000000e-01  4.70000000e-01  4.77627042e-10  4.70000000e-01  7.40000000e-01 
 4.80000000e-01  4.80000000e-01  4.80000000e-01  7.89553369e-10  4.80000000e-01  7.40000000e-01 
 4.90000000e-01  4.90000000e-01  4.90000000e-01  1.29301179e-09  4.90000000e-01  7.40000000e-01 
 5.00000000e-01  5.00000000e-01  5.00000000e-01  2.10648269e-09  5.00000000e-01  7.40000000e-01 
 5.10000000e-01  5.10000000e-01  5.10000000e-01  3.42453510e-09  5.10000000e-01  7.40000000e-01 
 5.20000000e-01  5.20000000e-01  5.20000000e-01  5.56901550e-09  5.20000000e-01  7.40000000e-01 
 5.30000000e-01  5.30000000e-01  5.30000000e-01  9.07510063e-09  5.30000000e-01  7.40000000e-01 
 5.40000000e-01  5.40000000e-01  5.40000000e-01  1.48301439e-08  5.40000000e-01  7.40000000e-01 
 5.50000000e-01  5.50000000e-01  5.50000000e-01  2.42754461e-08  5.50000000e-01  7.40000000e-01 
 5.60000000e-01  5.60000000e-01  5.60000000e-01  3.96387010e-08  5.60000000e-01  7.40000000e-01 
 5.70000000e-01  5.70000000e-01  5.70000000e-01  6.40739949e-08  5.70000000e-01  7.40000000e-01 
 5.80000000e-01  5.80000000e-01  5.80000000e-01  1.01509867e-07  5.80000000e-01  7.40000000e-01 
 5.90000000e-01  5.90000000e-01  5.90000000e-01  1.56102017e-07  5.90000000e-01  7.40000000e-01 
 6.00000000e-01  6.00000000e-01  6.00000000e-01  2.31486941e-07  6.00000000e-01  7.40000000e-01 
 6.10000000e-01  6.10000000e-01  6.10000000e-01  3.30233449e-07  6.10000000e-01  7.40000000e-01 
 6.20000000e-01  6.20000000e-01  6.20000000e-01  4.53726253e-07  6.20000000e-01  7.40000000e-01 
 6.30000000e-01  6.30000000e-01  6.30000000e-01  6.02395041e-07  6.30000000e-01  7.40000000e-01 
 6.40000000e-01  6.40000000e-01  6.40000000e-01  7.76060334e-07  6.40000000e-01  7.40000000e-01 
 6.50000000e-01  6.50000000e-01  6.50000000e-01  9.74230748e-07  6.50000000e-01  7.40000000e-01 
 6.60000000e-01  6.60000000e-01  6.60000000e-01  1.19629795e-06  6.60000000e-01  7.40000000e-01 
 6.70000000e-01  6.70000000e-01  6.70000000e-01  1.44164163e-06  6.70000000e-01  7.40000000e-01 
 6.80000000e-01  6.80000000e-01  6.80000000e-01  1.70967527e-06  6.80000000e-01  7.40000000e-01 
 6.90000000e-01  6.90000000e-01  6.90000000e-01  1.99985925e-06  6.90000000e-01  7.40000000e-01 
 7.00000000e-01  7.00000000e-01  7.00000000e-01  2.31169873e-06  7.00000000e-01  7.40000000e-01 
 7.10000000e-01  7.10000000e-01  7.10000000e-01  2.64473575e-06  7.10000000e-01  7.40000000e-01 
 7.20000000e-01  7.20000000e-01  7.20000000e-01  2.99854050e-06  7.20000000e-01  7.40000000e-01 
 7.30000000e-01  7.30000000e-01  7.30000000e-01  3.37270350e-06  7.30000000e-01  7.40000000e-01 
 7.40000000e-01  7.40000000e-01  7.40000000e-01  3.76682951e-06  7.40000000e-01  7.40000000e-01 
 7.50000000e-01  7.50000000e-01  7.50000000e-01  4.18053294e-06  7.50000000e-01  7.40000000e-01 
 7.60000000e-01  7.60000000e-01  7.60000000e-01  4.61343473e-06  7.60000000e-01  7.40000000e-01 
 7.70000000e-01  7.70000000e-01  7.70000000e-01  5.06516021e-06  7.70000000e-01  7.40000000e-01 
 7.80000000e-01  7.80000000e-01  7.80000000e-01  5.53533778e-06  7.80000000e-01  7.40000000e-01 
 7.90000000e-01  7.90000000e-01  7.90000000e-01  6.02359811e-06  7.90000000e-01  7.40000000e-01 
 8.00000000e-01  8.00000000e-01  8.00000000e-01  6.52957378e-06  8.00000000e-01  7.40000000e-01 
 8.10000000e-01  8.10000000e-01  8.10000000e-01  7.05289914e-06  8.10000000e-01  7.40000000e-01 
 8.20000000e-01  8.20000000e-01  8.20000000e-01  7.59321035e-06  8.20000000e-01  7.40000000e-01 
 8.30000000e-01  8.30000000e-01  8.30000000e-01  8.15014553e-06  8.30000000e-01  7.40000000e-01 
 8.40000000e-01  8.40000000e-01  8.40000000e-01  8.72334498e-06  8.40000000e-01  7.40000000e-01 
 8.50000000e-01  8.50000000e-01  8.50000000e-01  9.31245139e-06  8.50000000e-01  7.40000000e-01 
 8.60000000e-01  8.60000000e-01  8.60000000e-01  9.91711014e-06  8.60000000e-01  7.40000000e-01 
 8.70000000e-01  8.70000000e-01  8.70000000e-01  1.05369695e-05  8.70000000e-01  7.40000000e-01 
 8.80000000e-01  8.80000000e-01  8.80000000e-01  1.11716811e-05  8.80000000e-01  7.40000000e-01 
 8.90000000e-01  8.90000000e-01  8.90000000e-01  1.18208996e-05  8.90000000e-01  7.40000000e-01 
 9.00000000e-01  9.00000000e-01  9.00000000e-01  1.24842837e-05  9.00000000e-01  7.40000000e-01 
 9.10000000e-01  9.10000000e-01  9.10000000e-01  1.31614958e-05  9.10000000e-01  7.40000000e-01 
 9.20000000e-01  9.20000000e-01  9.20000000e-01  1.38522023e-05  9.20000000e-01  7.40000000e-01 
 9.30000000e-01  9.30000000e-01  9.30000000e-01  1.45560738e-05  9.30000000e-01  7.40000000e-01 
 9.40000000e-01  9.40000000e-01  9.40000000e-01  1.52727853e-05  9.40000000e-01  7.40000000e-01 
 9.50000000e-01  9.50000000e-01  9.50000000e-01  1.60020163e-05  9.50000000e-01  7.40000000e-01 
 9.60000000e-01  9.60000000e-01  9.60000000e-01  1.67434508e-05  9.60000000e-01  7.40000000e-01 
 9.70000000e-01  9.70000000e-01  9.70000000e-01  1.74967775e-05  9.70000000e-01  7.40000000e-01 
 9.80000000e-01  9.80000000e-01  9.80000000e-01  1.82616897e-05  9.80000000e-01  7.40000000e-01 
 9.90000000e-01  9.90000000e-01  9.90000000e-01  1.90378860e-05  9.90000000e-01  7.40000000e-01 
 1.00000000e+00  1.00000000e+00  1.00000000e+00  1.98250697e-05  1.00000000e+00  7.40000000e-01 
 1.01000000e+00  1.01000000e+00  1.01000000e+00  2.06229491e-05  1.01000000e+00  7.40000000e-01 
 1.02000000e+00  1.02000000e+00  1.02000000e+00  2.14312375e-05  1.02000000e+00  7.40000000e-01 
 1.03000000e+00  1.03000000e+00  1.03000000e+00  2.22496532e-05  1.03000000e+00  7.40000000e-01 
 1.04000000e+00  1.04000000e+00  1.04000000e+00  2.30779197e-05  1.04000000e+00  7.40000000e-01 
 1.05000000e+00  1.05000000e+00  1.05000000e+00  2.39157653e-05  1.05000000e+00  7.40000000e-01 
 1.06000000e+00  1.06000000e+00  1.06000000e+00  2.47629234e-05  1.06000000e+00  7.40000000e-01 
 1.07000000e+00  1.07000000e+00  1.07000000e+00  2.56191325e-05  1.07000000e+00  7.40000000e-01 
 1.08000000e+00  1.08000000e+00  1.08000000e+00  2.64841361e-05  1.08000000e+00  7.40000000e-01 
 1.09000000e+00  1.09000000e+00  1.09000000e+00  2.73576825e-05  1.09000000e+00  7.40000000e-01 
 1.10000000e+00  1.10000000e+00  1.10000000e+00  2.82395250e-05  1.10000000e+00  7.40000000e-01 
 1.11000000e+00  1.11000000e+00  1.11000000e+00  2.91294218e-05  1.11000000e+00  7.40000000e-01 
 1.12000000e+00  1.12000000e+00  1.12000000e+00  3.00271359e-05  1.12000000e+00  7.40000000e-01 
 1.13000000e+00  1.13000000e+00  1.13000000e+00  3.09324351e-05  1.13000000e+00  7.40000000e-01 
 1.14000000e+00  1.14000000e+00  1.14000000e+00  3.18450919e-05  1.14000000e+00  7.40000000e-01 
 1.15000000e+00  1.15000000e+00  1.15000000e+00  3.27648835e-05  1.15000000e+00  7.40000000e-01 
 1.16000000e+00  1.16000000e+00  1.16000000e+00  3.36915917e-05  1.16000000e+00  7.40000000e-01 
 1.17000000e+00  1.17000000e+00  1.17000000e+00  3.46250027e-05  1.17000000e+00  7.40000000e-01 
 1.18000000e+00  1.18000000e+00  1.18000000e+00  3.55649074e-05  1.18000000e+00  7.40000000e-01 
 1.19000000e+00  1.19000000e+00  1.19000000e+00  3.65111009e-05  1.19000000e+00  7.40000000e-01 
 1.20000000e+00  1.20000000e+00  1.20000000e+00  3.74633826e-05  1.20000000e+00  7.40000000e-01 
 1.21000000e+00  1.21000000e+00  1.21000000e+00  3.84215563e-05  1.21000000e+00  7.40000000e-01 
 1.22000000e+00  1.22000000e+00  1.22000000e+00  3.93854299e-05  1.22000000e+00  7.40000000e-01 
 1.23000000e+00  1.23000000e+00  1.23000000e+00  4.03548153e-05  1.23000000e+00  7.40000000e-01 
 1.24000000e+00  1.24000000e+00  1.24000000e+00  4.13295285e-05  1.24000000e+00  7.40000000e-01 
 1.25000000e+00  1.25000000e+00  1.25000000e+00  4.23093893e-05  1.25000000e+00  7.40000000e-01 
 1.26000000e+00  1.26000000e+00  1.26000000e+00  4.32942216e-05  1.26000000e+00  7.40000000e-01 
 1.27000000e+00  1.27000000e+00  1.27000000e+00  4.42838528e-05  1.27000000e+00  7.40000000e-01 
 1.28000000e+00  1.28000000e+00  1.28000000e+00  4.52781142e-05  1.28000000e+00  7.40000000e-01 
 1.29000000e+00  1.29000000e+00  1.29000000e+00  4.62768406e-05  1.29000000e+00  7.40000000e-01 
 1.30000000e+00  1.30000000e+00  1.30000000e+00  4.72798703e-05  1.30000000e+00  7.40000000e-01 
 1.31000000e+00  1.31000000e+00  1.31000000e+00  4.82870451e-05  1.31000000e+00  7.40000000e-01 
 1.32000000e+00  1.32000000e+00  1.32000000e+00  4.92982102e-05  1.32000000e+00  7.40000000e-01 
 1.33000000e+00  1.33000000e+00  1.33000000e+00  5.03132141e-05  1.33000000e+00  7.40000000e-01 
 1.34000000e+00  1.34000000e+00  1.34000000e+00  5.13319084e-05  1.34000000e+00  7.40000000e-01 
 1.35000000e+00  1.35000000e+00  1.35000000e+00  5.23541480e-05  1.35000000e+00  7.40000000e-01 
 1.36000000e+00  1.36000000e+00  1.36000000e+00  5.33797908e-05  1.36000000e+00  7.40000000e-01 
 1.37000000e+00  1.37000000e+00  1.37000000e+00  5.44086977e-05  1.37000000e+00  7.40000000e-01 
 1.38000000e+00  1.38000000e+00  1.38000000e+00  5.54407325e-05  1.38000000e+00  7.40000000e-01 
 1.39000000e+00  1.39000000e+00  1.39000000e+00  5.64757618e-05  1.39000000e+00  7.40000000e-01 
 1.40000000e+00  1.40000000e+00  1.40000000e+00  5.75136551e-05  1.40000000e+00  7.40000000e-01 
 1.41000000e+00  1.41000000e+00  1.41000000e+00  5.85542845e-05  1.41000000e+00  7.40000000e-01 
 1.42000000e+00  1.42000000e+00  1.42000000e+00  5.95975248e-05  1.42000000e+00  7.40000000e-01 
 1.43000000e+00  1.43000000e+00  1.43000000e+00  6.06432534e-05  1.43000000e+00  7.40000000e-01 
 1.44000000e+00  1.44000000e+00  1.44000000e+00  6.16913500e-05  1.44000000e+00  7.40000000e-01 
 1.45000000e+00  1.45000000e+00  1.45000000e+00  6.27416970e-05  1.45000000e+00  7.40000000e-01 
 1.46000000e+00  1.46000000e+00  1.46000000e+00  6.37941790e-05  1.46000000e+00  7.40000000e-01 
 1.47000000e+00  1.47000000e+00  1.47000000e+00  6.48486830e-05  1.47000000e+00  7.40000000e-01 
 1.48000000e+00  1.48000000e+00  1.48000000e+00  6.59050983e-05  1.48000000e+00  7.40000000e-01 
 1.49000000e+00  1.49000000e+00  1.49000000e+00  6.69633162e-05  1.49000000e+00  7.40000000e-01 
 1.50000000e+00  1.50000000e+00  1.50000000e+00  6.80232302e-05  1.50000000e+00  7.40000000e-01 
 1.51000000e+00  1.51000000e+00  1.51000000e+00  6.90847361e-05  1.51000000e+00  7.40000000e-01 
 1.52000000e+00  1.52000000e+00  1.52000000e+00  7.01477314e-05  1.52000000e+00  7.40000000e-01 
 1.53000000e+00  1.53000000e+00  1.53000000e+00  7.12121158e-05  1.53000000e+00  7.40000000e-01 
 1.54000000e+00  1.54000000e+00  1.54000000e+00  7.22777908e-05  1.54000000e+00  7.40000000e-01 
 1.55000000e+00  1.55000000e+00  1.55000000e+00  7.33446597e-05  1.55000000e+00  7.40000000e-01 
 1.56000000e+00  1.56000000e+00  1.56000000e+00  7.44126278e-05  1.56000000e+00  7.40000000e-01 
 1.57000000e+00  1.57000000e+00  1.57000000e+00  7.54816019e-05  1.57000000e+00  7.40000000e-01 
 1.58000000e+00  1.58000000e+00  1.58000000e+00  7.65514908e-05  1.58000000e+00  7.40000000e-01 
 1.59000000e+00  1.59000000e+00  1.59000000e+00  7.76222047e-05  1.59000000e+00  7.40000000e-01 
 1.60000000e+00  1.60000000e+00  1.60000000e+00  7.86936557e-05  1.60000000e+00  7.40000000e-01 
 1.61000000e+00  1.61000000e+00  1.61000000e+00  7.97657571e-05  1.61000000e+00  7.40000000e-01 
 1.62000000e+00  1.62000000e+00  1.62000000e+00  8.08384241e-05  1.62000000e+00  7.40000000e-01 
 1.63000000e+00  1.63000000e+00  1.63000000e+00  8.19115732e-05  1.63000000e+00  7.40000000e-01 
 1.64000000e+00  1.64000000e+00  1.64000000e+00  8.29851224e-05  1.64000000e+00  7.40000000e-01 
 1.65000000e+00  1.65000000e+00  1.65000000e+00  8.40589910e-05  1.65000000e+00  7.40000000e-01 
 1.66000000e+00  1.66000000e+00  1.66000000e+00  8.51330998e-05  1.66000000e+00  7.40000000e-01 
 1.67000000e+00  1.67000000e+00  1.67000000e+00  8.62073710e-05  1.67000000e+00  7.40000000e-01 
 1.68000000e+00  1.68000000e+00  1.68000000e+00  8.72817277e-05  1.68000000e+00  7.40000000e-01 
 1.69000000e+00  1.69000000e+00  1.69000000e+00  8.83560948e-05  1.69000000e+00  7.40000000e-01 
 1.70000000e+00  1.70000000e+00  1.70000000e+00  8.94303981e-05  1.70000000e+00  7.40000000e-01 
 1.71000000e+00  1.71000000e+00  1.71000000e+00  9.05045645e-05  1.71000000e+00  7.40000000e-01 
 1.72000000e+00  1.72000000e+00  1.72000000e+00  9.15785224e-05  1.72000000e+00  7.40000000e-01 
 1.73000000e+00  1.73000000e+00  1.73000000e+00  9.26522009e-05  1.73000000e+00  7.40000000e-01 
 1.74000000e+00  1.74000000e+00  1.74000000e+00  9.37255307e-05  1.74000000e+00  7.40000000e-01 
 1.75000000e+00  1.75000000e+00  1.75000000e+00  9.47984431e-05  1.75000000e+00  7.40000000e-01 
 1.76000000e+00  1.76000000e+00  1.76000000e+00  9.58708707e-05  1.76000000e+00  7.40000000e-01 
 1.77000000e+00  1.77000000e+00  1.77000000e+00  9.69427470e-05  1.77000000e+00  7.40000000e-01 
 1.78000000e+00  1.78000000e+00  1.78000000e+00  9.80140065e-05  1.78000000e+00  7.40000000e-01 
 1.79000000e+00  1.79000000e+00  1.79000000e+00  9.90845846e-05  1.79000000e+00  7.40000000e-01 
 1.80000000e+00  1.80000000e+00  1.80000000e+00  1.00154418e-04  1.80000000e+00  7.40000000e-01 
 1.81000000e+00  1.81000000e+00  1.81000000e+00  1.01223444e-04  1.81000000e+00  7.40000000e-01 
 1.82000000e+00  1.82000000e+00  1.82000000e+00  1.02291600e-04  1.82000000e+00  7.40000000e-01 
 1.83000000e+00  1.83000000e+00  1.83000000e+00  1.03358826e-04  1.83000000e+00  7.40000000e-01 
 1.84000000e+00  1.84000000e+00  1.84000000e+00  1.04425061e-04  1.84000000e+00  7.40000000e-01 
 1.85000000e+00  1.85000000e+00  1.85000000e+00  1.05490246e-04  1.85000000e+00  7.40000000e-01 
