 0.00000000e+00  0.00000000e+00  0.00000000e+00  2.18220124e-29  0.00000000e+00  1.00000000e-02 
 1.00000000e-02  1.00000000e-02  1.00000000e-02  5.61004369e-29  1.00000000e-02  1.00000000e-02 
 2.00000000e-02  2.00000000e-02  2.00000000e-02  1.44230612e-28  2.00000000e-02  1.00000000e-02 
 3.00000000e-02  3.00000000e-02  3.00000000e-02  3.70793976e-28  3.00000000e-02  1.00000000e-02 
 4.00000000e-02  4.00000000e-02  4.00000000e-02  9.53291312e-28  4.00000000e-02  1.00000000e-02 
 5.00000000e-02  5.00000000e-02  5.00000000e-02  2.45084386e-27  5.00000000e-02  1.00000000e-02 
 6.00000000e-02  6.00000000e-02  6.00000000e-02  6.30090176e-27  6.00000000e-02  1.00000000e-02 
 7.00000000e-02  7.00000000e-02  7.00000000e-02  1.61990418e-26  7.00000000e-02  1.00000000e-02 
 8.00000000e-02  8.00000000e-02  8.00000000e-02  4.16464593e-26  8.00000000e-02  1.00000000e-02 
 9.00000000e-02  9.00000000e-02  9.00000000e-02  1.07069675e-25  9.00000000e-02  1.00000000e-02 
 1.00000000e-01  1.00000000e-01  1.00000000e-01  2.75267664e-25  1.00000000e-01  1.00000000e-02 
 1.10000000e-01  1.10000000e-01  1.10000000e-01  7.07690840e-25  1.10000000e-01  1.00000000e-02 
 1.20000000e-01  1.20000000e-01  1.20000000e-01  1.81941438e-24  1.20000000e-01  1.00000000e-02 
 1.30000000e-01  1.30000000e-01  1.30000000e-01  4.67756500e-24  1.30000000e-01  1.00000000e-02 
 1.40000000e-01  1.40000000e-01  1.40000000e-01  1.20256334e-23  1.40000000e-01  1.00000000e-02 
 1.50000000e-01  1.50000000e-01  1.50000000e-01  3.09168875e-23  1.50000000e-01  1.00000000e-02 
 1.60000000e-01  1.60000000e-01  1.60000000e-01  7.94846515e-23  1.60000000e-01  1.00000000e-02 
 1.70000000e-01  1.70000000e-01  1.70000000e-01  2.04347938e-22  1.70000000e-01  1.00000000e-02 
 1.80000000e-01  1.80000000e-01  1.80000000e-01  5.25359227e-22  1.80000000e-01  1.00000000e-02 
 1.90000000e-01  1.90000000e-01  1.90000000e-01  1.35064469e-21  1.90000000e-01  1.00000000e-02 
 2.00000000e-01  2.00000000e-01  2.00000000e-01  3.47235133e-21  2.00000000e-01  1.00000000e-02 
 2.10000000e-01  2.10000000e-01  2.10000000e-01  8.92694128e-21  2.10000000e-01  1.00000000e-02 
 2.20000000e-01  2.20000000e-01  2.20000000e-01  2.29496485e-20  2.20000000e-01  1.00000000e-02 
 2.30000000e-01  2.30000000e-01  2.30000000e-01  5.89984128e-20  2.30000000e-01  1.00000000e-02 
 2.40000000e-01  2.40000000e-01  2.40000000e-01  1.51666645e-19  2.40000000e-01  1.00000000e-02 
 2.50000000e-01  2.50000000e-01  2.50000000e-01  3.89867040e-19  2.50000000e-01  1.00000000e-02 
 2.60000000e-01  2.60000000e-01  2.60000000e-01  1.00208739e-18  2.60000000e-01  1.00000000e-02 
 2.70000000e-01  2.70000000e-01  2.70000000e-01  2.57534132e-18  2.70000000e-01  1.00000000e-02 
 2.80000000e-01  2.80000000e-01  2.80000000e-01  6.61710545e-18  2.80000000e-01  1.00000000e-02 
 2.90000000e-01  2.90000000e-01  2.90000000e-01  1.69960375e-17  2.90000000e-01  1.00000000e-02 
 3.00000000e-01  3.00000000e-01  3.00000000e-01  4.36296224e-17  3.00000000e-01  1.00000000e-02 
 3.10000000e-01  3.10000000e-01  3.10000000e-01  1.11897990e-16  3.10000000e-01  1.00000000e-02 
 3.20000000e-01  3.20000000e-01  3.20000000e-01  2.86573665e-16  3.20000000e-01  1.00000000e-02 
 3.30000000e-01  3.30000000e-01  3.30000000e-01  7.32239830e-16  3.30000000e-01  1.00000000e-02 
 3.40000000e-01  3.40000000e-01  3.40000000e-01  1.86420033e-15  3.40000000e-01  1.00000000e-02 
 3.50000000e-01  3.50000000e-01  3.50000000e-01  4.71903902e-15  3.50000000e-01  1.00000000e-02 
 3.60000000e-01  3.60000000e-01  3.60000000e-01  1.18404554e-14  3.60000000e-01  1.00000000e-02 
 3.70000000e-01  3.70000000e-01  3.70000000e-01  2.93105179e-14  3.70000000e-01  1.00000000e-02 
 3.80000000e-01  3.80000000e-01  3.80000000e-01  7.11209001e-14  3.80000000e-01  1.00000000e-02 
 3.90000000e-01  3.90000000e-01  3.90000000e-01  1.67736101e-13  3.90000000e-01  1.00000000e-02 
 4.00000000e-01  4.00000000e-01  4.00000000e-01  3.80790212e-13  4.00000000e-01  1.00000000e-02 
 4.10000000e-01  4.10000000e-01  4.10000000e-01  8.24399016e-13  4.10000000e-01  1.00000000e-02 
 4.20000000e-01  4.20000000e-01  4.20000000e-01  1.69143466e-12  4.20000000e-01  1.00000000e-02 
 4.30000000e-01  4.30000000e-01  4.30000000e-01  3.28548748e-12  4.30000000e-01  1.00000000e-02 
 4.40000000e-01  4.40000000e-01  4.40000000e-01  6.07026449e-12  4.40000000e-01  1.00000000e-02 
 4.50000000e-01  4.50000000e-01  4.50000000e-01  1.07611297e-11  4.50000000e-01  1.00000000e-02 
 4.60000000e-01  4.60000000e-01  4.60000000e-01  1.84902249e-11  4.60000000e-01  1.00000000e-02 
 4.70000000e-01  4.70000000e-01  4.70000000e-01  3.10862203e-11  4.70000000e-01  1.00000000e-02 
 4.80000000e-01  4.80000000e-01  4.80000000e-01  5.15406265e-11  4.80000000e-01  1.00000000e-02 
 4.90000000e-01  4.90000000e-01  4.90000000e-01  8.47997333e-11  4.90000000e-01  1.00000000e-02 
 5.00000000e-01  5.00000000e-01  5.00000000e-01  1.39148999e-10  5.00000000e-01  1.00000000e-02 
 5.10000000e-01  5.10000000e-01  5.10000000e-01  2.28697982e-10  5.10000000e-01  1.00000000e-02 
 5.20000000e-01  5.20000000e-01  5.20000000e-01  3.77908826e-10  5.20000000e-01  1.00000000e-02 
 5.30000000e-01  5.30000000e-01  5.30000000e-01  6.29771780e-10  5.30000000e-01  1.00000000e-02 
 5.40000000e-01  5.40000000e-01  5.40000000e-01  1.05978921e-09  5.40000000e-01  1.00000000e-02 
 5.50000000e-01  5.50000000e-01  5.50000000e-01  1.79696298e-09  5.50000000e-01  1.00000000e-02 
 5.60000000e-01  5.60000000e-01  5.60000000e-01  3.04749838e-09  5.60000000e-01  1.00000000e-02 
 5.70000000e-01  5.70000000e-01  5.70000000e-01  5.10549534e-09  5.70000000e-01  1.00000000e-02 
 5.80000000e-01  5.80000000e-01  5.80000000e-01  8.32683112e-09  5.80000000e-01  1.00000000e-02 
 5.90000000e-01  5.90000000e-01  5.90000000e-01  1.30582510e-08  5.90000000e-01  1.00000000e-02 
 6.00000000e-01  6.00000000e-01  6.00000000e-01  1.95527001e-08  6.00000000e-01  1.00000000e-02 
 6.10000000e-01  6.10000000e-01  6.10000000e-01  2.79205633e-08  6.10000000e-01  1.00000000e-02 
 6.20000000e-01  6.20000000e-01  6.20000000e-01  3.81371247e-08  6.20000000e-01  1.00000000e-02 
 6.30000000e-01  6.30000000e-01  6.30000000e-01  5.00858219e-08  6.30000000e-01  1.00000000e-02 
 6.40000000e-01  6.40000000e-01  6.40000000e-01  6.36060132e-08  6.40000000e-01  1.00000000e-02 
 6.50000000e-01  6.50000000e-01  6.50000000e-01  7.85276748e-08  6.50000000e-01  1.00000000e-02 
 6.60000000e-01  6.60000000e-01  6.60000000e-01  9.46905138e-08  6.60000000e-01  1.00000000e-02 
 6.70000000e-01  6.70000000e-01  6.70000000e-01  1.11951766e-07  6.70000000e-01  1.00000000e-02 
 6.80000000e-01  6.80000000e-01  6.80000000e-01  1.30187613e-07  6.80000000e-01  1.00000000e-02 
 6.90000000e-01  6.90000000e-01  6.90000000e-01  1.49291685e-07  6.90000000e-01  1.00000000e-02 
 7.00000000e-01  7.00000000e-01  7.00000000e-01  1.69172591e-07  7.00000000e-01  1.00000000e-02 
 7.10000000e-01  7.10000000e-01  7.10000000e-01  1.89751396e-07  7.10000000e-01  1.00000000e-02 
 7.20000000e-01  7.20000000e-01  7.20000000e-01  2.10959407e-07  7.20000000e-01  1.00000000e-02 
 7.30000000e-01  7.30000000e-01  7.30000000e-01  2.32736342e-07  7.30000000e-01  1.00000000e-02 
 7.40000000e-01  7.40000000e-01  7.40000000e-01  2.55028884e-07  7.40000000e-01  1.00000000e-02 
 7.50000000e-01  7.50000000e-01  7.50000000e-01  2.77789527e-07  7.50000000e-01  1.00000000e-02 
 7.60000000e-01  7.60000000e-01  7.60000000e-01  3.00975676e-07  7.60000000e-01  1.00000000e-02 
 7.70000000e-01  7.70000000e-01  7.70000000e-01  3.24548923e-07  7.70000000e-01  1.00000000e-02 
 7.80000000e-01  7.80000000e-01  7.80000000e-01  3.48474477e-07  7.80000000e-01  1.00000000e-02 
 7.90000000e-01  7.90000000e-01  7.90000000e-01  3.72720688e-07  7.90000000e-01  1.00000000e-02 
 8.00000000e-01  8.00000000e-01  8.00000000e-01  3.97258666e-07  8.00000000e-01  1.00000000e-02 
 8.10000000e-01  8.10000000e-01  8.10000000e-01  4.22061954e-07  8.10000000e-01  1.00000000e-02 
 8.20000000e-01  8.20000000e-01  8.20000000e-01  4.47106256e-07  8.20000000e-01  1.00000000e-02 
 8.30000000e-01  8.30000000e-01  8.30000000e-01  4.72369205e-07  8.30000000e-01  1.00000000e-02 
 8.40000000e-01  8.40000000e-01  8.40000000e-01  4.97830163e-07  8.40000000e-01  1.00000000e-02 
 8.50000000e-01  8.50000000e-01  8.50000000e-01  5.23470044e-07  8.50000000e-01  1.00000000e-02 
 8.60000000e-01  8.60000000e-01  8.60000000e-01  5.49271164e-07  8.60000000e-01  1.00000000e-02 
 8.70000000e-01  8.70000000e-01  8.70000000e-01  5.75217105e-07  8.70000000e-01  1.00000000e-02 
 8.80000000e-01  8.80000000e-01  8.80000000e-01  6.01292599e-07  8.80000000e-01  1.00000000e-02 
 8.90000000e-01  8.90000000e-01  8.90000000e-01  6.27483425e-07  8.90000000e-01  1.00000000e-02 
 9.00000000e-01  9.00000000e-01  9.00000000e-01  6.53776308e-07  9.00000000e-01  1.00000000e-02 
 9.10000000e-01  9.10000000e-01  9.10000000e-01  6.80158846e-07  9.10000000e-01  1.00000000e-02 
 9.20000000e-01  9.20000000e-01  9.20000000e-01  7.06619429e-07  9.20000000e-01  1.00000000e-02 
 9.30000000e-01  9.30000000e-01  9.30000000e-01  7.33147175e-07  9.30000000e-01  1.00000000e-02 
 9.40000000e-01  9.40000000e-01  9.40000000e-01  7.59731870e-07  9.40000000e-01  1.00000000e-02 
 9.50000000e-01  9.50000000e-01  9.50000000e-01  7.86363913e-07  9.50000000e-01  1.00000000e-02 
 9.60000000e-01  9.60000000e-01  9.60000000e-01  8.13034268e-07  9.60000000e-01  1.00000000e-02 
 9.70000000e-01  9.70000000e-01  9.70000000e-01  8.39734413e-07  9.70000000e-01  1.00000000e-02 
 9.80000000e-01  9.80000000e-01  9.80000000e-01  8.66456315e-07  9.80000000e-01  1.00000000e-02 
 9.90000000e-01  9.90000000e-01  9.90000000e-01  8.93192385e-07  9.90000000e-01  1.00000000e-02 
 1.00000000e+00  1.00000000e+00  1.00000000e+00  9.19935452e-07  1.00000000e+00  1.00000000e-02 
 1.01000000e+00  1.01000000e+00  1.01000000e+00  9.46678722e-07  1.01000000e+00  1.00000000e-02 
 1.02000000e+00  1.02000000e+00  1.02000000e+00  9.73415764e-07  1.02000000e+00  1.00000000e-02 
 1.03000000e+00  1.03000000e+00  1.03000000e+00  1.00014047e-06  1.03000000e+00  1.00000000e-02 
 1.04000000e+00  1.04000000e+00  1.04000000e+00  1.02684705e-06  1.04000000e+00  1.00000000e-02 
 1.05000000e+00  1.05000000e+00  1.05000000e+00  1.05353000e-06  1.05000000e+00  1.00000000e-02 
 1.06000000e+00  1.06000000e+00  1.06000000e+00  1.08018407e-06  1.06000000e+00  1.00000000e-02 
 1.07000000e+00  1.07000000e+00  1.07000000e+00  1.10680429e-06  1.07000000e+00  1.00000000e-02 
 1.08000000e+00  1.08000000e+00  1.08000000e+00  1.13338590e-06  1.08000000e+00  1.00000000e-02 
 1.09000000e+00  1.09000000e+00  1.09000000e+00  1.15992438e-06  1.09000000e+00  1.00000000e-02 
 1.10000000e+00  1.10000000e+00  1.10000000e+00  1.18641540e-06  1.10000000e+00  1.00000000e-02 
 1.11000000e+00  1.11000000e+00  1.11000000e+00  1.21285484e-06  1.11000000e+00  1.00000000e-02 
 1.12000000e+00  1.12000000e+00  1.12000000e+00  1.23923875e-06  1.12000000e+00  1.00000000e-02 
 1.13000000e+00  1.13000000e+00  1.13000000e+00  1.26556338e-06  1.13000000e+00  1.00000000e-02 
 1.14000000e+00  1.14000000e+00  1.14000000e+00  1.29182511e-06  1.14000000e+00  1.00000000e-02 
 1.15000000e+00  1.15000000e+00  1.15000000e+00  1.31802050e-06  1.15000000e+00  1.00000000e-02 
 1.16000000e+00  1.16000000e+00  1.16000000e+00  1.34414624e-06  1.16000000e+00  1.00000000e-02 
 1.17000000e+00  1.17000000e+00  1.17000000e+00  1.37019916e-06  1.17000000e+00  1.00000000e-02 
 1.18000000e+00  1.18000000e+00  1.18000000e+00  1.39617624e-06  1.18000000e+00  1.00000000e-02 
 1.19000000e+00  1.19000000e+00  1.19000000e+00  1.42207456e-06  1.19000000e+00  1.00000000e-02 
 1.20000000e+00  1.20000000e+00  1.20000000e+00  1.44789133e-06  1.20000000e+00  1.00000000e-02 
 1.21000000e+00  1.21000000e+00  1.21000000e+00  1.47362388e-06  1.21000000e+00  1.00000000e-02 
 1.22000000e+00  1.22000000e+00  1.22000000e+00  1.49926963e-06  1.22000000e+00  1.00000000e-02 
 1.23000000e+00  1.23000000e+00  1.23000000e+00  1.52482612e-06  1.23000000e+00  1.00000000e-02 
 1.24000000e+00  1.24000000e+00  1.24000000e+00  1.55029096e-06  1.24000000e+00  1.00000000e-02 
 1.25000000e+00  1.25000000e+00  1.25000000e+00  1.57566190e-06  1.25000000e+00  1.00000000e-02 
 1.26000000e+00  1.26000000e+00  1.26000000e+00  1.60093672e-06  1.26000000e+00  1.00000000e-02 
 1.27000000e+00  1.27000000e+00  1.27000000e+00  1.62611334e-06  1.27000000e+00  1.00000000e-02 
 1.28000000e+00  1.28000000e+00  1.28000000e+00  1.65118973e-06  1.28000000e+00  1.00000000e-02 
 1.29000000e+00  1.29000000e+00  1.29000000e+00  1.67616394e-06  1.29000000e+00  1.00000000e-02 
 1.30000000e+00  1.30000000e+00  1.30000000e+00  1.70103411e-06  1.30000000e+00  1.00000000e-02 
 1.31000000e+00  1.31000000e+00  1.31000000e+00  1.72579844e-06  1.31000000e+00  1.00000000e-02 
 1.32000000e+00  1.32000000e+00  1.32000000e+00  1.75045519e-06  1.32000000e+00  1.00000000e-02 
 1.33000000e+00  1.33000000e+00  1.33000000e+00  1.77500272e-06  1.33000000e+00  1.00000000e-02 
 1.34000000e+00  1.34000000e+00  1.34000000e+00  1.79943943e-06  1.34000000e+00  1.00000000e-02 
 1.35000000e+00  1.35000000e+00  1.35000000e+00  1.82376377e-06  1.35000000e+00  1.00000000e-02 
 1.36000000e+00  1.36000000e+00  1.36000000e+00  1.84797428e-06  1.36000000e+00  1.00000000e-02 
 1.37000000e+00  1.37000000e+00  1.37000000e+00  1.87206954e-06  1.37000000e+00  1.00000000e-02 
 1.38000000e+00  1.38000000e+00  1.38000000e+00  1.89604819e-06  1.38000000e+00  1.00000000e-02 
 1.39000000e+00  1.39000000e+00  1.39000000e+00  1.91990891e-06  1.39000000e+00  1.00000000e-02 
 1.40000000e+00  1.40000000e+00  1.40000000e+00  1.94365047e-06  1.40000000e+00  1.00000000e-02 
 1.41000000e+00  1.41000000e+00  1.41000000e+00  1.96727164e-06  1.41000000e+00  1.00000000e-02 
 1.42000000e+00  1.42000000e+00  1.42000000e+00  1.99077128e-06  1.42000000e+00  1.00000000e-02 
 1.43000000e+00  1.43000000e+00  1.43000000e+00  2.01414828e-06  1.43000000e+00  1.00000000e-02 
 1.44000000e+00  1.44000000e+00  1.44000000e+00  2.03740157e-06  1.44000000e+00  1.00000000e-02 
 1.45000000e+00  1.45000000e+00  1.45000000e+00  2.06053014e-06  1.45000000e+00  1.00000000e-02 
 1.46000000e+00  1.46000000e+00  1.46000000e+00  2.08353301e-06  1.46000000e+00  1.00000000e-02 
 1.47000000e+00  1.47000000e+00  1.47000000e+00  2.10640926e-06  1.47000000e+00  1.00000000e-02 
 1.48000000e+00  1.48000000e+00  1.48000000e+00  2.12915799e-06  1.48000000e+00  1.00000000e-02 
 1.49000000e+00  1.49000000e+00  1.49000000e+00  2.15177834e-06  1.49000000e+00  1.00000000e-02 
 1.50000000e+00  1.50000000e+00  1.50000000e+00  2.17426952e-06  1.50000000e+00  1.00000000e-02 
 1.51000000e+00  1.51000000e+00  1.51000000e+00  2.19663073e-06  1.51000000e+00  1.00000000e-02 
 1.52000000e+00  1.52000000e+00  1.52000000e+00  2.21886125e-06  1.52000000e+00  1.00000000e-02 
 1.53000000e+00  1.53000000e+00  1.53000000e+00  2.24096038e-06  1.53000000e+00  1.00000000e-02 
 1.54000000e+00  1.54000000e+00  1.54000000e+00  2.26292744e-06  1.54000000e+00  1.00000000e-02 
 1.55000000e+00  1.55000000e+00  1.55000000e+00  2.28476180e-06  1.55000000e+00  1.00000000e-02 
 1.56000000e+00  1.56000000e+00  1.56000000e+00  2.30646287e-06  1.56000000e+00  1.00000000e-02 
 1.57000000e+00  1.57000000e+00  1.57000000e+00  2.32803007e-06  1.57000000e+00  1.00000000e-02 
 1.58000000e+00  1.58000000e+00  1.58000000e+00  2.34946287e-06  1.58000000e+00  1.00000000e-02 
 1.59000000e+00  1.59000000e+00  1.59000000e+00  2.37076077e-06  1.59000000e+00  1.00000000e-02 
 1.60000000e+00  1.60000000e+00  1.60000000e+00  2.39192328e-06  1.60000000e+00  1.00000000e-02 
 1.61000000e+00  1.61000000e+00  1.61000000e+00  2.41294998e-06  1.61000000e+00  1.00000000e-02 
 1.62000000e+00  1.62000000e+00  1.62000000e+00  2.43384043e-06  1.62000000e+00  1.00000000e-02 
 1.63000000e+00  1.63000000e+00  1.63000000e+00  2.45459425e-06  1.63000000e+00  1.00000000e-02 
 1.64000000e+00  1.64000000e+00  1.64000000e+00  2.47521108e-06  1.64000000e+00  1.00000000e-02 
 1.65000000e+00  1.65000000e+00  1.65000000e+00  2.49569059e-06  1.65000000e+00  1.00000000e-02 
 1.66000000e+00  1.66000000e+00  1.66000000e+00  2.51603247e-06  1.66000000e+00  1.00000000e-02 
 1.67000000e+00  1.67000000e+00  1.67000000e+00  2.53623643e-06  1.67000000e+00  1.00000000e-02 
 1.68000000e+00  1.68000000e+00  1.68000000e+00  2.55630222e-06  1.68000000e+00  1.00000000e-02 
 1.69000000e+00  1.69000000e+00  1.69000000e+00  2.57622961e-06  1.69000000e+00  1.00000000e-02 
 1.70000000e+00  1.70000000e+00  1.70000000e+00  2.59601840e-06  1.70000000e+00  1.00000000e-02 
 1.71000000e+00  1.71000000e+00  1.71000000e+00  2.61566839e-06  1.71000000e+00  1.00000000e-02 
 1.72000000e+00  1.72000000e+00  1.72000000e+00  2.63517942e-06  1.72000000e+00  1.00000000e-02 
 1.73000000e+00  1.73000000e+00  1.73000000e+00  2.65455136e-06  1.73000000e+00  1.00000000e-02 
 1.74000000e+00  1.74000000e+00  1.74000000e+00  2.67378409e-06  1.74000000e+00  1.00000000e-02 
 1.75000000e+00  1.75000000e+00  1.75000000e+00  2.69287751e-06  1.75000000e+00  1.00000000e-02 
 1.76000000e+00  1.76000000e+00  1.76000000e+00  2.71183156e-06  1.76000000e+00  1.00000000e-02 
 1.77000000e+00  1.77000000e+00  1.77000000e+00  2.73064617e-06  1.77000000e+00  1.00000000e-02 
 1.78000000e+00  1.78000000e+00  1.78000000e+00  2.74932132e-06  1.78000000e+00  1.00000000e-02 
 1.79000000e+00  1.79000000e+00  1.79000000e+00  2.76785699e-06  1.79000000e+00  1.00000000e-02 
 1.80000000e+00  1.80000000e+00  1.80000000e+00  2.78625319e-06  1.80000000e+00  1.00000000e-02 
 1.81000000e+00  1.81000000e+00  1.81000000e+00  2.80450995e-06  1.81000000e+00  1.00000000e-02 
 1.82000000e+00  1.82000000e+00  1.82000000e+00  2.82262730e-06  1.82000000e+00  1.00000000e-02 
 1.83000000e+00  1.83000000e+00  1.83000000e+00  2.84060531e-06  1.83000000e+00  1.00000000e-02 
 1.84000000e+00  1.84000000e+00  1.84000000e+00  2.85844406e-06  1.84000000e+00  1.00000000e-02 
 1.85000000e+00  1.85000000e+00  1.85000000e+00  2.87614366e-06  1.85000000e+00  1.00000000e-02 
