 0.00000000e+00  0.00000000e+00  0.00000000e+00  4.20644867e-28  0.00000000e+00  1.11000000e+00 
 1.00000000e-02  1.00000000e-02  1.00000000e-02  1.08140168e-27  1.00000000e-02  1.11000000e+00 
 2.00000000e-02  2.00000000e-02  2.00000000e-02  2.78021409e-27  2.00000000e-02  1.11000000e+00 
 3.00000000e-02  3.00000000e-02  3.00000000e-02  7.14748850e-27  3.00000000e-02  1.11000000e+00 
 4.00000000e-02  4.00000000e-02  4.00000000e-02  1.83758074e-26  4.00000000e-02  1.11000000e+00 
 5.00000000e-02  5.00000000e-02  5.00000000e-02  4.72428880e-26  5.00000000e-02  1.11000000e+00 
 6.00000000e-02  6.00000000e-02  6.00000000e-02  1.21457267e-25  6.00000000e-02  1.11000000e+00 
 7.00000000e-02  7.00000000e-02  7.00000000e-02  3.12255517e-25  7.00000000e-02  1.11000000e+00 
 8.00000000e-02  8.00000000e-02  8.00000000e-02  8.02784316e-25  8.00000000e-02  1.11000000e+00 
 9.00000000e-02  9.00000000e-02  9.00000000e-02  2.06389349e-24  9.00000000e-02  1.11000000e+00 
 1.00000000e-01  1.00000000e-01  1.00000000e-01  5.30610687e-24  1.00000000e-01  1.11000000e+00 
 1.10000000e-01  1.10000000e-01  1.10000000e-01  1.36415704e-23  1.10000000e-01  1.11000000e+00 
 1.20000000e-01  1.20000000e-01  1.20000000e-01  3.50713447e-23  1.20000000e-01  1.11000000e+00 
 1.30000000e-01  1.30000000e-01  1.30000000e-01  9.01655481e-23  1.30000000e-01  1.11000000e+00 
 1.40000000e-01  1.40000000e-01  1.40000000e-01  2.31808180e-22  1.40000000e-01  1.11000000e+00 
 1.50000000e-01  1.50000000e-01  1.50000000e-01  5.95959245e-22  1.50000000e-01  1.11000000e+00 
 1.60000000e-01  1.60000000e-01  1.60000000e-01  1.53215982e-21  1.60000000e-01  1.11000000e+00 
 1.70000000e-01  1.70000000e-01  1.70000000e-01  3.93904602e-21  1.70000000e-01  1.11000000e+00 
 1.80000000e-01  1.80000000e-01  1.80000000e-01  1.01269149e-20  1.80000000e-01  1.11000000e+00 
 1.90000000e-01  1.90000000e-01  1.90000000e-01  2.60352594e-20  1.90000000e-01  1.11000000e+00 
 2.00000000e-01  2.00000000e-01  2.00000000e-01  6.69336419e-20  2.00000000e-01  1.11000000e+00 
 2.10000000e-01  2.10000000e-01  2.10000000e-01  1.72077256e-19  2.10000000e-01  1.11000000e+00 
 2.20000000e-01  2.20000000e-01  2.20000000e-01  4.42381374e-19  2.20000000e-01  1.11000000e+00 
 2.30000000e-01  2.30000000e-01  2.30000000e-01  1.13726356e-18  2.30000000e-01  1.11000000e+00 
 2.40000000e-01  2.40000000e-01  2.40000000e-01  2.92355235e-18  2.40000000e-01  1.11000000e+00 
 2.50000000e-01  2.50000000e-01  2.50000000e-01  7.51514415e-18  2.50000000e-01  1.11000000e+00 
 2.60000000e-01  2.60000000e-01  2.60000000e-01  1.93164090e-17  2.60000000e-01  1.11000000e+00 
 2.70000000e-01  2.70000000e-01  2.70000000e-01  4.96427224e-17  2.70000000e-01  1.11000000e+00 
 2.80000000e-01  2.80000000e-01  2.80000000e-01  1.27552463e-16  2.80000000e-01  1.11000000e+00 
 2.90000000e-01  2.90000000e-01  2.90000000e-01  3.27618543e-16  2.90000000e-01  1.11000000e+00 
 3.00000000e-01  3.00000000e-01  3.00000000e-01  8.41012104e-16  3.00000000e-01  1.11000000e+00 
 3.10000000e-01  3.10000000e-01  3.10000000e-01  2.15696487e-15  3.10000000e-01  1.11000000e+00 
 3.20000000e-01  3.20000000e-01  3.20000000e-01  5.52404299e-15  3.20000000e-01  1.11000000e+00 
 3.30000000e-01  3.30000000e-01  3.30000000e-01  1.41147790e-14  3.30000000e-01  1.11000000e+00 
 3.40000000e-01  3.40000000e-01  3.40000000e-01  3.59346334e-14  3.40000000e-01  1.11000000e+00 
 3.50000000e-01  3.50000000e-01  3.50000000e-01  9.09649256e-14  3.50000000e-01  1.11000000e+00 
 3.60000000e-01  3.60000000e-01  3.60000000e-01  2.28238136e-13  3.60000000e-01  1.11000000e+00 
 3.70000000e-01  3.70000000e-01  3.70000000e-01  5.64991397e-13  3.70000000e-01  1.11000000e+00 
 3.80000000e-01  3.80000000e-01  3.80000000e-01  1.37091992e-12  3.80000000e-01  1.11000000e+00 
 3.90000000e-01  3.90000000e-01  3.90000000e-01  3.23320547e-12  3.90000000e-01  1.11000000e+00 
 4.00000000e-01  4.00000000e-01  4.00000000e-01  7.33963927e-12  4.00000000e-01  1.11000000e+00 
 4.10000000e-01  4.10000000e-01  4.10000000e-01  1.58887347e-11  4.10000000e-01  1.11000000e+00 
 4.20000000e-01  4.20000000e-01  4.20000000e-01  3.25937737e-11  4.20000000e-01  1.11000000e+00 
 4.30000000e-01  4.30000000e-01  4.30000000e-01  6.32916328e-11  4.30000000e-01  1.11000000e+00 
 4.40000000e-01  4.40000000e-01  4.40000000e-01  1.16875248e-10  4.40000000e-01  1.11000000e+00 
 4.50000000e-01  4.50000000e-01  4.50000000e-01  2.07006844e-10  4.50000000e-01  1.11000000e+00 
 4.60000000e-01  4.60000000e-01  4.60000000e-01  3.55168825e-10  4.60000000e-01  1.11000000e+00 
 4.70000000e-01  4.70000000e-01  4.70000000e-01  5.95718012e-10  4.70000000e-01  1.11000000e+00 
 4.80000000e-01  4.80000000e-01  4.80000000e-01  9.84014110e-10  4.80000000e-01  1.11000000e+00 
 4.90000000e-01  4.90000000e-01  4.90000000e-01  1.60952355e-09  4.90000000e-01  1.11000000e+00 
 5.00000000e-01  5.00000000e-01  5.00000000e-01  2.61716660e-09  5.00000000e-01  1.11000000e+00 
 5.10000000e-01  5.10000000e-01  5.10000000e-01  4.24237683e-09  5.10000000e-01  1.11000000e+00 
 5.20000000e-01  5.20000000e-01  5.20000000e-01  6.86876127e-09  5.20000000e-01  1.11000000e+00 
 5.30000000e-01  5.30000000e-01  5.30000000e-01  1.11216701e-08  5.30000000e-01  1.11000000e+00 
 5.40000000e-01  5.40000000e-01  5.40000000e-01  1.80133414e-08  5.40000000e-01  1.11000000e+00 
 5.50000000e-01  5.50000000e-01  5.50000000e-01  2.91448349e-08  5.50000000e-01  1.11000000e+00 
 5.60000000e-01  5.60000000e-01  5.60000000e-01  4.69256423e-08  5.60000000e-01  1.11000000e+00 
 5.70000000e-01  5.70000000e-01  5.70000000e-01  7.46841325e-08  5.70000000e-01  1.11000000e+00 
 5.80000000e-01  5.80000000e-01  5.80000000e-01  1.16477065e-07  5.80000000e-01  1.11000000e+00 
 5.90000000e-01  5.90000000e-01  5.90000000e-01  1.76514927e-07  5.90000000e-01  1.11000000e+00 
 6.00000000e-01  6.00000000e-01  6.00000000e-01  2.58416516e-07  6.00000000e-01  1.11000000e+00 
 6.10000000e-01  6.10000000e-01  6.10000000e-01  3.64686740e-07  6.10000000e-01  1.11000000e+00 
 6.20000000e-01  6.20000000e-01  6.20000000e-01  4.96633071e-07  6.20000000e-01  1.11000000e+00 
 6.30000000e-01  6.30000000e-01  6.30000000e-01  6.54618250e-07  6.30000000e-01  1.11000000e+00 
 6.40000000e-01  6.40000000e-01  6.40000000e-01  8.38416574e-07  6.40000000e-01  1.11000000e+00 
 6.50000000e-01  6.50000000e-01  6.50000000e-01  1.04751219e-06  6.50000000e-01  1.11000000e+00 
 6.60000000e-01  6.60000000e-01  6.60000000e-01  1.28129063e-06  6.60000000e-01  1.11000000e+00 
 6.70000000e-01  6.70000000e-01  6.70000000e-01  1.53913928e-06  6.70000000e-01  1.11000000e+00 
 6.80000000e-01  6.80000000e-01  6.80000000e-01  1.82048899e-06  6.80000000e-01  1.11000000e+00 
 6.90000000e-01  6.90000000e-01  6.90000000e-01  2.12482399e-06  6.90000000e-01  1.11000000e+00 
 7.00000000e-01  7.00000000e-01  7.00000000e-01  2.45167735e-06  7.00000000e-01  1.11000000e+00 
 7.10000000e-01  7.10000000e-01  7.10000000e-01  2.80062143e-06  7.10000000e-01  1.11000000e+00 
 7.20000000e-01  7.20000000e-01  7.20000000e-01  3.17125797e-06  7.20000000e-01  1.11000000e+00 
 7.30000000e-01  7.30000000e-01  7.30000000e-01  3.56320947e-06  7.30000000e-01  1.11000000e+00 
 7.40000000e-01  7.40000000e-01  7.40000000e-01  3.97611259e-06  7.40000000e-01  1.11000000e+00 
 7.50000000e-01  7.50000000e-01  7.50000000e-01  4.40961316e-06  7.50000000e-01  1.11000000e+00 
 7.60000000e-01  7.60000000e-01  7.60000000e-01  4.86336285e-06  7.60000000e-01  1.11000000e+00 
 7.70000000e-01  7.70000000e-01  7.70000000e-01  5.33701682e-06  7.70000000e-01  1.11000000e+00 
 7.80000000e-01  7.80000000e-01  7.80000000e-01  5.83023230e-06  7.80000000e-01  1.11000000e+00 
 7.90000000e-01  7.90000000e-01  7.90000000e-01  6.34266775e-06  7.90000000e-01  1.11000000e+00 
 8.00000000e-01  8.00000000e-01  8.00000000e-01  6.87398242e-06  8.00000000e-01  1.11000000e+00 
 8.10000000e-01  8.10000000e-01  8.10000000e-01  7.42383620e-06  8.10000000e-01  1.11000000e+00 
 8.20000000e-01  8.20000000e-01  8.20000000e-01  7.99188963e-06  8.20000000e-01  1.11000000e+00 
 8.30000000e-01  8.30000000e-01  8.30000000e-01  8.57780405e-06  8.30000000e-01  1.11000000e+00 
 8.40000000e-01  8.40000000e-01  8.40000000e-01  9.18124183e-06  8.40000000e-01  1.11000000e+00 
 8.50000000e-01  8.50000000e-01  8.50000000e-01  9.80186662e-06  8.50000000e-01  1.11000000e+00 
 8.60000000e-01  8.60000000e-01  8.60000000e-01  1.04393436e-05  8.60000000e-01  1.11000000e+00 
 8.70000000e-01  8.70000000e-01  8.70000000e-01  1.10933398e-05  8.70000000e-01  1.11000000e+00 
 8.80000000e-01  8.80000000e-01  8.80000000e-01  1.17635244e-05  8.80000000e-01  1.11000000e+00 
 8.90000000e-01  8.90000000e-01  8.90000000e-01  1.24495688e-05  8.90000000e-01  1.11000000e+00 
 9.00000000e-01  9.00000000e-01  9.00000000e-01  1.31511471e-05  9.00000000e-01  1.11000000e+00 
 9.10000000e-01  9.10000000e-01  9.10000000e-01  1.38679363e-05  9.10000000e-01  1.11000000e+00 
 9.20000000e-01  9.20000000e-01  9.20000000e-01  1.45996163e-05  9.20000000e-01  1.11000000e+00 
 9.30000000e-01  9.30000000e-01  9.30000000e-01  1.53458705e-05  9.30000000e-01  1.11000000e+00 
 9.40000000e-01  9.40000000e-01  9.40000000e-01  1.61063856e-05  9.40000000e-01  1.11000000e+00 
 9.50000000e-01  9.50000000e-01  9.50000000e-01  1.68808519e-05  9.50000000e-01  1.11000000e+00 
 9.60000000e-01  9.60000000e-01  9.60000000e-01  1.76689635e-05  9.60000000e-01  1.11000000e+00 
 9.70000000e-01  9.70000000e-01  9.70000000e-01  1.84704182e-05  9.70000000e-01  1.11000000e+00 
 9.80000000e-01  9.80000000e-01  9.80000000e-01  1.92849180e-05  9.80000000e-01  1.11000000e+00 
 9.90000000e-01  9.90000000e-01  9.90000000e-01  2.01121691e-05  9.90000000e-01  1.11000000e+00 
 1.00000000e+00  1.00000000e+00  1.00000000e+00  2.09518817e-05  1.00000000e+00  1.11000000e+00 
 1.01000000e+00  1.01000000e+00  1.01000000e+00  2.18037707e-05  1.01000000e+00  1.11000000e+00 
 1.02000000e+00  1.02000000e+00  1.02000000e+00  2.26675550e-05  1.02000000e+00  1.11000000e+00 
 1.03000000e+00  1.03000000e+00  1.03000000e+00  2.35429582e-05  1.03000000e+00  1.11000000e+00 
 1.04000000e+00  1.04000000e+00  1.04000000e+00  2.44297083e-05  1.04000000e+00  1.11000000e+00 
 1.05000000e+00  1.05000000e+00  1.05000000e+00  2.53275377e-05  1.05000000e+00  1.11000000e+00 
 1.06000000e+00  1.06000000e+00  1.06000000e+00  2.62361834e-05  1.06000000e+00  1.11000000e+00 
 1.07000000e+00  1.07000000e+00  1.07000000e+00  2.71553870e-05  1.07000000e+00  1.11000000e+00 
 1.08000000e+00  1.08000000e+00  1.08000000e+00  2.80848947e-05  1.08000000e+00  1.11000000e+00 
 1.09000000e+00  1.09000000e+00  1.09000000e+00  2.90244571e-05  1.09000000e+00  1.11000000e+00 
 1.10000000e+00  1.10000000e+00  1.10000000e+00  2.99738294e-05  1.10000000e+00  1.11000000e+00 
 1.11000000e+00  1.11000000e+00  1.11000000e+00  3.09327714e-05  1.11000000e+00  1.11000000e+00 
 1.12000000e+00  1.12000000e+00  1.12000000e+00  3.19010474e-05  1.12000000e+00  1.11000000e+00 
 1.13000000e+00  1.13000000e+00  1.13000000e+00  3.28784263e-05  1.13000000e+00  1.11000000e+00 
 1.14000000e+00  1.14000000e+00  1.14000000e+00  3.38646812e-05  1.14000000e+00  1.11000000e+00 
 1.15000000e+00  1.15000000e+00  1.15000000e+00  3.48595898e-05  1.15000000e+00  1.11000000e+00 
 1.16000000e+00  1.16000000e+00  1.16000000e+00  3.58629342e-05  1.16000000e+00  1.11000000e+00 
 1.17000000e+00  1.17000000e+00  1.17000000e+00  3.68745009e-05  1.17000000e+00  1.11000000e+00 
 1.18000000e+00  1.18000000e+00  1.18000000e+00  3.78940806e-05  1.18000000e+00  1.11000000e+00 
 1.19000000e+00  1.19000000e+00  1.19000000e+00  3.89214681e-05  1.19000000e+00  1.11000000e+00 
 1.20000000e+00  1.20000000e+00  1.20000000e+00  3.99564628e-05  1.20000000e+00  1.11000000e+00 
 1.21000000e+00  1.21000000e+00  1.21000000e+00  4.09988679e-05  1.21000000e+00  1.11000000e+00 
 1.22000000e+00  1.22000000e+00  1.22000000e+00  4.20484907e-05  1.22000000e+00  1.11000000e+00 
 1.23000000e+00  1.23000000e+00  1.23000000e+00  4.31051428e-05  1.23000000e+00  1.11000000e+00 
 1.24000000e+00  1.24000000e+00  1.24000000e+00  4.41686396e-05  1.24000000e+00  1.11000000e+00 
 1.25000000e+00  1.25000000e+00  1.25000000e+00  4.52388002e-05  1.25000000e+00  1.11000000e+00 
 1.26000000e+00  1.26000000e+00  1.26000000e+00  4.63154478e-05  1.26000000e+00  1.11000000e+00 
 1.27000000e+00  1.27000000e+00  1.27000000e+00  4.73984093e-05  1.27000000e+00  1.11000000e+00 
 1.28000000e+00  1.28000000e+00  1.28000000e+00  4.84875153e-05  1.28000000e+00  1.11000000e+00 
 1.29000000e+00  1.29000000e+00  1.29000000e+00  4.95826000e-05  1.29000000e+00  1.11000000e+00 
 1.30000000e+00  1.30000000e+00  1.30000000e+00  5.06835013e-05  1.30000000e+00  1.11000000e+00 
 1.31000000e+00  1.31000000e+00  1.31000000e+00  5.17900604e-05  1.31000000e+00  1.11000000e+00 
 1.32000000e+00  1.32000000e+00  1.32000000e+00  5.29021221e-05  1.32000000e+00  1.11000000e+00 
 1.33000000e+00  1.33000000e+00  1.33000000e+00  5.40195345e-05  1.33000000e+00  1.11000000e+00 
 1.34000000e+00  1.34000000e+00  1.34000000e+00  5.51421491e-05  1.34000000e+00  1.11000000e+00 
 1.35000000e+00  1.35000000e+00  1.35000000e+00  5.62698204e-05  1.35000000e+00  1.11000000e+00 
 1.36000000e+00  1.36000000e+00  1.36000000e+00  5.74024063e-05  1.36000000e+00  1.11000000e+00 
 1.37000000e+00  1.37000000e+00  1.37000000e+00  5.85397677e-05  1.37000000e+00  1.11000000e+00 
 1.38000000e+00  1.38000000e+00  1.38000000e+00  5.96817686e-05  1.38000000e+00  1.11000000e+00 
 1.39000000e+00  1.39000000e+00  1.39000000e+00  6.08282758e-05  1.39000000e+00  1.11000000e+00 
 1.40000000e+00  1.40000000e+00  1.40000000e+00  6.19791592e-05  1.40000000e+00  1.11000000e+00 
 1.41000000e+00  1.41000000e+00  1.41000000e+00  6.31342915e-05  1.41000000e+00  1.11000000e+00 
 1.42000000e+00  1.42000000e+00  1.42000000e+00  6.42935480e-05  1.42000000e+00  1.11000000e+00 
 1.43000000e+00  1.43000000e+00  1.43000000e+00  6.54568070e-05  1.43000000e+00  1.11000000e+00 
 1.44000000e+00  1.44000000e+00  1.44000000e+00  6.66239491e-05  1.44000000e+00  1.11000000e+00 
 1.45000000e+00  1.45000000e+00  1.45000000e+00  6.77948578e-05  1.45000000e+00  1.11000000e+00 
 1.46000000e+00  1.46000000e+00  1.46000000e+00  6.89694190e-05  1.46000000e+00  1.11000000e+00 
 1.47000000e+00  1.47000000e+00  1.47000000e+00  7.01475210e-05  1.47000000e+00  1.11000000e+00 
 1.48000000e+00  1.48000000e+00  1.48000000e+00  7.13290545e-05  1.48000000e+00  1.11000000e+00 
 1.49000000e+00  1.49000000e+00  1.49000000e+00  7.25139128e-05  1.49000000e+00  1.11000000e+00 
 1.50000000e+00  1.50000000e+00  1.50000000e+00  7.37019913e-05  1.50000000e+00  1.11000000e+00 
 1.51000000e+00  1.51000000e+00  1.51000000e+00  7.48931874e-05  1.51000000e+00  1.11000000e+00 
 1.52000000e+00  1.52000000e+00  1.52000000e+00  7.60874012e-05  1.52000000e+00  1.11000000e+00 
 1.53000000e+00  1.53000000e+00  1.53000000e+00  7.72845345e-05  1.53000000e+00  1.11000000e+00 
 1.54000000e+00  1.54000000e+00  1.54000000e+00  7.84844914e-05  1.54000000e+00  1.11000000e+00 
 1.55000000e+00  1.55000000e+00  1.55000000e+00  7.96871779e-05  1.55000000e+00  1.11000000e+00 
 1.56000000e+00  1.56000000e+00  1.56000000e+00  8.08925021e-05  1.56000000e+00  1.11000000e+00 
 1.57000000e+00  1.57000000e+00  1.57000000e+00  8.21003738e-05  1.57000000e+00  1.11000000e+00 
 1.58000000e+00  1.58000000e+00  1.58000000e+00  8.33107048e-05  1.58000000e+00  1.11000000e+00 
 1.59000000e+00  1.59000000e+00  1.59000000e+00  8.45234089e-05  1.59000000e+00  1.11000000e+00 
 1.60000000e+00  1.60000000e+00  1.60000000e+00  8.57384014e-05  1.60000000e+00  1.11000000e+00 
 1.61000000e+00  1.61000000e+00  1.61000000e+00  8.69555994e-05  1.61000000e+00  1.11000000e+00 
 1.62000000e+00  1.62000000e+00  1.62000000e+00  8.81749217e-05  1.62000000e+00  1.11000000e+00 
 1.63000000e+00  1.63000000e+00  1.63000000e+00  8.93962888e-05  1.63000000e+00  1.11000000e+00 
 1.64000000e+00  1.64000000e+00  1.64000000e+00  9.06196228e-05  1.64000000e+00  1.11000000e+00 
 1.65000000e+00  1.65000000e+00  1.65000000e+00  9.18448473e-05  1.65000000e+00  1.11000000e+00 
 1.66000000e+00  1.66000000e+00  1.66000000e+00  9.30718873e-05  1.66000000e+00  1.11000000e+00 
 1.67000000e+00  1.67000000e+00  1.67000000e+00  9.43006695e-05  1.67000000e+00  1.11000000e+00 
 1.68000000e+00  1.68000000e+00  1.68000000e+00  9.55311219e-05  1.68000000e+00  1.11000000e+00 
 1.69000000e+00  1.69000000e+00  1.69000000e+00  9.67631738e-05  1.69000000e+00  1.11000000e+00 
 1.70000000e+00  1.70000000e+00  1.70000000e+00  9.79967561e-05  1.70000000e+00  1.11000000e+00 
 1.71000000e+00  1.71000000e+00  1.71000000e+00  9.92318008e-05  1.71000000e+00  1.11000000e+00 
 1.72000000e+00  1.72000000e+00  1.72000000e+00  1.00468241e-04  1.72000000e+00  1.11000000e+00 
 1.73000000e+00  1.73000000e+00  1.73000000e+00  1.01706012e-04  1.73000000e+00  1.11000000e+00 
 1.74000000e+00  1.74000000e+00  1.74000000e+00  1.02945049e-04  1.74000000e+00  1.11000000e+00 
 1.75000000e+00  1.75000000e+00  1.75000000e+00  1.04185290e-04  1.75000000e+00  1.11000000e+00 
 1.76000000e+00  1.76000000e+00  1.76000000e+00  1.05426671e-04  1.76000000e+00  1.11000000e+00 
 1.77000000e+00  1.77000000e+00  1.77000000e+00  1.06669134e-04  1.77000000e+00  1.11000000e+00 
 1.78000000e+00  1.78000000e+00  1.78000000e+00  1.07912617e-04  1.78000000e+00  1.11000000e+00 
 1.79000000e+00  1.79000000e+00  1.79000000e+00  1.09157062e-04  1.79000000e+00  1.11000000e+00 
 1.80000000e+00  1.80000000e+00  1.80000000e+00  1.10402413e-04  1.80000000e+00  1.11000000e+00 
 1.81000000e+00  1.81000000e+00  1.81000000e+00  1.11648611e-04  1.81000000e+00  1.11000000e+00 
 1.82000000e+00  1.82000000e+00  1.82000000e+00  1.12895602e-04  1.82000000e+00  1.11000000e+00 
 1.83000000e+00  1.83000000e+00  1.83000000e+00  1.14143330e-04  1.83000000e+00  1.11000000e+00 
 1.84000000e+00  1.84000000e+00  1.84000000e+00  1.15391742e-04  1.84000000e+00  1.11000000e+00 
 1.85000000e+00  1.85000000e+00  1.85000000e+00  1.16640785e-04  1.85000000e+00  1.11000000e+00 
