 0.00000000e+00  0.00000000e+00  0.00000000e+00  5.83290349e-28  0.00000000e+00  1.85000000e+00 
 1.00000000e-02  1.00000000e-02  1.00000000e-02  1.49953372e-27  1.00000000e-02  1.85000000e+00 
 2.00000000e-02  2.00000000e-02  2.00000000e-02  3.85520466e-27  2.00000000e-02  1.85000000e+00 
 3.00000000e-02  3.00000000e-02  3.00000000e-02  9.91111837e-27  3.00000000e-02  1.85000000e+00 
 4.00000000e-02  4.00000000e-02  4.00000000e-02  2.54809507e-26  4.00000000e-02  1.85000000e+00 
 5.00000000e-02  5.00000000e-02  5.00000000e-02  6.55097038e-26  5.00000000e-02  1.85000000e+00 
 6.00000000e-02  6.00000000e-02  6.00000000e-02  1.68419627e-25  6.00000000e-02  1.85000000e+00 
 7.00000000e-02  7.00000000e-02  7.00000000e-02  4.32991447e-25  7.00000000e-02  1.85000000e+00 
 8.00000000e-02  8.00000000e-02  8.00000000e-02  1.11318687e-24  8.00000000e-02  1.85000000e+00 
 9.00000000e-02  9.00000000e-02  9.00000000e-02  2.86191333e-24  9.00000000e-02  1.85000000e+00 
 1.00000000e-01  1.00000000e-01  1.00000000e-01  7.35775276e-24  1.00000000e-01  1.85000000e+00 
 1.10000000e-01  1.10000000e-01  1.10000000e-01  1.89161856e-23  1.10000000e-01  1.85000000e+00 
 1.20000000e-01  1.20000000e-01  1.20000000e-01  4.86319423e-23  1.20000000e-01  1.85000000e+00 
 1.30000000e-01  1.30000000e-01  1.30000000e-01  1.25028731e-22  1.30000000e-01  1.85000000e+00 
 1.40000000e-01  1.40000000e-01  1.40000000e-01  3.21438546e-22  1.40000000e-01  1.85000000e+00 
 1.50000000e-01  1.50000000e-01  1.50000000e-01  8.26391342e-22  1.50000000e-01  1.85000000e+00 
 1.60000000e-01  1.60000000e-01  1.60000000e-01  2.12458087e-21  1.60000000e-01  1.85000000e+00 
 1.70000000e-01  1.70000000e-01  1.70000000e-01  5.46210761e-21  1.70000000e-01  1.85000000e+00 
 1.80000000e-01  1.80000000e-01  1.80000000e-01  1.40425622e-20  1.80000000e-01  1.85000000e+00 
 1.90000000e-01  1.90000000e-01  1.90000000e-01  3.61019871e-20  1.90000000e-01  1.85000000e+00 
 2.00000000e-01  2.00000000e-01  2.00000000e-01  9.28140349e-20  2.00000000e-01  1.85000000e+00 
 2.10000000e-01  2.10000000e-01  2.10000000e-01  2.38612214e-19  2.10000000e-01  1.85000000e+00 
 2.20000000e-01  2.20000000e-01  2.20000000e-01  6.13431440e-19  2.20000000e-01  1.85000000e+00 
 2.30000000e-01  2.30000000e-01  2.30000000e-01  1.57699502e-18  2.30000000e-01  1.85000000e+00 
 2.40000000e-01  2.40000000e-01  2.40000000e-01  4.05396572e-18  2.40000000e-01  1.85000000e+00 
 2.50000000e-01  2.50000000e-01  2.50000000e-01  1.04209308e-17  2.50000000e-01  1.85000000e+00 
 2.60000000e-01  2.60000000e-01  2.60000000e-01  2.67852430e-17  2.60000000e-01  1.85000000e+00 
 2.70000000e-01  2.70000000e-01  2.70000000e-01  6.88374522e-17  2.70000000e-01  1.85000000e+00 
 2.80000000e-01  2.80000000e-01  2.80000000e-01  1.76871577e-16  2.80000000e-01  1.85000000e+00 
 2.90000000e-01  2.90000000e-01  2.90000000e-01  4.54294701e-16  2.90000000e-01  1.85000000e+00 
 3.00000000e-01  3.00000000e-01  3.00000000e-01  1.16619572e-15  3.00000000e-01  1.85000000e+00 
 3.10000000e-01  3.10000000e-01  3.10000000e-01  2.99097145e-15  3.10000000e-01  1.85000000e+00 
 3.20000000e-01  3.20000000e-01  3.20000000e-01  7.65995541e-15  3.20000000e-01  1.85000000e+00 
 3.30000000e-01  3.30000000e-01  3.30000000e-01  1.95723632e-14  3.30000000e-01  1.85000000e+00 
 3.40000000e-01  3.40000000e-01  3.40000000e-01  4.98290238e-14  3.40000000e-01  1.85000000e+00 
 3.50000000e-01  3.50000000e-01  3.50000000e-01  1.26137167e-13  3.50000000e-01  1.85000000e+00 
 3.60000000e-01  3.60000000e-01  3.60000000e-01  3.16487944e-13  3.60000000e-01  1.85000000e+00 
 3.70000000e-01  3.70000000e-01  3.70000000e-01  7.83448478e-13  3.70000000e-01  1.85000000e+00 
 3.80000000e-01  3.80000000e-01  3.80000000e-01  1.90099009e-12  3.80000000e-01  1.85000000e+00 
 3.90000000e-01  3.90000000e-01  3.90000000e-01  4.48331362e-12  3.90000000e-01  1.85000000e+00 
 4.00000000e-01  4.00000000e-01  4.00000000e-01  1.01773858e-11  4.00000000e-01  1.85000000e+00 
 4.10000000e-01  4.10000000e-01  4.10000000e-01  2.20313898e-11  4.10000000e-01  1.85000000e+00 
 4.20000000e-01  4.20000000e-01  4.20000000e-01  4.51928539e-11  4.20000000e-01  1.85000000e+00 
 4.30000000e-01  4.30000000e-01  4.30000000e-01  8.77504522e-11  4.30000000e-01  1.85000000e+00 
 4.40000000e-01  4.40000000e-01  4.40000000e-01  1.62020411e-10  4.40000000e-01  1.85000000e+00 
 4.50000000e-01  4.50000000e-01  4.50000000e-01  2.86905005e-10  4.50000000e-01  1.85000000e+00 
 4.60000000e-01  4.60000000e-01  4.60000000e-01  4.92078888e-10  4.60000000e-01  1.85000000e+00 
 4.70000000e-01  4.70000000e-01  4.70000000e-01  8.24884166e-10  4.70000000e-01  1.85000000e+00 
 4.80000000e-01  4.80000000e-01  4.80000000e-01  1.36131263e-09  4.80000000e-01  1.85000000e+00 
 4.90000000e-01  4.90000000e-01  4.90000000e-01  2.22344699e-09  4.90000000e-01  1.85000000e+00 
 5.00000000e-01  5.00000000e-01  5.00000000e-01  3.60724986e-09  5.00000000e-01  1.85000000e+00 
 5.10000000e-01  5.10000000e-01  5.10000000e-01  5.82677735e-09  5.10000000e-01  1.85000000e+00 
 5.20000000e-01  5.20000000e-01  5.20000000e-01  9.38381032e-09  5.20000000e-01  1.85000000e+00 
 5.30000000e-01  5.30000000e-01  5.30000000e-01  1.50746872e-08  5.30000000e-01  1.85000000e+00 
 5.40000000e-01  5.40000000e-01  5.40000000e-01  2.41449136e-08  5.40000000e-01  1.85000000e+00 
 5.50000000e-01  5.50000000e-01  5.50000000e-01  3.84863224e-08  5.50000000e-01  1.85000000e+00 
 5.60000000e-01  5.60000000e-01  5.60000000e-01  6.08240231e-08  5.60000000e-01  1.85000000e+00 
 5.70000000e-01  5.70000000e-01  5.70000000e-01  9.47609314e-08  5.70000000e-01  1.85000000e+00 
 5.80000000e-01  5.80000000e-01  5.80000000e-01  1.44508251e-07  5.80000000e-01  1.85000000e+00 
 5.90000000e-01  5.90000000e-01  5.90000000e-01  2.14263335e-07  5.90000000e-01  1.85000000e+00 
 6.00000000e-01  6.00000000e-01  6.00000000e-01  3.07481324e-07  6.00000000e-01  1.85000000e+00 
 6.10000000e-01  6.10000000e-01  6.10000000e-01  4.26420920e-07  6.10000000e-01  1.85000000e+00 
 6.20000000e-01  6.20000000e-01  6.20000000e-01  5.72135162e-07  6.20000000e-01  1.85000000e+00 
 6.30000000e-01  6.30000000e-01  6.30000000e-01  7.44771912e-07  6.30000000e-01  1.85000000e+00 
 6.40000000e-01  6.40000000e-01  6.40000000e-01  9.43946873e-07  6.40000000e-01  1.85000000e+00 
 6.50000000e-01  6.50000000e-01  6.50000000e-01  1.16903879e-06  6.50000000e-01  1.85000000e+00 
 6.60000000e-01  6.60000000e-01  6.60000000e-01  1.41937000e-06  6.60000000e-01  1.85000000e+00 
 6.70000000e-01  6.70000000e-01  6.70000000e-01  1.69429515e-06  6.70000000e-01  1.85000000e+00 
 6.80000000e-01  6.80000000e-01  6.80000000e-01  1.99323309e-06  6.80000000e-01  1.85000000e+00 
 6.90000000e-01  6.90000000e-01  6.90000000e-01  2.31566959e-06  6.90000000e-01  1.85000000e+00 
 7.00000000e-01  7.00000000e-01  7.00000000e-01  2.66114784e-06  7.00000000e-01  1.85000000e+00 
 7.10000000e-01  7.10000000e-01  7.10000000e-01  3.02925563e-06  7.10000000e-01  1.85000000e+00 
 7.20000000e-01  7.20000000e-01  7.20000000e-01  3.41961318e-06  7.20000000e-01  1.85000000e+00 
 7.30000000e-01  7.30000000e-01  7.30000000e-01  3.83186316e-06  7.30000000e-01  1.85000000e+00 
 7.40000000e-01  7.40000000e-01  7.40000000e-01  4.26566311e-06  7.40000000e-01  1.85000000e+00 
 7.50000000e-01  7.50000000e-01  7.50000000e-01  4.72067996e-06  7.50000000e-01  1.85000000e+00 
 7.60000000e-01  7.60000000e-01  7.60000000e-01  5.19658618e-06  7.60000000e-01  1.85000000e+00 
 7.70000000e-01  7.70000000e-01  7.70000000e-01  5.69305733e-06  7.70000000e-01  1.85000000e+00 
 7.80000000e-01  7.80000000e-01  7.80000000e-01  6.20977038e-06  7.80000000e-01  1.85000000e+00 
 7.90000000e-01  7.90000000e-01  7.90000000e-01  6.74640283e-06  7.90000000e-01  1.85000000e+00 
 8.00000000e-01  8.00000000e-01  8.00000000e-01  7.30263220e-06  8.00000000e-01  1.85000000e+00 
 8.10000000e-01  8.10000000e-01  8.10000000e-01  7.87813581e-06  8.10000000e-01  1.85000000e+00 
 8.20000000e-01  8.20000000e-01  8.20000000e-01  8.47259083e-06  8.20000000e-01  1.85000000e+00 
 8.30000000e-01  8.30000000e-01  8.30000000e-01  9.08567440e-06  8.30000000e-01  1.85000000e+00 
 8.40000000e-01  8.40000000e-01  8.40000000e-01  9.71706384e-06  8.40000000e-01  1.85000000e+00 
 8.50000000e-01  8.50000000e-01  8.50000000e-01  1.03664369e-05  8.50000000e-01  1.85000000e+00 
 8.60000000e-01  8.60000000e-01  8.60000000e-01  1.10334722e-05  8.60000000e-01  1.85000000e+00 
 8.70000000e-01  8.70000000e-01  8.70000000e-01  1.17178492e-05  8.70000000e-01  1.85000000e+00 
 8.80000000e-01  8.80000000e-01  8.80000000e-01  1.24192489e-05  8.80000000e-01  1.85000000e+00 
 8.90000000e-01  8.90000000e-01  8.90000000e-01  1.31373536e-05  8.90000000e-01  1.85000000e+00 
 9.00000000e-01  9.00000000e-01  9.00000000e-01  1.38718478e-05  9.00000000e-01  1.85000000e+00 
 9.10000000e-01  9.10000000e-01  9.10000000e-01  1.46224181e-05  9.10000000e-01  1.85000000e+00 
 9.20000000e-01  9.20000000e-01  9.20000000e-01  1.53887531e-05  9.20000000e-01  1.85000000e+00 
 9.30000000e-01  9.30000000e-01  9.30000000e-01  1.61705446e-05  9.30000000e-01  1.85000000e+00 
 9.40000000e-01  9.40000000e-01  9.40000000e-01  1.69674868e-05  9.40000000e-01  1.85000000e+00 
 9.50000000e-01  9.50000000e-01  9.50000000e-01  1.77792769e-05  9.50000000e-01  1.85000000e+00 
 9.60000000e-01  9.60000000e-01  9.60000000e-01  1.86056156e-05  9.60000000e-01  1.85000000e+00 
 9.70000000e-01  9.70000000e-01  9.70000000e-01  1.94462063e-05  9.70000000e-01  1.85000000e+00 
 9.80000000e-01  9.80000000e-01  9.80000000e-01  2.03007564e-05  9.80000000e-01  1.85000000e+00 
 9.90000000e-01  9.90000000e-01  9.90000000e-01  2.11689768e-05  9.90000000e-01  1.85000000e+00 
 1.00000000e+00  1.00000000e+00  1.00000000e+00  2.20505822e-05  1.00000000e+00  1.85000000e+00 
 1.01000000e+00  1.01000000e+00  1.01000000e+00  2.29452912e-05  1.01000000e+00  1.85000000e+00 
 1.02000000e+00  1.02000000e+00  1.02000000e+00  2.38528261e-05  1.02000000e+00  1.85000000e+00 
 1.03000000e+00  1.03000000e+00  1.03000000e+00  2.47729137e-05  1.03000000e+00  1.85000000e+00 
 1.04000000e+00  1.04000000e+00  1.04000000e+00  2.57052843e-05  1.04000000e+00  1.85000000e+00 
 1.05000000e+00  1.05000000e+00  1.05000000e+00  2.66496729e-05  1.05000000e+00  1.85000000e+00 
 1.06000000e+00  1.06000000e+00  1.06000000e+00  2.76058183e-05  1.06000000e+00  1.85000000e+00 
 1.07000000e+00  1.07000000e+00  1.07000000e+00  2.85734637e-05  1.07000000e+00  1.85000000e+00 
 1.08000000e+00  1.08000000e+00  1.08000000e+00  2.95523567e-05  1.08000000e+00  1.85000000e+00 
 1.09000000e+00  1.09000000e+00  1.09000000e+00  3.05422489e-05  1.09000000e+00  1.85000000e+00 
 1.10000000e+00  1.10000000e+00  1.10000000e+00  3.15428965e-05  1.10000000e+00  1.85000000e+00 
 1.11000000e+00  1.11000000e+00  1.11000000e+00  3.25540598e-05  1.11000000e+00  1.85000000e+00 
 1.12000000e+00  1.12000000e+00  1.12000000e+00  3.35755035e-05  1.12000000e+00  1.85000000e+00 
 1.13000000e+00  1.13000000e+00  1.13000000e+00  3.46069966e-05  1.13000000e+00  1.85000000e+00 
 1.14000000e+00  1.14000000e+00  1.14000000e+00  3.56483125e-05  1.14000000e+00  1.85000000e+00 
 1.15000000e+00  1.15000000e+00  1.15000000e+00  3.66992286e-05  1.15000000e+00  1.85000000e+00 
 1.16000000e+00  1.16000000e+00  1.16000000e+00  3.77595269e-05  1.16000000e+00  1.85000000e+00 
 1.17000000e+00  1.17000000e+00  1.17000000e+00  3.88289934e-05  1.17000000e+00  1.85000000e+00 
 1.18000000e+00  1.18000000e+00  1.18000000e+00  3.99074185e-05  1.18000000e+00  1.85000000e+00 
 1.19000000e+00  1.19000000e+00  1.19000000e+00  4.09945964e-05  1.19000000e+00  1.85000000e+00 
 1.20000000e+00  1.20000000e+00  1.20000000e+00  4.20903259e-05  1.20000000e+00  1.85000000e+00 
 1.21000000e+00  1.21000000e+00  1.21000000e+00  4.31944095e-05  1.21000000e+00  1.85000000e+00 
 1.22000000e+00  1.22000000e+00  1.22000000e+00  4.43066540e-05  1.22000000e+00  1.85000000e+00 
 1.23000000e+00  1.23000000e+00  1.23000000e+00  4.54268701e-05  1.23000000e+00  1.85000000e+00 
 1.24000000e+00  1.24000000e+00  1.24000000e+00  4.65548723e-05  1.24000000e+00  1.85000000e+00 
 1.25000000e+00  1.25000000e+00  1.25000000e+00  4.76904794e-05  1.25000000e+00  1.85000000e+00 
 1.26000000e+00  1.26000000e+00  1.26000000e+00  4.88335136e-05  1.26000000e+00  1.85000000e+00 
 1.27000000e+00  1.27000000e+00  1.27000000e+00  4.99838011e-05  1.27000000e+00  1.85000000e+00 
 1.28000000e+00  1.28000000e+00  1.28000000e+00  5.11411718e-05  1.28000000e+00  1.85000000e+00 
 1.29000000e+00  1.29000000e+00  1.29000000e+00  5.23054594e-05  1.29000000e+00  1.85000000e+00 
 1.30000000e+00  1.30000000e+00  1.30000000e+00  5.34765010e-05  1.30000000e+00  1.85000000e+00 
 1.31000000e+00  1.31000000e+00  1.31000000e+00  5.46541374e-05  1.31000000e+00  1.85000000e+00 
 1.32000000e+00  1.32000000e+00  1.32000000e+00  5.58382129e-05  1.32000000e+00  1.85000000e+00 
 1.33000000e+00  1.33000000e+00  1.33000000e+00  5.70285752e-05  1.33000000e+00  1.85000000e+00 
 1.34000000e+00  1.34000000e+00  1.34000000e+00  5.82250753e-05  1.34000000e+00  1.85000000e+00 
 1.35000000e+00  1.35000000e+00  1.35000000e+00  5.94275678e-05  1.35000000e+00  1.85000000e+00 
 1.36000000e+00  1.36000000e+00  1.36000000e+00  6.06359102e-05  1.36000000e+00  1.85000000e+00 
 1.37000000e+00  1.37000000e+00  1.37000000e+00  6.18499634e-05  1.37000000e+00  1.85000000e+00 
 1.38000000e+00  1.38000000e+00  1.38000000e+00  6.30695916e-05  1.38000000e+00  1.85000000e+00 
 1.39000000e+00  1.39000000e+00  1.39000000e+00  6.42946617e-05  1.39000000e+00  1.85000000e+00 
 1.40000000e+00  1.40000000e+00  1.40000000e+00  6.55250438e-05  1.40000000e+00  1.85000000e+00 
 1.41000000e+00  1.41000000e+00  1.41000000e+00  6.67606112e-05  1.41000000e+00  1.85000000e+00 
 1.42000000e+00  1.42000000e+00  1.42000000e+00  6.80012396e-05  1.42000000e+00  1.85000000e+00 
 1.43000000e+00  1.43000000e+00  1.43000000e+00  6.92468080e-05  1.43000000e+00  1.85000000e+00 
 1.44000000e+00  1.44000000e+00  1.44000000e+00  7.04971979e-05  1.44000000e+00  1.85000000e+00 
 1.45000000e+00  1.45000000e+00  1.45000000e+00  7.17522938e-05  1.45000000e+00  1.85000000e+00 
 1.46000000e+00  1.46000000e+00  1.46000000e+00  7.30119825e-05  1.46000000e+00  1.85000000e+00 
 1.47000000e+00  1.47000000e+00  1.47000000e+00  7.42761536e-05  1.47000000e+00  1.85000000e+00 
 1.48000000e+00  1.48000000e+00  1.48000000e+00  7.55446995e-05  1.48000000e+00  1.85000000e+00 
 1.49000000e+00  1.49000000e+00  1.49000000e+00  7.68175146e-05  1.49000000e+00  1.85000000e+00 
 1.50000000e+00  1.50000000e+00  1.50000000e+00  7.80944962e-05  1.50000000e+00  1.85000000e+00 
 1.51000000e+00  1.51000000e+00  1.51000000e+00  7.93755437e-05  1.51000000e+00  1.85000000e+00 
 1.52000000e+00  1.52000000e+00  1.52000000e+00  8.06605590e-05  1.52000000e+00  1.85000000e+00 
 1.53000000e+00  1.53000000e+00  1.53000000e+00  8.19494463e-05  1.53000000e+00  1.85000000e+00 
 1.54000000e+00  1.54000000e+00  1.54000000e+00  8.32421119e-05  1.54000000e+00  1.85000000e+00 
 1.55000000e+00  1.55000000e+00  1.55000000e+00  8.45384643e-05  1.55000000e+00  1.85000000e+00 
 1.56000000e+00  1.56000000e+00  1.56000000e+00  8.58384144e-05  1.56000000e+00  1.85000000e+00 
 1.57000000e+00  1.57000000e+00  1.57000000e+00  8.71418749e-05  1.57000000e+00  1.85000000e+00 
 1.58000000e+00  1.58000000e+00  1.58000000e+00  8.84487606e-05  1.58000000e+00  1.85000000e+00 
 1.59000000e+00  1.59000000e+00  1.59000000e+00  8.97589884e-05  1.59000000e+00  1.85000000e+00 
 1.60000000e+00  1.60000000e+00  1.60000000e+00  9.10724771e-05  1.60000000e+00  1.85000000e+00 
 1.61000000e+00  1.61000000e+00  1.61000000e+00  9.23891473e-05  1.61000000e+00  1.85000000e+00 
 1.62000000e+00  1.62000000e+00  1.62000000e+00  9.37089218e-05  1.62000000e+00  1.85000000e+00 
 1.63000000e+00  1.63000000e+00  1.63000000e+00  9.50317247e-05  1.63000000e+00  1.85000000e+00 
 1.64000000e+00  1.64000000e+00  1.64000000e+00  9.63574823e-05  1.64000000e+00  1.85000000e+00 
 1.65000000e+00  1.65000000e+00  1.65000000e+00  9.76861225e-05  1.65000000e+00  1.85000000e+00 
 1.66000000e+00  1.66000000e+00  1.66000000e+00  9.90175748e-05  1.66000000e+00  1.85000000e+00 
 1.67000000e+00  1.67000000e+00  1.67000000e+00  1.00351770e-04  1.67000000e+00  1.85000000e+00 
 1.68000000e+00  1.68000000e+00  1.68000000e+00  1.01688642e-04  1.68000000e+00  1.85000000e+00 
 1.69000000e+00  1.69000000e+00  1.69000000e+00  1.03028125e-04  1.69000000e+00  1.85000000e+00 
 1.70000000e+00  1.70000000e+00  1.70000000e+00  1.04370154e-04  1.70000000e+00  1.85000000e+00 
 1.71000000e+00  1.71000000e+00  1.71000000e+00  1.05714668e-04  1.71000000e+00  1.85000000e+00 
 1.72000000e+00  1.72000000e+00  1.72000000e+00  1.07061604e-04  1.72000000e+00  1.85000000e+00 
 1.73000000e+00  1.73000000e+00  1.73000000e+00  1.08410904e-04  1.73000000e+00  1.85000000e+00 
 1.74000000e+00  1.74000000e+00  1.74000000e+00  1.09762510e-04  1.74000000e+00  1.85000000e+00 
 1.75000000e+00  1.75000000e+00  1.75000000e+00  1.11116363e-04  1.75000000e+00  1.85000000e+00 
 1.76000000e+00  1.76000000e+00  1.76000000e+00  1.12472410e-04  1.76000000e+00  1.85000000e+00 
 1.77000000e+00  1.77000000e+00  1.77000000e+00  1.13830595e-04  1.77000000e+00  1.85000000e+00 
 1.78000000e+00  1.78000000e+00  1.78000000e+00  1.15190865e-04  1.78000000e+00  1.85000000e+00 
 1.79000000e+00  1.79000000e+00  1.79000000e+00  1.16553170e-04  1.79000000e+00  1.85000000e+00 
 1.80000000e+00  1.80000000e+00  1.80000000e+00  1.17917458e-04  1.80000000e+00  1.85000000e+00 
 1.81000000e+00  1.81000000e+00  1.81000000e+00  1.19283680e-04  1.81000000e+00  1.85000000e+00 
 1.82000000e+00  1.82000000e+00  1.82000000e+00  1.20651788e-04  1.82000000e+00  1.85000000e+00 
 1.83000000e+00  1.83000000e+00  1.83000000e+00  1.22021735e-04  1.83000000e+00  1.85000000e+00 
 1.84000000e+00  1.84000000e+00  1.84000000e+00  1.23393475e-04  1.84000000e+00  1.85000000e+00 
 1.85000000e+00  1.85000000e+00  1.85000000e+00  1.24766962e-04  1.85000000e+00  1.85000000e+00 
