 0.00000000e+00 -1.85000000e+00  0.00000000e+00 -0.00000000e+00  0.00000000e+00  0.00000000e+00 
-1.00000000e-02 -1.85000000e+00 -1.00000000e-02 -8.62563913e-06 -1.00000000e-02 -1.00000000e-02 
-2.00000000e-02 -1.85000000e+00 -2.00000000e-02 -1.71430637e-05 -2.00000000e-02 -2.00000000e-02 
-3.00000000e-02 -1.85000000e+00 -3.00000000e-02 -2.55523909e-05 -3.00000000e-02 -3.00000000e-02 
-4.00000000e-02 -1.85000000e+00 -4.00000000e-02 -3.38537429e-05 -4.00000000e-02 -4.00000000e-02 
-5.00000000e-02 -1.85000000e+00 -5.00000000e-02 -4.20472475e-05 -5.00000000e-02 -5.00000000e-02 
-6.00000000e-02 -1.85000000e+00 -6.00000000e-02 -5.01330379e-05 -6.00000000e-02 -6.00000000e-02 
-7.00000000e-02 -1.85000000e+00 -7.00000000e-02 -5.81112535e-05 -7.00000000e-02 -7.00000000e-02 
-8.00000000e-02 -1.85000000e+00 -8.00000000e-02 -6.59820400e-05 -8.00000000e-02 -8.00000000e-02 
-9.00000000e-02 -1.85000000e+00 -9.00000000e-02 -7.37455496e-05 -9.00000000e-02 -9.00000000e-02 
-1.00000000e-01 -1.85000000e+00 -1.00000000e-01 -8.14019414e-05 -1.00000000e-01 -1.00000000e-01 
-1.10000000e-01 -1.85000000e+00 -1.10000000e-01 -8.89513818e-05 -1.10000000e-01 -1.10000000e-01 
-1.20000000e-01 -1.85000000e+00 -1.20000000e-01 -9.63940449e-05 -1.20000000e-01 -1.20000000e-01 
-1.30000000e-01 -1.85000000e+00 -1.30000000e-01 -1.03730113e-04 -1.30000000e-01 -1.30000000e-01 
-1.40000000e-01 -1.85000000e+00 -1.40000000e-01 -1.10959776e-04 -1.40000000e-01 -1.40000000e-01 
-1.50000000e-01 -1.85000000e+00 -1.50000000e-01 -1.18083234e-04 -1.50000000e-01 -1.50000000e-01 
-1.60000000e-01 -1.85000000e+00 -1.60000000e-01 -1.25100695e-04 -1.60000000e-01 -1.60000000e-01 
-1.70000000e-01 -1.85000000e+00 -1.70000000e-01 -1.32012378e-04 -1.70000000e-01 -1.70000000e-01 
-1.80000000e-01 -1.85000000e+00 -1.80000000e-01 -1.38818512e-04 -1.80000000e-01 -1.80000000e-01 
-1.90000000e-01 -1.85000000e+00 -1.90000000e-01 -1.45519336e-04 -1.90000000e-01 -1.90000000e-01 
-2.00000000e-01 -1.85000000e+00 -2.00000000e-01 -1.52115101e-04 -2.00000000e-01 -2.00000000e-01 
-2.10000000e-01 -1.85000000e+00 -2.10000000e-01 -1.58606071e-04 -2.10000000e-01 -2.10000000e-01 
-2.20000000e-01 -1.85000000e+00 -2.20000000e-01 -1.64992519e-04 -2.20000000e-01 -2.20000000e-01 
-2.30000000e-01 -1.85000000e+00 -2.30000000e-01 -1.71274736e-04 -2.30000000e-01 -2.30000000e-01 
-2.40000000e-01 -1.85000000e+00 -2.40000000e-01 -1.77453022e-04 -2.40000000e-01 -2.40000000e-01 
-2.50000000e-01 -1.85000000e+00 -2.50000000e-01 -1.83527696e-04 -2.50000000e-01 -2.50000000e-01 
-2.60000000e-01 -1.85000000e+00 -2.60000000e-01 -1.89499088e-04 -2.60000000e-01 -2.60000000e-01 
-2.70000000e-01 -1.85000000e+00 -2.70000000e-01 -1.95367546e-04 -2.70000000e-01 -2.70000000e-01 
-2.80000000e-01 -1.85000000e+00 -2.80000000e-01 -2.01133436e-04 -2.80000000e-01 -2.80000000e-01 
-2.90000000e-01 -1.85000000e+00 -2.90000000e-01 -2.06797139e-04 -2.90000000e-01 -2.90000000e-01 
-3.00000000e-01 -1.85000000e+00 -3.00000000e-01 -2.12359056e-04 -3.00000000e-01 -3.00000000e-01 
-3.10000000e-01 -1.85000000e+00 -3.10000000e-01 -2.17819605e-04 -3.10000000e-01 -3.10000000e-01 
-3.20000000e-01 -1.85000000e+00 -3.20000000e-01 -2.23179227e-04 -3.20000000e-01 -3.20000000e-01 
-3.30000000e-01 -1.85000000e+00 -3.30000000e-01 -2.28438382e-04 -3.30000000e-01 -3.30000000e-01 
-3.40000000e-01 -1.85000000e+00 -3.40000000e-01 -2.33597553e-04 -3.40000000e-01 -3.40000000e-01 
-3.50000000e-01 -1.85000000e+00 -3.50000000e-01 -2.38657245e-04 -3.50000000e-01 -3.50000000e-01 
-3.60000000e-01 -1.85000000e+00 -3.60000000e-01 -2.43617987e-04 -3.60000000e-01 -3.60000000e-01 
-3.70000000e-01 -1.85000000e+00 -3.70000000e-01 -2.48480334e-04 -3.70000000e-01 -3.70000000e-01 
-3.80000000e-01 -1.85000000e+00 -3.80000000e-01 -2.53244866e-04 -3.80000000e-01 -3.80000000e-01 
-3.90000000e-01 -1.85000000e+00 -3.90000000e-01 -2.57912189e-04 -3.90000000e-01 -3.90000000e-01 
-4.00000000e-01 -1.85000000e+00 -4.00000000e-01 -2.62482939e-04 -4.00000000e-01 -4.00000000e-01 
-4.10000000e-01 -1.85000000e+00 -4.10000000e-01 -2.66957781e-04 -4.10000000e-01 -4.10000000e-01 
-4.20000000e-01 -1.85000000e+00 -4.20000000e-01 -2.71337408e-04 -4.20000000e-01 -4.20000000e-01 
-4.30000000e-01 -1.85000000e+00 -4.30000000e-01 -2.75622545e-04 -4.30000000e-01 -4.30000000e-01 
-4.40000000e-01 -1.85000000e+00 -4.40000000e-01 -2.79813952e-04 -4.40000000e-01 -4.40000000e-01 
-4.50000000e-01 -1.85000000e+00 -4.50000000e-01 -2.83912418e-04 -4.50000000e-01 -4.50000000e-01 
-4.60000000e-01 -1.85000000e+00 -4.60000000e-01 -2.87918770e-04 -4.60000000e-01 -4.60000000e-01 
-4.70000000e-01 -1.85000000e+00 -4.70000000e-01 -2.91833867e-04 -4.70000000e-01 -4.70000000e-01 
-4.80000000e-01 -1.85000000e+00 -4.80000000e-01 -2.95658607e-04 -4.80000000e-01 -4.80000000e-01 
-4.90000000e-01 -1.85000000e+00 -4.90000000e-01 -2.99393922e-04 -4.90000000e-01 -4.90000000e-01 
-5.00000000e-01 -1.85000000e+00 -5.00000000e-01 -3.03040785e-04 -5.00000000e-01 -5.00000000e-01 
-5.10000000e-01 -1.85000000e+00 -5.10000000e-01 -3.06600204e-04 -5.10000000e-01 -5.10000000e-01 
-5.20000000e-01 -1.85000000e+00 -5.20000000e-01 -3.10073228e-04 -5.20000000e-01 -5.20000000e-01 
-5.30000000e-01 -1.85000000e+00 -5.30000000e-01 -3.13460946e-04 -5.30000000e-01 -5.30000000e-01 
-5.40000000e-01 -1.85000000e+00 -5.40000000e-01 -3.16764485e-04 -5.40000000e-01 -5.40000000e-01 
-5.50000000e-01 -1.85000000e+00 -5.50000000e-01 -3.19985013e-04 -5.50000000e-01 -5.50000000e-01 
-5.60000000e-01 -1.85000000e+00 -5.60000000e-01 -3.23123738e-04 -5.60000000e-01 -5.60000000e-01 
-5.70000000e-01 -1.85000000e+00 -5.70000000e-01 -3.26181908e-04 -5.70000000e-01 -5.70000000e-01 
-5.80000000e-01 -1.85000000e+00 -5.80000000e-01 -3.29160810e-04 -5.80000000e-01 -5.80000000e-01 
-5.90000000e-01 -1.85000000e+00 -5.90000000e-01 -3.32061771e-04 -5.90000000e-01 -5.90000000e-01 
-6.00000000e-01 -1.85000000e+00 -6.00000000e-01 -3.34886158e-04 -6.00000000e-01 -6.00000000e-01 
-6.10000000e-01 -1.85000000e+00 -6.10000000e-01 -3.37635371e-04 -6.10000000e-01 -6.10000000e-01 
-6.20000000e-01 -1.85000000e+00 -6.20000000e-01 -3.40310852e-04 -6.20000000e-01 -6.20000000e-01 
-6.30000000e-01 -1.85000000e+00 -6.30000000e-01 -3.42914074e-04 -6.30000000e-01 -6.30000000e-01 
-6.40000000e-01 -1.85000000e+00 -6.40000000e-01 -3.45446546e-04 -6.40000000e-01 -6.40000000e-01 
-6.50000000e-01 -1.85000000e+00 -6.50000000e-01 -3.47909808e-04 -6.50000000e-01 -6.50000000e-01 
-6.60000000e-01 -1.85000000e+00 -6.60000000e-01 -3.50305430e-04 -6.60000000e-01 -6.60000000e-01 
-6.70000000e-01 -1.85000000e+00 -6.70000000e-01 -3.52635008e-04 -6.70000000e-01 -6.70000000e-01 
-6.80000000e-01 -1.85000000e+00 -6.80000000e-01 -3.54900166e-04 -6.80000000e-01 -6.80000000e-01 
-6.90000000e-01 -1.85000000e+00 -6.90000000e-01 -3.57102547e-04 -6.90000000e-01 -6.90000000e-01 
-7.00000000e-01 -1.85000000e+00 -7.00000000e-01 -3.59243817e-04 -7.00000000e-01 -7.00000000e-01 
-7.10000000e-01 -1.85000000e+00 -7.10000000e-01 -3.61325655e-04 -7.10000000e-01 -7.10000000e-01 
-7.20000000e-01 -1.85000000e+00 -7.20000000e-01 -3.63349756e-04 -7.20000000e-01 -7.20000000e-01 
-7.30000000e-01 -1.85000000e+00 -7.30000000e-01 -3.65317823e-04 -7.30000000e-01 -7.30000000e-01 
-7.40000000e-01 -1.85000000e+00 -7.40000000e-01 -3.67231566e-04 -7.40000000e-01 -7.40000000e-01 
-7.50000000e-01 -1.85000000e+00 -7.50000000e-01 -3.69092699e-04 -7.50000000e-01 -7.50000000e-01 
-7.60000000e-01 -1.85000000e+00 -7.60000000e-01 -3.70902933e-04 -7.60000000e-01 -7.60000000e-01 
-7.70000000e-01 -1.85000000e+00 -7.70000000e-01 -3.72663978e-04 -7.70000000e-01 -7.70000000e-01 
-7.80000000e-01 -1.85000000e+00 -7.80000000e-01 -3.74377533e-04 -7.80000000e-01 -7.80000000e-01 
-7.90000000e-01 -1.85000000e+00 -7.90000000e-01 -3.76045287e-04 -7.90000000e-01 -7.90000000e-01 
-8.00000000e-01 -1.85000000e+00 -8.00000000e-01 -3.77668916e-04 -8.00000000e-01 -8.00000000e-01 
-8.10000000e-01 -1.85000000e+00 -8.10000000e-01 -3.79250076e-04 -8.10000000e-01 -8.10000000e-01 
-8.20000000e-01 -1.85000000e+00 -8.20000000e-01 -3.80790401e-04 -8.20000000e-01 -8.20000000e-01 
-8.30000000e-01 -1.85000000e+00 -8.30000000e-01 -3.82291504e-04 -8.30000000e-01 -8.30000000e-01 
-8.40000000e-01 -1.85000000e+00 -8.40000000e-01 -3.83754966e-04 -8.40000000e-01 -8.40000000e-01 
-8.50000000e-01 -1.85000000e+00 -8.50000000e-01 -3.85182343e-04 -8.50000000e-01 -8.50000000e-01 
-8.60000000e-01 -1.85000000e+00 -8.60000000e-01 -3.86575156e-04 -8.60000000e-01 -8.60000000e-01 
-8.70000000e-01 -1.85000000e+00 -8.70000000e-01 -3.87934892e-04 -8.70000000e-01 -8.70000000e-01 
-8.80000000e-01 -1.85000000e+00 -8.80000000e-01 -3.89263002e-04 -8.80000000e-01 -8.80000000e-01 
-8.90000000e-01 -1.85000000e+00 -8.90000000e-01 -3.90560898e-04 -8.90000000e-01 -8.90000000e-01 
-9.00000000e-01 -1.85000000e+00 -9.00000000e-01 -3.91829954e-04 -9.00000000e-01 -9.00000000e-01 
-9.10000000e-01 -1.85000000e+00 -9.10000000e-01 -3.93071501e-04 -9.10000000e-01 -9.10000000e-01 
-9.20000000e-01 -1.85000000e+00 -9.20000000e-01 -3.94286830e-04 -9.20000000e-01 -9.20000000e-01 
-9.30000000e-01 -1.85000000e+00 -9.30000000e-01 -3.95477189e-04 -9.30000000e-01 -9.30000000e-01 
-9.40000000e-01 -1.85000000e+00 -9.40000000e-01 -3.96643781e-04 -9.40000000e-01 -9.40000000e-01 
-9.50000000e-01 -1.85000000e+00 -9.50000000e-01 -3.97787768e-04 -9.50000000e-01 -9.50000000e-01 
-9.60000000e-01 -1.85000000e+00 -9.60000000e-01 -3.98910268e-04 -9.60000000e-01 -9.60000000e-01 
-9.70000000e-01 -1.85000000e+00 -9.70000000e-01 -4.00012354e-04 -9.70000000e-01 -9.70000000e-01 
-9.80000000e-01 -1.85000000e+00 -9.80000000e-01 -4.01095059e-04 -9.80000000e-01 -9.80000000e-01 
-9.90000000e-01 -1.85000000e+00 -9.90000000e-01 -4.02159371e-04 -9.90000000e-01 -9.90000000e-01 
-1.00000000e+00 -1.85000000e+00 -1.00000000e+00 -4.03206236e-04 -1.00000000e+00 -1.00000000e+00 
-1.01000000e+00 -1.85000000e+00 -1.01000000e+00 -4.04236559e-04 -1.01000000e+00 -1.01000000e+00 
-1.02000000e+00 -1.85000000e+00 -1.02000000e+00 -4.05251206e-04 -1.02000000e+00 -1.02000000e+00 
-1.03000000e+00 -1.85000000e+00 -1.03000000e+00 -4.06251002e-04 -1.03000000e+00 -1.03000000e+00 
-1.04000000e+00 -1.85000000e+00 -1.04000000e+00 -4.07236733e-04 -1.04000000e+00 -1.04000000e+00 
-1.05000000e+00 -1.85000000e+00 -1.05000000e+00 -4.08209149e-04 -1.05000000e+00 -1.05000000e+00 
-1.06000000e+00 -1.85000000e+00 -1.06000000e+00 -4.09168963e-04 -1.06000000e+00 -1.06000000e+00 
-1.07000000e+00 -1.85000000e+00 -1.07000000e+00 -4.10116853e-04 -1.07000000e+00 -1.07000000e+00 
-1.08000000e+00 -1.85000000e+00 -1.08000000e+00 -4.11053464e-04 -1.08000000e+00 -1.08000000e+00 
-1.09000000e+00 -1.85000000e+00 -1.09000000e+00 -4.11979407e-04 -1.09000000e+00 -1.09000000e+00 
-1.10000000e+00 -1.85000000e+00 -1.10000000e+00 -4.12895262e-04 -1.10000000e+00 -1.10000000e+00 
-1.11000000e+00 -1.85000000e+00 -1.11000000e+00 -4.13801581e-04 -1.11000000e+00 -1.11000000e+00 
-1.12000000e+00 -1.85000000e+00 -1.12000000e+00 -4.14698885e-04 -1.12000000e+00 -1.12000000e+00 
-1.13000000e+00 -1.85000000e+00 -1.13000000e+00 -4.15587667e-04 -1.13000000e+00 -1.13000000e+00 
-1.14000000e+00 -1.85000000e+00 -1.14000000e+00 -4.16468396e-04 -1.14000000e+00 -1.14000000e+00 
-1.15000000e+00 -1.85000000e+00 -1.15000000e+00 -4.17341515e-04 -1.15000000e+00 -1.15000000e+00 
-1.16000000e+00 -1.85000000e+00 -1.16000000e+00 -4.18207441e-04 -1.16000000e+00 -1.16000000e+00 
-1.17000000e+00 -1.85000000e+00 -1.17000000e+00 -4.19066572e-04 -1.17000000e+00 -1.17000000e+00 
-1.18000000e+00 -1.85000000e+00 -1.18000000e+00 -4.19919281e-04 -1.18000000e+00 -1.18000000e+00 
-1.19000000e+00 -1.85000000e+00 -1.19000000e+00 -4.20765923e-04 -1.19000000e+00 -1.19000000e+00 
-1.20000000e+00 -1.85000000e+00 -1.20000000e+00 -4.21606831e-04 -1.20000000e+00 -1.20000000e+00 
-1.21000000e+00 -1.85000000e+00 -1.21000000e+00 -4.22442322e-04 -1.21000000e+00 -1.21000000e+00 
-1.22000000e+00 -1.85000000e+00 -1.22000000e+00 -4.23272694e-04 -1.22000000e+00 -1.22000000e+00 
-1.23000000e+00 -1.85000000e+00 -1.23000000e+00 -4.24098228e-04 -1.23000000e+00 -1.23000000e+00 
-1.24000000e+00 -1.85000000e+00 -1.24000000e+00 -4.24919190e-04 -1.24000000e+00 -1.24000000e+00 
-1.25000000e+00 -1.85000000e+00 -1.25000000e+00 -4.25735832e-04 -1.25000000e+00 -1.25000000e+00 
-1.26000000e+00 -1.85000000e+00 -1.26000000e+00 -4.26548390e-04 -1.26000000e+00 -1.26000000e+00 
-1.27000000e+00 -1.85000000e+00 -1.27000000e+00 -4.27357088e-04 -1.27000000e+00 -1.27000000e+00 
-1.28000000e+00 -1.85000000e+00 -1.28000000e+00 -4.28162137e-04 -1.28000000e+00 -1.28000000e+00 
-1.29000000e+00 -1.85000000e+00 -1.29000000e+00 -4.28963737e-04 -1.29000000e+00 -1.29000000e+00 
-1.30000000e+00 -1.85000000e+00 -1.30000000e+00 -4.29762075e-04 -1.30000000e+00 -1.30000000e+00 
-1.31000000e+00 -1.85000000e+00 -1.31000000e+00 -4.30557330e-04 -1.31000000e+00 -1.31000000e+00 
-1.32000000e+00 -1.85000000e+00 -1.32000000e+00 -4.31349668e-04 -1.32000000e+00 -1.32000000e+00 
-1.33000000e+00 -1.85000000e+00 -1.33000000e+00 -4.32139247e-04 -1.33000000e+00 -1.33000000e+00 
-1.34000000e+00 -1.85000000e+00 -1.34000000e+00 -4.32926218e-04 -1.34000000e+00 -1.34000000e+00 
-1.35000000e+00 -1.85000000e+00 -1.35000000e+00 -4.33710722e-04 -1.35000000e+00 -1.35000000e+00 
-1.36000000e+00 -1.85000000e+00 -1.36000000e+00 -4.34492890e-04 -1.36000000e+00 -1.36000000e+00 
-1.37000000e+00 -1.85000000e+00 -1.37000000e+00 -4.35272849e-04 -1.37000000e+00 -1.37000000e+00 
-1.38000000e+00 -1.85000000e+00 -1.38000000e+00 -4.36050718e-04 -1.38000000e+00 -1.38000000e+00 
-1.39000000e+00 -1.85000000e+00 -1.39000000e+00 -4.36826609e-04 -1.39000000e+00 -1.39000000e+00 
-1.40000000e+00 -1.85000000e+00 -1.40000000e+00 -4.37600628e-04 -1.40000000e+00 -1.40000000e+00 
-1.41000000e+00 -1.85000000e+00 -1.41000000e+00 -4.38372873e-04 -1.41000000e+00 -1.41000000e+00 
-1.42000000e+00 -1.85000000e+00 -1.42000000e+00 -4.39143441e-04 -1.42000000e+00 -1.42000000e+00 
-1.43000000e+00 -1.85000000e+00 -1.43000000e+00 -4.39912421e-04 -1.43000000e+00 -1.43000000e+00 
-1.44000000e+00 -1.85000000e+00 -1.44000000e+00 -4.40679896e-04 -1.44000000e+00 -1.44000000e+00 
-1.45000000e+00 -1.85000000e+00 -1.45000000e+00 -4.41445946e-04 -1.45000000e+00 -1.45000000e+00 
-1.46000000e+00 -1.85000000e+00 -1.46000000e+00 -4.42210648e-04 -1.46000000e+00 -1.46000000e+00 
-1.47000000e+00 -1.85000000e+00 -1.47000000e+00 -4.42974072e-04 -1.47000000e+00 -1.47000000e+00 
-1.48000000e+00 -1.85000000e+00 -1.48000000e+00 -4.43736285e-04 -1.48000000e+00 -1.48000000e+00 
-1.49000000e+00 -1.85000000e+00 -1.49000000e+00 -4.44497352e-04 -1.49000000e+00 -1.49000000e+00 
-1.50000000e+00 -1.85000000e+00 -1.50000000e+00 -4.45257333e-04 -1.50000000e+00 -1.50000000e+00 
-1.51000000e+00 -1.85000000e+00 -1.51000000e+00 -4.46016284e-04 -1.51000000e+00 -1.51000000e+00 
-1.52000000e+00 -1.85000000e+00 -1.52000000e+00 -4.46774260e-04 -1.52000000e+00 -1.52000000e+00 
-1.53000000e+00 -1.85000000e+00 -1.53000000e+00 -4.47531313e-04 -1.53000000e+00 -1.53000000e+00 
-1.54000000e+00 -1.85000000e+00 -1.54000000e+00 -4.48287490e-04 -1.54000000e+00 -1.54000000e+00 
-1.55000000e+00 -1.85000000e+00 -1.55000000e+00 -4.49042837e-04 -1.55000000e+00 -1.55000000e+00 
-1.56000000e+00 -1.85000000e+00 -1.56000000e+00 -4.49797397e-04 -1.56000000e+00 -1.56000000e+00 
-1.57000000e+00 -1.85000000e+00 -1.57000000e+00 -4.50551213e-04 -1.57000000e+00 -1.57000000e+00 
-1.58000000e+00 -1.85000000e+00 -1.58000000e+00 -4.51304322e-04 -1.58000000e+00 -1.58000000e+00 
-1.59000000e+00 -1.85000000e+00 -1.59000000e+00 -4.52056762e-04 -1.59000000e+00 -1.59000000e+00 
-1.60000000e+00 -1.85000000e+00 -1.60000000e+00 -4.52808567e-04 -1.60000000e+00 -1.60000000e+00 
-1.61000000e+00 -1.85000000e+00 -1.61000000e+00 -4.53559772e-04 -1.61000000e+00 -1.61000000e+00 
-1.62000000e+00 -1.85000000e+00 -1.62000000e+00 -4.54310406e-04 -1.62000000e+00 -1.62000000e+00 
-1.63000000e+00 -1.85000000e+00 -1.63000000e+00 -4.55060501e-04 -1.63000000e+00 -1.63000000e+00 
-1.64000000e+00 -1.85000000e+00 -1.64000000e+00 -4.55810084e-04 -1.64000000e+00 -1.64000000e+00 
-1.65000000e+00 -1.85000000e+00 -1.65000000e+00 -4.56559182e-04 -1.65000000e+00 -1.65000000e+00 
-1.66000000e+00 -1.85000000e+00 -1.66000000e+00 -4.57307821e-04 -1.66000000e+00 -1.66000000e+00 
-1.67000000e+00 -1.85000000e+00 -1.67000000e+00 -4.58056024e-04 -1.67000000e+00 -1.67000000e+00 
-1.68000000e+00 -1.85000000e+00 -1.68000000e+00 -4.58803816e-04 -1.68000000e+00 -1.68000000e+00 
-1.69000000e+00 -1.85000000e+00 -1.69000000e+00 -4.59551216e-04 -1.69000000e+00 -1.69000000e+00 
-1.70000000e+00 -1.85000000e+00 -1.70000000e+00 -4.60298247e-04 -1.70000000e+00 -1.70000000e+00 
-1.71000000e+00 -1.85000000e+00 -1.71000000e+00 -4.61044927e-04 -1.71000000e+00 -1.71000000e+00 
-1.72000000e+00 -1.85000000e+00 -1.72000000e+00 -4.61791276e-04 -1.72000000e+00 -1.72000000e+00 
-1.73000000e+00 -1.85000000e+00 -1.73000000e+00 -4.62537311e-04 -1.73000000e+00 -1.73000000e+00 
-1.74000000e+00 -1.85000000e+00 -1.74000000e+00 -4.63283049e-04 -1.74000000e+00 -1.74000000e+00 
-1.75000000e+00 -1.85000000e+00 -1.75000000e+00 -4.64028505e-04 -1.75000000e+00 -1.75000000e+00 
-1.76000000e+00 -1.85000000e+00 -1.76000000e+00 -4.64773696e-04 -1.76000000e+00 -1.76000000e+00 
-1.77000000e+00 -1.85000000e+00 -1.77000000e+00 -4.65518634e-04 -1.77000000e+00 -1.77000000e+00 
-1.78000000e+00 -1.85000000e+00 -1.78000000e+00 -4.66263335e-04 -1.78000000e+00 -1.78000000e+00 
-1.79000000e+00 -1.85000000e+00 -1.79000000e+00 -4.67007812e-04 -1.79000000e+00 -1.79000000e+00 
-1.80000000e+00 -1.85000000e+00 -1.80000000e+00 -4.67752075e-04 -1.80000000e+00 -1.80000000e+00 
-1.81000000e+00 -1.85000000e+00 -1.81000000e+00 -4.68496139e-04 -1.81000000e+00 -1.81000000e+00 
-1.82000000e+00 -1.85000000e+00 -1.82000000e+00 -4.69240012e-04 -1.82000000e+00 -1.82000000e+00 
-1.83000000e+00 -1.85000000e+00 -1.83000000e+00 -4.69983707e-04 -1.83000000e+00 -1.83000000e+00 
-1.84000000e+00 -1.85000000e+00 -1.84000000e+00 -4.70727233e-04 -1.84000000e+00 -1.84000000e+00 
-1.85000000e+00 -1.85000000e+00 -1.85000000e+00 -4.71470601e-04 -1.85000000e+00 -1.85000000e+00 
