 0.00000000e+00 -3.70000000e-01  0.00000000e+00 -0.00000000e+00  0.00000000e+00  0.00000000e+00 
-1.00000000e-02 -3.70000000e-01 -1.00000000e-02 -1.72072005e-11 -1.00000000e-02 -1.00000000e-02 
-2.00000000e-02 -3.70000000e-01 -2.00000000e-02 -3.32824527e-11 -2.00000000e-02 -2.00000000e-02 
-3.00000000e-02 -3.70000000e-01 -3.00000000e-02 -4.84697230e-11 -3.00000000e-02 -3.00000000e-02 
-4.00000000e-02 -3.70000000e-01 -4.00000000e-02 -6.29546902e-11 -4.00000000e-02 -4.00000000e-02 
-5.00000000e-02 -3.70000000e-01 -5.00000000e-02 -7.68787106e-11 -5.00000000e-02 -5.00000000e-02 
-6.00000000e-02 -3.70000000e-01 -6.00000000e-02 -9.03499862e-11 -6.00000000e-02 -6.00000000e-02 
-7.00000000e-02 -3.70000000e-01 -7.00000000e-02 -1.03452021e-10 -7.00000000e-02 -7.00000000e-02 
-8.00000000e-02 -3.70000000e-01 -8.00000000e-02 -1.16249875e-10 -8.00000000e-02 -8.00000000e-02 
-9.00000000e-02 -3.70000000e-01 -9.00000000e-02 -1.28794744e-10 -9.00000000e-02 -9.00000000e-02 
-1.00000000e-01 -3.70000000e-01 -1.00000000e-01 -1.41127319e-10 -1.00000000e-01 -1.00000000e-01 
-1.10000000e-01 -3.70000000e-01 -1.10000000e-01 -1.53280261e-10 -1.10000000e-01 -1.10000000e-01 
-1.20000000e-01 -3.70000000e-01 -1.20000000e-01 -1.65280025e-10 -1.20000000e-01 -1.20000000e-01 
-1.30000000e-01 -3.70000000e-01 -1.30000000e-01 -1.77148234e-10 -1.30000000e-01 -1.30000000e-01 
-1.40000000e-01 -3.70000000e-01 -1.40000000e-01 -1.88902706e-10 -1.40000000e-01 -1.40000000e-01 
-1.50000000e-01 -3.70000000e-01 -1.50000000e-01 -2.00558241e-10 -1.50000000e-01 -1.50000000e-01 
-1.60000000e-01 -3.70000000e-01 -1.60000000e-01 -2.12127219e-10 -1.60000000e-01 -1.60000000e-01 
-1.70000000e-01 -3.70000000e-01 -1.70000000e-01 -2.23620073e-10 -1.70000000e-01 -1.70000000e-01 
-1.80000000e-01 -3.70000000e-01 -1.80000000e-01 -2.35045645e-10 -1.80000000e-01 -1.80000000e-01 
-1.90000000e-01 -3.70000000e-01 -1.90000000e-01 -2.46411477e-10 -1.90000000e-01 -1.90000000e-01 
-2.00000000e-01 -3.70000000e-01 -2.00000000e-01 -2.57724041e-10 -2.00000000e-01 -2.00000000e-01 
-2.10000000e-01 -3.70000000e-01 -2.10000000e-01 -2.68988915e-10 -2.10000000e-01 -2.10000000e-01 
-2.20000000e-01 -3.70000000e-01 -2.20000000e-01 -2.80210934e-10 -2.20000000e-01 -2.20000000e-01 
-2.30000000e-01 -3.70000000e-01 -2.30000000e-01 -2.91394307e-10 -2.30000000e-01 -2.30000000e-01 
-2.40000000e-01 -3.70000000e-01 -2.40000000e-01 -3.02542716e-10 -2.40000000e-01 -2.40000000e-01 
-2.50000000e-01 -3.70000000e-01 -2.50000000e-01 -3.13659392e-10 -2.50000000e-01 -2.50000000e-01 
-2.60000000e-01 -3.70000000e-01 -2.60000000e-01 -3.24747186e-10 -2.60000000e-01 -2.60000000e-01 
-2.70000000e-01 -3.70000000e-01 -2.70000000e-01 -3.35808617e-10 -2.70000000e-01 -2.70000000e-01 
-2.80000000e-01 -3.70000000e-01 -2.80000000e-01 -3.46845925e-10 -2.80000000e-01 -2.80000000e-01 
-2.90000000e-01 -3.70000000e-01 -2.90000000e-01 -3.57861104e-10 -2.90000000e-01 -2.90000000e-01 
-3.00000000e-01 -3.70000000e-01 -3.00000000e-01 -3.68855936e-10 -3.00000000e-01 -3.00000000e-01 
-3.10000000e-01 -3.70000000e-01 -3.10000000e-01 -3.79832017e-10 -3.10000000e-01 -3.10000000e-01 
-3.20000000e-01 -3.70000000e-01 -3.20000000e-01 -3.90790784e-10 -3.20000000e-01 -3.20000000e-01 
-3.30000000e-01 -3.70000000e-01 -3.30000000e-01 -4.01733531e-10 -3.30000000e-01 -3.30000000e-01 
-3.40000000e-01 -3.70000000e-01 -3.40000000e-01 -4.12661425e-10 -3.40000000e-01 -3.40000000e-01 
-3.50000000e-01 -3.70000000e-01 -3.50000000e-01 -4.23575527e-10 -3.50000000e-01 -3.50000000e-01 
-3.60000000e-01 -3.70000000e-01 -3.60000000e-01 -4.34476797e-10 -3.60000000e-01 -3.60000000e-01 
-3.70000000e-01 -3.70000000e-01 -3.70000000e-01 -4.45366110e-10 -3.70000000e-01 -3.70000000e-01 
-3.80000000e-01 -3.70000000e-01 -3.80000000e-01 -4.56244264e-10 -3.80000000e-01 -3.80000000e-01 
-3.90000000e-01 -3.70000000e-01 -3.90000000e-01 -4.67111987e-10 -3.90000000e-01 -3.90000000e-01 
-4.00000000e-01 -3.70000000e-01 -4.00000000e-01 -4.77969946e-10 -4.00000000e-01 -4.00000000e-01 
-4.10000000e-01 -3.70000000e-01 -4.10000000e-01 -4.88818754e-10 -4.10000000e-01 -4.10000000e-01 
-4.20000000e-01 -3.70000000e-01 -4.20000000e-01 -4.99658973e-10 -4.20000000e-01 -4.20000000e-01 
-4.30000000e-01 -3.70000000e-01 -4.30000000e-01 -5.10491119e-10 -4.30000000e-01 -4.30000000e-01 
-4.40000000e-01 -3.70000000e-01 -4.40000000e-01 -5.21315671e-10 -4.40000000e-01 -4.40000000e-01 
-4.50000000e-01 -3.70000000e-01 -4.50000000e-01 -5.32133068e-10 -4.50000000e-01 -4.50000000e-01 
-4.60000000e-01 -3.70000000e-01 -4.60000000e-01 -5.42943719e-10 -4.60000000e-01 -4.60000000e-01 
-4.70000000e-01 -3.70000000e-01 -4.70000000e-01 -5.53748000e-10 -4.70000000e-01 -4.70000000e-01 
-4.80000000e-01 -3.70000000e-01 -4.80000000e-01 -5.64546261e-10 -4.80000000e-01 -4.80000000e-01 
-4.90000000e-01 -3.70000000e-01 -4.90000000e-01 -5.75338829e-10 -4.90000000e-01 -4.90000000e-01 
-5.00000000e-01 -3.70000000e-01 -5.00000000e-01 -5.86126004e-10 -5.00000000e-01 -5.00000000e-01 
-5.10000000e-01 -3.70000000e-01 -5.10000000e-01 -5.96908069e-10 -5.10000000e-01 -5.10000000e-01 
-5.20000000e-01 -3.70000000e-01 -5.20000000e-01 -6.07685285e-10 -5.20000000e-01 -5.20000000e-01 
-5.30000000e-01 -3.70000000e-01 -5.30000000e-01 -6.18457899e-10 -5.30000000e-01 -5.30000000e-01 
-5.40000000e-01 -3.70000000e-01 -5.40000000e-01 -6.29226139e-10 -5.40000000e-01 -5.40000000e-01 
-5.50000000e-01 -3.70000000e-01 -5.50000000e-01 -6.39990219e-10 -5.50000000e-01 -5.50000000e-01 
-5.60000000e-01 -3.70000000e-01 -5.60000000e-01 -6.50750340e-10 -5.60000000e-01 -5.60000000e-01 
-5.70000000e-01 -3.70000000e-01 -5.70000000e-01 -6.61506689e-10 -5.70000000e-01 -5.70000000e-01 
-5.80000000e-01 -3.70000000e-01 -5.80000000e-01 -6.72259445e-10 -5.80000000e-01 -5.80000000e-01 
-5.90000000e-01 -3.70000000e-01 -5.90000000e-01 -6.83008771e-10 -5.90000000e-01 -5.90000000e-01 
-6.00000000e-01 -3.70000000e-01 -6.00000000e-01 -6.93754825e-10 -6.00000000e-01 -6.00000000e-01 
-6.10000000e-01 -3.70000000e-01 -6.10000000e-01 -7.04497754e-10 -6.10000000e-01 -6.10000000e-01 
-6.20000000e-01 -3.70000000e-01 -6.20000000e-01 -7.15237694e-10 -6.20000000e-01 -6.20000000e-01 
-6.30000000e-01 -3.70000000e-01 -6.30000000e-01 -7.25974777e-10 -6.30000000e-01 -6.30000000e-01 
-6.40000000e-01 -3.70000000e-01 -6.40000000e-01 -7.36709126e-10 -6.40000000e-01 -6.40000000e-01 
-6.50000000e-01 -3.70000000e-01 -6.50000000e-01 -7.47440858e-10 -6.50000000e-01 -6.50000000e-01 
-6.60000000e-01 -3.70000000e-01 -6.60000000e-01 -7.58170080e-10 -6.60000000e-01 -6.60000000e-01 
-6.70000000e-01 -3.70000000e-01 -6.70000000e-01 -7.68896899e-10 -6.70000000e-01 -6.70000000e-01 
-6.80000000e-01 -3.70000000e-01 -6.80000000e-01 -7.79621412e-10 -6.80000000e-01 -6.80000000e-01 
-6.90000000e-01 -3.70000000e-01 -6.90000000e-01 -7.90343711e-10 -6.90000000e-01 -6.90000000e-01 
-7.00000000e-01 -3.70000000e-01 -7.00000000e-01 -8.01063887e-10 -7.00000000e-01 -7.00000000e-01 
-7.10000000e-01 -3.70000000e-01 -7.10000000e-01 -8.11782021e-10 -7.10000000e-01 -7.10000000e-01 
-7.20000000e-01 -3.70000000e-01 -7.20000000e-01 -8.22498195e-10 -7.20000000e-01 -7.20000000e-01 
-7.30000000e-01 -3.70000000e-01 -7.30000000e-01 -8.33212483e-10 -7.30000000e-01 -7.30000000e-01 
-7.40000000e-01 -3.70000000e-01 -7.40000000e-01 -8.43924957e-10 -7.40000000e-01 -7.40000000e-01 
-7.50000000e-01 -3.70000000e-01 -7.50000000e-01 -8.54635685e-10 -7.50000000e-01 -7.50000000e-01 
-7.60000000e-01 -3.70000000e-01 -7.60000000e-01 -8.65344733e-10 -7.60000000e-01 -7.60000000e-01 
-7.70000000e-01 -3.70000000e-01 -7.70000000e-01 -8.76052163e-10 -7.70000000e-01 -7.70000000e-01 
-7.80000000e-01 -3.70000000e-01 -7.80000000e-01 -8.86758033e-10 -7.80000000e-01 -7.80000000e-01 
-7.90000000e-01 -3.70000000e-01 -7.90000000e-01 -8.97462400e-10 -7.90000000e-01 -7.90000000e-01 
-8.00000000e-01 -3.70000000e-01 -8.00000000e-01 -9.08165317e-10 -8.00000000e-01 -8.00000000e-01 
-8.10000000e-01 -3.70000000e-01 -8.10000000e-01 -9.18866836e-10 -8.10000000e-01 -8.10000000e-01 
-8.20000000e-01 -3.70000000e-01 -8.20000000e-01 -9.29567005e-10 -8.20000000e-01 -8.20000000e-01 
-8.30000000e-01 -3.70000000e-01 -8.30000000e-01 -9.40265872e-10 -8.30000000e-01 -8.30000000e-01 
-8.40000000e-01 -3.70000000e-01 -8.40000000e-01 -9.50963480e-10 -8.40000000e-01 -8.40000000e-01 
-8.50000000e-01 -3.70000000e-01 -8.50000000e-01 -9.61659873e-10 -8.50000000e-01 -8.50000000e-01 
-8.60000000e-01 -3.70000000e-01 -8.60000000e-01 -9.72355091e-10 -8.60000000e-01 -8.60000000e-01 
-8.70000000e-01 -3.70000000e-01 -8.70000000e-01 -9.83049175e-10 -8.70000000e-01 -8.70000000e-01 
-8.80000000e-01 -3.70000000e-01 -8.80000000e-01 -9.93742160e-10 -8.80000000e-01 -8.80000000e-01 
-8.90000000e-01 -3.70000000e-01 -8.90000000e-01 -1.00443408e-09 -8.90000000e-01 -8.90000000e-01 
-9.00000000e-01 -3.70000000e-01 -9.00000000e-01 -1.01512498e-09 -9.00000000e-01 -9.00000000e-01 
-9.10000000e-01 -3.70000000e-01 -9.10000000e-01 -1.02581488e-09 -9.10000000e-01 -9.10000000e-01 
-9.20000000e-01 -3.70000000e-01 -9.20000000e-01 -1.03650382e-09 -9.20000000e-01 -9.20000000e-01 
-9.30000000e-01 -3.70000000e-01 -9.30000000e-01 -1.04719183e-09 -9.30000000e-01 -9.30000000e-01 
-9.40000000e-01 -3.70000000e-01 -9.40000000e-01 -1.05787893e-09 -9.40000000e-01 -9.40000000e-01 
-9.50000000e-01 -3.70000000e-01 -9.50000000e-01 -1.06856516e-09 -9.50000000e-01 -9.50000000e-01 
-9.60000000e-01 -3.70000000e-01 -9.60000000e-01 -1.07925054e-09 -9.60000000e-01 -9.60000000e-01 
-9.70000000e-01 -3.70000000e-01 -9.70000000e-01 -1.08993510e-09 -9.70000000e-01 -9.70000000e-01 
-9.80000000e-01 -3.70000000e-01 -9.80000000e-01 -1.10061886e-09 -9.80000000e-01 -9.80000000e-01 
-9.90000000e-01 -3.70000000e-01 -9.90000000e-01 -1.11130184e-09 -9.90000000e-01 -9.90000000e-01 
-1.00000000e+00 -3.70000000e-01 -1.00000000e+00 -1.12198408e-09 -1.00000000e+00 -1.00000000e+00 
-1.01000000e+00 -3.70000000e-01 -1.01000000e+00 -1.13266559e-09 -1.01000000e+00 -1.01000000e+00 
-1.02000000e+00 -3.70000000e-01 -1.02000000e+00 -1.14334640e-09 -1.02000000e+00 -1.02000000e+00 
-1.03000000e+00 -3.70000000e-01 -1.03000000e+00 -1.15402651e-09 -1.03000000e+00 -1.03000000e+00 
-1.04000000e+00 -3.70000000e-01 -1.04000000e+00 -1.16470596e-09 -1.04000000e+00 -1.04000000e+00 
-1.05000000e+00 -3.70000000e-01 -1.05000000e+00 -1.17538477e-09 -1.05000000e+00 -1.05000000e+00 
-1.06000000e+00 -3.70000000e-01 -1.06000000e+00 -1.18606295e-09 -1.06000000e+00 -1.06000000e+00 
-1.07000000e+00 -3.70000000e-01 -1.07000000e+00 -1.19674051e-09 -1.07000000e+00 -1.07000000e+00 
-1.08000000e+00 -3.70000000e-01 -1.08000000e+00 -1.20741749e-09 -1.08000000e+00 -1.08000000e+00 
-1.09000000e+00 -3.70000000e-01 -1.09000000e+00 -1.21809388e-09 -1.09000000e+00 -1.09000000e+00 
-1.10000000e+00 -3.70000000e-01 -1.10000000e+00 -1.22876972e-09 -1.10000000e+00 -1.10000000e+00 
-1.11000000e+00 -3.70000000e-01 -1.11000000e+00 -1.23944501e-09 -1.11000000e+00 -1.11000000e+00 
-1.12000000e+00 -3.70000000e-01 -1.12000000e+00 -1.25011977e-09 -1.12000000e+00 -1.12000000e+00 
-1.13000000e+00 -3.70000000e-01 -1.13000000e+00 -1.26079402e-09 -1.13000000e+00 -1.13000000e+00 
-1.14000000e+00 -3.70000000e-01 -1.14000000e+00 -1.27146776e-09 -1.14000000e+00 -1.14000000e+00 
-1.15000000e+00 -3.70000000e-01 -1.15000000e+00 -1.28214102e-09 -1.15000000e+00 -1.15000000e+00 
-1.16000000e+00 -3.70000000e-01 -1.16000000e+00 -1.29281380e-09 -1.16000000e+00 -1.16000000e+00 
-1.17000000e+00 -3.70000000e-01 -1.17000000e+00 -1.30348612e-09 -1.17000000e+00 -1.17000000e+00 
-1.18000000e+00 -3.70000000e-01 -1.18000000e+00 -1.31415800e-09 -1.18000000e+00 -1.18000000e+00 
-1.19000000e+00 -3.70000000e-01 -1.19000000e+00 -1.32482943e-09 -1.19000000e+00 -1.19000000e+00 
-1.20000000e+00 -3.70000000e-01 -1.20000000e+00 -1.33550043e-09 -1.20000000e+00 -1.20000000e+00 
-1.21000000e+00 -3.70000000e-01 -1.21000000e+00 -1.34617103e-09 -1.21000000e+00 -1.21000000e+00 
-1.22000000e+00 -3.70000000e-01 -1.22000000e+00 -1.35684121e-09 -1.22000000e+00 -1.22000000e+00 
-1.23000000e+00 -3.70000000e-01 -1.23000000e+00 -1.36751100e-09 -1.23000000e+00 -1.23000000e+00 
-1.24000000e+00 -3.70000000e-01 -1.24000000e+00 -1.37818041e-09 -1.24000000e+00 -1.24000000e+00 
-1.25000000e+00 -3.70000000e-01 -1.25000000e+00 -1.38884945e-09 -1.25000000e+00 -1.25000000e+00 
-1.26000000e+00 -3.70000000e-01 -1.26000000e+00 -1.39951812e-09 -1.26000000e+00 -1.26000000e+00 
-1.27000000e+00 -3.70000000e-01 -1.27000000e+00 -1.41018643e-09 -1.27000000e+00 -1.27000000e+00 
-1.28000000e+00 -3.70000000e-01 -1.28000000e+00 -1.42085440e-09 -1.28000000e+00 -1.28000000e+00 
-1.29000000e+00 -3.70000000e-01 -1.29000000e+00 -1.43152204e-09 -1.29000000e+00 -1.29000000e+00 
-1.30000000e+00 -3.70000000e-01 -1.30000000e+00 -1.44218934e-09 -1.30000000e+00 -1.30000000e+00 
-1.31000000e+00 -3.70000000e-01 -1.31000000e+00 -1.45285632e-09 -1.31000000e+00 -1.31000000e+00 
-1.32000000e+00 -3.70000000e-01 -1.32000000e+00 -1.46352299e-09 -1.32000000e+00 -1.32000000e+00 
-1.33000000e+00 -3.70000000e-01 -1.33000000e+00 -1.47418935e-09 -1.33000000e+00 -1.33000000e+00 
-1.34000000e+00 -3.70000000e-01 -1.34000000e+00 -1.48485542e-09 -1.34000000e+00 -1.34000000e+00 
-1.35000000e+00 -3.70000000e-01 -1.35000000e+00 -1.49552120e-09 -1.35000000e+00 -1.35000000e+00 
-1.36000000e+00 -3.70000000e-01 -1.36000000e+00 -1.50618669e-09 -1.36000000e+00 -1.36000000e+00 
-1.37000000e+00 -3.70000000e-01 -1.37000000e+00 -1.51685191e-09 -1.37000000e+00 -1.37000000e+00 
-1.38000000e+00 -3.70000000e-01 -1.38000000e+00 -1.52751685e-09 -1.38000000e+00 -1.38000000e+00 
-1.39000000e+00 -3.70000000e-01 -1.39000000e+00 -1.53818154e-09 -1.39000000e+00 -1.39000000e+00 
-1.40000000e+00 -3.70000000e-01 -1.40000000e+00 -1.54884596e-09 -1.40000000e+00 -1.40000000e+00 
-1.41000000e+00 -3.70000000e-01 -1.41000000e+00 -1.55951014e-09 -1.41000000e+00 -1.41000000e+00 
-1.42000000e+00 -3.70000000e-01 -1.42000000e+00 -1.57017407e-09 -1.42000000e+00 -1.42000000e+00 
-1.43000000e+00 -3.70000000e-01 -1.43000000e+00 -1.58083777e-09 -1.43000000e+00 -1.43000000e+00 
-1.44000000e+00 -3.70000000e-01 -1.44000000e+00 -1.59150123e-09 -1.44000000e+00 -1.44000000e+00 
-1.45000000e+00 -3.70000000e-01 -1.45000000e+00 -1.60216446e-09 -1.45000000e+00 -1.45000000e+00 
-1.46000000e+00 -3.70000000e-01 -1.46000000e+00 -1.61282748e-09 -1.46000000e+00 -1.46000000e+00 
-1.47000000e+00 -3.70000000e-01 -1.47000000e+00 -1.62349027e-09 -1.47000000e+00 -1.47000000e+00 
-1.48000000e+00 -3.70000000e-01 -1.48000000e+00 -1.63415286e-09 -1.48000000e+00 -1.48000000e+00 
-1.49000000e+00 -3.70000000e-01 -1.49000000e+00 -1.64481523e-09 -1.49000000e+00 -1.49000000e+00 
-1.50000000e+00 -3.70000000e-01 -1.50000000e+00 -1.65547741e-09 -1.50000000e+00 -1.50000000e+00 
-1.51000000e+00 -3.70000000e-01 -1.51000000e+00 -1.66613939e-09 -1.51000000e+00 -1.51000000e+00 
-1.52000000e+00 -3.70000000e-01 -1.52000000e+00 -1.67680118e-09 -1.52000000e+00 -1.52000000e+00 
-1.53000000e+00 -3.70000000e-01 -1.53000000e+00 -1.68746277e-09 -1.53000000e+00 -1.53000000e+00 
-1.54000000e+00 -3.70000000e-01 -1.54000000e+00 -1.69812419e-09 -1.54000000e+00 -1.54000000e+00 
-1.55000000e+00 -3.70000000e-01 -1.55000000e+00 -1.70878543e-09 -1.55000000e+00 -1.55000000e+00 
-1.56000000e+00 -3.70000000e-01 -1.56000000e+00 -1.71944649e-09 -1.56000000e+00 -1.56000000e+00 
-1.57000000e+00 -3.70000000e-01 -1.57000000e+00 -1.73010738e-09 -1.57000000e+00 -1.57000000e+00 
-1.58000000e+00 -3.70000000e-01 -1.58000000e+00 -1.74076810e-09 -1.58000000e+00 -1.58000000e+00 
-1.59000000e+00 -3.70000000e-01 -1.59000000e+00 -1.75142866e-09 -1.59000000e+00 -1.59000000e+00 
-1.60000000e+00 -3.70000000e-01 -1.60000000e+00 -1.76208906e-09 -1.60000000e+00 -1.60000000e+00 
-1.61000000e+00 -3.70000000e-01 -1.61000000e+00 -1.77274931e-09 -1.61000000e+00 -1.61000000e+00 
-1.62000000e+00 -3.70000000e-01 -1.62000000e+00 -1.78340940e-09 -1.62000000e+00 -1.62000000e+00 
-1.63000000e+00 -3.70000000e-01 -1.63000000e+00 -1.79406935e-09 -1.63000000e+00 -1.63000000e+00 
-1.64000000e+00 -3.70000000e-01 -1.64000000e+00 -1.80472915e-09 -1.64000000e+00 -1.64000000e+00 
-1.65000000e+00 -3.70000000e-01 -1.65000000e+00 -1.81538880e-09 -1.65000000e+00 -1.65000000e+00 
-1.66000000e+00 -3.70000000e-01 -1.66000000e+00 -1.82604833e-09 -1.66000000e+00 -1.66000000e+00 
-1.67000000e+00 -3.70000000e-01 -1.67000000e+00 -1.83670771e-09 -1.67000000e+00 -1.67000000e+00 
-1.68000000e+00 -3.70000000e-01 -1.68000000e+00 -1.84736696e-09 -1.68000000e+00 -1.68000000e+00 
-1.69000000e+00 -3.70000000e-01 -1.69000000e+00 -1.85802609e-09 -1.69000000e+00 -1.69000000e+00 
-1.70000000e+00 -3.70000000e-01 -1.70000000e+00 -1.86868509e-09 -1.70000000e+00 -1.70000000e+00 
-1.71000000e+00 -3.70000000e-01 -1.71000000e+00 -1.87934396e-09 -1.71000000e+00 -1.71000000e+00 
-1.72000000e+00 -3.70000000e-01 -1.72000000e+00 -1.89000272e-09 -1.72000000e+00 -1.72000000e+00 
-1.73000000e+00 -3.70000000e-01 -1.73000000e+00 -1.90066135e-09 -1.73000000e+00 -1.73000000e+00 
-1.74000000e+00 -3.70000000e-01 -1.74000000e+00 -1.91131988e-09 -1.74000000e+00 -1.74000000e+00 
-1.75000000e+00 -3.70000000e-01 -1.75000000e+00 -1.92197829e-09 -1.75000000e+00 -1.75000000e+00 
-1.76000000e+00 -3.70000000e-01 -1.76000000e+00 -1.93263659e-09 -1.76000000e+00 -1.76000000e+00 
-1.77000000e+00 -3.70000000e-01 -1.77000000e+00 -1.94329478e-09 -1.77000000e+00 -1.77000000e+00 
-1.78000000e+00 -3.70000000e-01 -1.78000000e+00 -1.95395287e-09 -1.78000000e+00 -1.78000000e+00 
-1.79000000e+00 -3.70000000e-01 -1.79000000e+00 -1.96461086e-09 -1.79000000e+00 -1.79000000e+00 
-1.80000000e+00 -3.70000000e-01 -1.80000000e+00 -1.97526875e-09 -1.80000000e+00 -1.80000000e+00 
-1.81000000e+00 -3.70000000e-01 -1.81000000e+00 -1.98592654e-09 -1.81000000e+00 -1.81000000e+00 
-1.82000000e+00 -3.70000000e-01 -1.82000000e+00 -1.99658424e-09 -1.82000000e+00 -1.82000000e+00 
-1.83000000e+00 -3.70000000e-01 -1.83000000e+00 -2.00724184e-09 -1.83000000e+00 -1.83000000e+00 
-1.84000000e+00 -3.70000000e-01 -1.84000000e+00 -2.01789936e-09 -1.84000000e+00 -1.84000000e+00 
-1.85000000e+00 -3.70000000e-01 -1.85000000e+00 -2.02855678e-09 -1.85000000e+00 -1.85000000e+00 
