 0.00000000e+00  0.00000000e+00  0.00000000e+00  3.96265600e-20  0.00000000e+00  1.90000000e+00 
 1.00000000e-02  1.00000000e-02  1.00000000e-02  6.41961931e-20  1.00000000e-02  1.90000000e+00 
 2.00000000e-02  2.00000000e-02  2.00000000e-02  1.03999721e-19  2.00000000e-02  1.90000000e+00 
 3.00000000e-02  3.00000000e-02  3.00000000e-02  1.68482606e-19  3.00000000e-02  1.90000000e+00 
 4.00000000e-02  4.00000000e-02  4.00000000e-02  2.72946770e-19  4.00000000e-02  1.90000000e+00 
 5.00000000e-02  5.00000000e-02  5.00000000e-02  4.42181777e-19  5.00000000e-02  1.90000000e+00 
 6.00000000e-02  6.00000000e-02  6.00000000e-02  7.16347440e-19  6.00000000e-02  1.90000000e+00 
 7.00000000e-02  7.00000000e-02  7.00000000e-02  1.16050381e-18  7.00000000e-02  1.90000000e+00 
 8.00000000e-02  8.00000000e-02  8.00000000e-02  1.88005007e-18  8.00000000e-02  1.90000000e+00 
 9.00000000e-02  9.00000000e-02  9.00000000e-02  3.04573587e-18  9.00000000e-02  1.90000000e+00 
 1.00000000e-01  1.00000000e-01  1.00000000e-01  4.93418053e-18  1.00000000e-01  1.90000000e+00 
 1.10000000e-01  1.10000000e-01  1.10000000e-01  7.99351509e-18  1.10000000e-01  1.90000000e+00 
 1.20000000e-01  1.20000000e-01  1.20000000e-01  1.29497243e-17  1.20000000e-01  1.90000000e+00 
 1.30000000e-01  1.30000000e-01  1.30000000e-01  2.09789231e-17  1.30000000e-01  1.90000000e+00 
 1.40000000e-01  1.40000000e-01  1.40000000e-01  3.39864491e-17  1.40000000e-01  1.90000000e+00 
 1.50000000e-01  1.50000000e-01  1.50000000e-01  5.50589985e-17  1.50000000e-01  1.90000000e+00 
 1.60000000e-01  1.60000000e-01  1.60000000e-01  8.91970956e-17  1.60000000e-01  1.90000000e+00 
 1.70000000e-01  1.70000000e-01  1.70000000e-01  1.44501708e-16  1.70000000e-01  1.90000000e+00 
 1.80000000e-01  1.80000000e-01  1.80000000e-01  2.34096579e-16  1.80000000e-01  1.90000000e+00 
 1.90000000e-01  1.90000000e-01  1.90000000e-01  3.79242437e-16  1.90000000e-01  1.90000000e+00 
 2.00000000e-01  2.00000000e-01  2.00000000e-01  6.14382028e-16  2.00000000e-01  1.90000000e+00 
 2.10000000e-01  2.10000000e-01  2.10000000e-01  9.95313078e-16  2.10000000e-01  1.90000000e+00 
 2.20000000e-01  2.20000000e-01  2.20000000e-01  1.61242845e-15  2.20000000e-01  1.90000000e+00 
 2.30000000e-01  2.30000000e-01  2.30000000e-01  2.61216496e-15  2.30000000e-01  1.90000000e+00 
 2.40000000e-01  2.40000000e-01  2.40000000e-01  4.23174988e-15  2.40000000e-01  1.90000000e+00 
 2.50000000e-01  2.50000000e-01  2.50000000e-01  6.85548872e-15  2.50000000e-01  1.90000000e+00 
 2.60000000e-01  2.60000000e-01  2.60000000e-01  1.11059478e-14  2.60000000e-01  1.90000000e+00 
 2.70000000e-01  2.70000000e-01  2.70000000e-01  1.79916616e-14  2.70000000e-01  1.90000000e+00 
 2.80000000e-01  2.80000000e-01  2.80000000e-01  2.91464013e-14  2.80000000e-01  1.90000000e+00 
 2.90000000e-01  2.90000000e-01  2.90000000e-01  4.72167491e-14  2.90000000e-01  1.90000000e+00 
 3.00000000e-01  3.00000000e-01  3.00000000e-01  7.64898861e-14  3.00000000e-01  1.90000000e+00 
 3.10000000e-01  3.10000000e-01  3.10000000e-01  1.23910428e-13  3.10000000e-01  1.90000000e+00 
 3.20000000e-01  3.20000000e-01  3.20000000e-01  2.00727328e-13  3.20000000e-01  1.90000000e+00 
 3.30000000e-01  3.30000000e-01  3.30000000e-01  3.25161060e-13  3.30000000e-01  1.90000000e+00 
 3.40000000e-01  3.40000000e-01  3.40000000e-01  5.26722822e-13  3.40000000e-01  1.90000000e+00 
 3.50000000e-01  3.50000000e-01  3.50000000e-01  8.53208215e-13  3.50000000e-01  1.90000000e+00 
 3.60000000e-01  3.60000000e-01  3.60000000e-01  1.38201988e-12  3.60000000e-01  1.90000000e+00 
 3.70000000e-01  3.70000000e-01  3.70000000e-01  2.23849542e-12  3.70000000e-01  1.90000000e+00 
 3.80000000e-01  3.80000000e-01  3.80000000e-01  3.62556815e-12  3.80000000e-01  1.90000000e+00 
 3.90000000e-01  3.90000000e-01  3.90000000e-01  5.87175443e-12  3.90000000e-01  1.90000000e+00 
 4.00000000e-01  4.00000000e-01  4.00000000e-01  9.50876308e-12  4.00000000e-01  1.90000000e+00 
 4.10000000e-01  4.10000000e-01  4.10000000e-01  1.53969546e-11  4.10000000e-01  1.90000000e+00 
 4.20000000e-01  4.20000000e-01  4.20000000e-01  2.49280331e-11  4.20000000e-01  1.90000000e+00 
 4.30000000e-01  4.30000000e-01  4.30000000e-01  4.03522734e-11  4.30000000e-01  1.90000000e+00 
 4.40000000e-01  4.40000000e-01  4.40000000e-01  6.53063003e-11  4.40000000e-01  1.90000000e+00 
 4.50000000e-01  4.50000000e-01  4.50000000e-01  1.05663322e-10  4.50000000e-01  1.90000000e+00 
 4.60000000e-01  4.60000000e-01  4.60000000e-01  1.70900758e-10  4.60000000e-01  1.90000000e+00 
 4.70000000e-01  4.70000000e-01  4.70000000e-01  2.76295912e-10  4.70000000e-01  1.90000000e+00 
 4.80000000e-01  4.80000000e-01  4.80000000e-01  4.46442555e-10  4.80000000e-01  1.90000000e+00 
 4.90000000e-01  4.90000000e-01  4.90000000e-01  7.20865995e-10  4.90000000e-01  1.90000000e+00 
 5.00000000e-01  5.00000000e-01  5.00000000e-01  1.16295478e-09  5.00000000e-01  1.90000000e+00 
 5.10000000e-01  5.10000000e-01  5.10000000e-01  1.87410047e-09  5.10000000e-01  1.90000000e+00 
 5.20000000e-01  5.20000000e-01  5.20000000e-01  3.01595007e-09  5.20000000e-01  1.90000000e+00 
 5.30000000e-01  5.30000000e-01  5.30000000e-01  4.84517016e-09  5.30000000e-01  1.90000000e+00 
 5.40000000e-01  5.40000000e-01  5.40000000e-01  7.76727354e-09  5.40000000e-01  1.90000000e+00 
 5.50000000e-01  5.50000000e-01  5.50000000e-01  1.24190657e-08  5.50000000e-01  1.90000000e+00 
 5.60000000e-01  5.60000000e-01  5.60000000e-01  1.97933219e-08  5.60000000e-01  1.90000000e+00 
 5.70000000e-01  5.70000000e-01  5.70000000e-01  3.14245643e-08  5.70000000e-01  1.90000000e+00 
 5.80000000e-01  5.80000000e-01  5.80000000e-01  4.96613760e-08  5.80000000e-01  1.90000000e+00 
 5.90000000e-01  5.90000000e-01  5.90000000e-01  7.80587309e-08  5.90000000e-01  1.90000000e+00 
 6.00000000e-01  6.00000000e-01  6.00000000e-01  1.21933773e-07  6.00000000e-01  1.90000000e+00 
 6.10000000e-01  6.10000000e-01  6.10000000e-01  1.89141365e-07  6.10000000e-01  1.90000000e+00 
 6.20000000e-01  6.20000000e-01  6.20000000e-01  2.91142395e-07  6.20000000e-01  1.90000000e+00 
 6.30000000e-01  6.30000000e-01  6.30000000e-01  4.44454993e-07  6.30000000e-01  1.90000000e+00 
 6.40000000e-01  6.40000000e-01  6.40000000e-01  6.72578922e-07  6.40000000e-01  1.90000000e+00 
 6.50000000e-01  6.50000000e-01  6.50000000e-01  1.00841964e-06  6.50000000e-01  1.90000000e+00 
 6.60000000e-01  6.60000000e-01  6.60000000e-01  1.49703311e-06  6.60000000e-01  1.90000000e+00 
 6.70000000e-01  6.70000000e-01  6.70000000e-01  2.19810319e-06  6.70000000e-01  1.90000000e+00 
 6.80000000e-01  6.80000000e-01  6.80000000e-01  3.18702266e-06  6.80000000e-01  1.90000000e+00 
 6.90000000e-01  6.90000000e-01  6.90000000e-01  4.55309428e-06  6.90000000e-01  1.90000000e+00 
 7.00000000e-01  7.00000000e-01  7.00000000e-01  6.39368760e-06  7.00000000e-01  1.90000000e+00 
 7.10000000e-01  7.10000000e-01  7.10000000e-01  8.80443984e-06  7.10000000e-01  1.90000000e+00 
 7.20000000e-01  7.20000000e-01  7.20000000e-01  1.18673708e-05  7.20000000e-01  1.90000000e+00 
 7.30000000e-01  7.30000000e-01  7.30000000e-01  1.56400729e-05  7.30000000e-01  1.90000000e+00 
 7.40000000e-01  7.40000000e-01  7.40000000e-01  2.01490383e-05  7.40000000e-01  1.90000000e+00 
 7.50000000e-01  7.50000000e-01  7.50000000e-01  2.53886766e-05  7.50000000e-01  1.90000000e+00 
 7.60000000e-01  7.60000000e-01  7.60000000e-01  3.13255569e-05  7.60000000e-01  1.90000000e+00 
 7.70000000e-01  7.70000000e-01  7.70000000e-01  3.79059472e-05  7.70000000e-01  1.90000000e+00 
 7.80000000e-01  7.80000000e-01  7.80000000e-01  4.50643260e-05  7.80000000e-01  1.90000000e+00 
 7.90000000e-01  7.90000000e-01  7.90000000e-01  5.27310281e-05  7.90000000e-01  1.90000000e+00 
 8.00000000e-01  8.00000000e-01  8.00000000e-01  6.08380369e-05  8.00000000e-01  1.90000000e+00 
 8.10000000e-01  8.10000000e-01  8.10000000e-01  6.93227047e-05  8.10000000e-01  1.90000000e+00 
 8.20000000e-01  8.20000000e-01  8.20000000e-01  7.81296684e-05  8.20000000e-01  1.90000000e+00 
 8.30000000e-01  8.30000000e-01  8.30000000e-01  8.72114274e-05  8.30000000e-01  1.90000000e+00 
 8.40000000e-01  8.40000000e-01  8.40000000e-01  9.65280605e-05  8.40000000e-01  1.90000000e+00 
 8.50000000e-01  8.50000000e-01  8.50000000e-01  1.06046469e-04  8.50000000e-01  1.90000000e+00 
 8.60000000e-01  8.60000000e-01  8.60000000e-01  1.15739420e-04  8.60000000e-01  1.90000000e+00 
 8.70000000e-01  8.70000000e-01  8.70000000e-01  1.25584570e-04  8.70000000e-01  1.90000000e+00 
 8.80000000e-01  8.80000000e-01  8.80000000e-01  1.35563561e-04  8.80000000e-01  1.90000000e+00 
 8.90000000e-01  8.90000000e-01  8.90000000e-01  1.45661227e-04  8.90000000e-01  1.90000000e+00 
 9.00000000e-01  9.00000000e-01  9.00000000e-01  1.55864942e-04  9.00000000e-01  1.90000000e+00 
 9.10000000e-01  9.10000000e-01  9.10000000e-01  1.66164087e-04  9.10000000e-01  1.90000000e+00 
 9.20000000e-01  9.20000000e-01  9.20000000e-01  1.76549620e-04  9.20000000e-01  1.90000000e+00 
 9.30000000e-01  9.30000000e-01  9.30000000e-01  1.87013752e-04  9.30000000e-01  1.90000000e+00 
 9.40000000e-01  9.40000000e-01  9.40000000e-01  1.97549685e-04  9.40000000e-01  1.90000000e+00 
 9.50000000e-01  9.50000000e-01  9.50000000e-01  2.08151419e-04  9.50000000e-01  1.90000000e+00 
 9.60000000e-01  9.60000000e-01  9.60000000e-01  2.18813598e-04  9.60000000e-01  1.90000000e+00 
 9.70000000e-01  9.70000000e-01  9.70000000e-01  2.29531394e-04  9.70000000e-01  1.90000000e+00 
 9.80000000e-01  9.80000000e-01  9.80000000e-01  2.40300426e-04  9.80000000e-01  1.90000000e+00 
 9.90000000e-01  9.90000000e-01  9.90000000e-01  2.51116688e-04  9.90000000e-01  1.90000000e+00 
 1.00000000e+00  1.00000000e+00  1.00000000e+00  2.61976499e-04  1.00000000e+00  1.90000000e+00 
 1.01000000e+00  1.01000000e+00  1.01000000e+00  2.72876461e-04  1.01000000e+00  1.90000000e+00 
 1.02000000e+00  1.02000000e+00  1.02000000e+00  2.83813429e-04  1.02000000e+00  1.90000000e+00 
 1.03000000e+00  1.03000000e+00  1.03000000e+00  2.94784482e-04  1.03000000e+00  1.90000000e+00 
 1.04000000e+00  1.04000000e+00  1.04000000e+00  3.05786904e-04  1.04000000e+00  1.90000000e+00 
 1.05000000e+00  1.05000000e+00  1.05000000e+00  3.16818165e-04  1.05000000e+00  1.90000000e+00 
 1.06000000e+00  1.06000000e+00  1.06000000e+00  3.27875907e-04  1.06000000e+00  1.90000000e+00 
 1.07000000e+00  1.07000000e+00  1.07000000e+00  3.38957929e-04  1.07000000e+00  1.90000000e+00 
 1.08000000e+00  1.08000000e+00  1.08000000e+00  3.50062179e-04  1.08000000e+00  1.90000000e+00 
 1.09000000e+00  1.09000000e+00  1.09000000e+00  3.61186738e-04  1.09000000e+00  1.90000000e+00 
 1.10000000e+00  1.10000000e+00  1.10000000e+00  3.72329816e-04  1.10000000e+00  1.90000000e+00 
 1.11000000e+00  1.11000000e+00  1.11000000e+00  3.83489739e-04  1.11000000e+00  1.90000000e+00 
 1.12000000e+00  1.12000000e+00  1.12000000e+00  3.94664944e-04  1.12000000e+00  1.90000000e+00 
 1.13000000e+00  1.13000000e+00  1.13000000e+00  4.05853970e-04  1.13000000e+00  1.90000000e+00 
 1.14000000e+00  1.14000000e+00  1.14000000e+00  4.17055450e-04  1.14000000e+00  1.90000000e+00 
 1.15000000e+00  1.15000000e+00  1.15000000e+00  4.28268109e-04  1.15000000e+00  1.90000000e+00 
 1.16000000e+00  1.16000000e+00  1.16000000e+00  4.39490752e-04  1.16000000e+00  1.90000000e+00 
 1.17000000e+00  1.17000000e+00  1.17000000e+00  4.50722263e-04  1.17000000e+00  1.90000000e+00 
 1.18000000e+00  1.18000000e+00  1.18000000e+00  4.61961598e-04  1.18000000e+00  1.90000000e+00 
 1.19000000e+00  1.19000000e+00  1.19000000e+00  4.73207780e-04  1.19000000e+00  1.90000000e+00 
 1.20000000e+00  1.20000000e+00  1.20000000e+00  4.84459894e-04  1.20000000e+00  1.90000000e+00 
 1.21000000e+00  1.21000000e+00  1.21000000e+00  4.95717086e-04  1.21000000e+00  1.90000000e+00 
 1.22000000e+00  1.22000000e+00  1.22000000e+00  5.06978555e-04  1.22000000e+00  1.90000000e+00 
 1.23000000e+00  1.23000000e+00  1.23000000e+00  5.18243550e-04  1.23000000e+00  1.90000000e+00 
 1.24000000e+00  1.24000000e+00  1.24000000e+00  5.29511369e-04  1.24000000e+00  1.90000000e+00 
 1.25000000e+00  1.25000000e+00  1.25000000e+00  5.40781355e-04  1.25000000e+00  1.90000000e+00 
 1.26000000e+00  1.26000000e+00  1.26000000e+00  5.52052890e-04  1.26000000e+00  1.90000000e+00 
 1.27000000e+00  1.27000000e+00  1.27000000e+00  5.63325398e-04  1.27000000e+00  1.90000000e+00 
 1.28000000e+00  1.28000000e+00  1.28000000e+00  5.74598336e-04  1.28000000e+00  1.90000000e+00 
 1.29000000e+00  1.29000000e+00  1.29000000e+00  5.85871197e-04  1.29000000e+00  1.90000000e+00 
 1.30000000e+00  1.30000000e+00  1.30000000e+00  5.97143504e-04  1.30000000e+00  1.90000000e+00 
 1.31000000e+00  1.31000000e+00  1.31000000e+00  6.08414812e-04  1.31000000e+00  1.90000000e+00 
 1.32000000e+00  1.32000000e+00  1.32000000e+00  6.19684701e-04  1.32000000e+00  1.90000000e+00 
 1.33000000e+00  1.33000000e+00  1.33000000e+00  6.30952778e-04  1.33000000e+00  1.90000000e+00 
 1.34000000e+00  1.34000000e+00  1.34000000e+00  6.42218674e-04  1.34000000e+00  1.90000000e+00 
 1.35000000e+00  1.35000000e+00  1.35000000e+00  6.53482045e-04  1.35000000e+00  1.90000000e+00 
 1.36000000e+00  1.36000000e+00  1.36000000e+00  6.64742563e-04  1.36000000e+00  1.90000000e+00 
 1.37000000e+00  1.37000000e+00  1.37000000e+00  6.75999926e-04  1.37000000e+00  1.90000000e+00 
 1.38000000e+00  1.38000000e+00  1.38000000e+00  6.87253847e-04  1.38000000e+00  1.90000000e+00 
 1.39000000e+00  1.39000000e+00  1.39000000e+00  6.98504058e-04  1.39000000e+00  1.90000000e+00 
 1.40000000e+00  1.40000000e+00  1.40000000e+00  7.09750307e-04  1.40000000e+00  1.90000000e+00 
 1.41000000e+00  1.41000000e+00  1.41000000e+00  7.20992357e-04  1.41000000e+00  1.90000000e+00 
 1.42000000e+00  1.42000000e+00  1.42000000e+00  7.32229987e-04  1.42000000e+00  1.90000000e+00 
 1.43000000e+00  1.43000000e+00  1.43000000e+00  7.43462988e-04  1.43000000e+00  1.90000000e+00 
 1.44000000e+00  1.44000000e+00  1.44000000e+00  7.54691165e-04  1.44000000e+00  1.90000000e+00 
 1.45000000e+00  1.45000000e+00  1.45000000e+00  7.65914336e-04  1.45000000e+00  1.90000000e+00 
 1.46000000e+00  1.46000000e+00  1.46000000e+00  7.77132328e-04  1.46000000e+00  1.90000000e+00 
 1.47000000e+00  1.47000000e+00  1.47000000e+00  7.88344980e-04  1.47000000e+00  1.90000000e+00 
 1.48000000e+00  1.48000000e+00  1.48000000e+00  7.99552142e-04  1.48000000e+00  1.90000000e+00 
 1.49000000e+00  1.49000000e+00  1.49000000e+00  8.10753671e-04  1.49000000e+00  1.90000000e+00 
 1.50000000e+00  1.50000000e+00  1.50000000e+00  8.21949435e-04  1.50000000e+00  1.90000000e+00 
 1.51000000e+00  1.51000000e+00  1.51000000e+00  8.33139311e-04  1.51000000e+00  1.90000000e+00 
 1.52000000e+00  1.52000000e+00  1.52000000e+00  8.44323180e-04  1.52000000e+00  1.90000000e+00 
 1.53000000e+00  1.53000000e+00  1.53000000e+00  8.55500936e-04  1.53000000e+00  1.90000000e+00 
 1.54000000e+00  1.54000000e+00  1.54000000e+00  8.66672475e-04  1.54000000e+00  1.90000000e+00 
 1.55000000e+00  1.55000000e+00  1.55000000e+00  8.77837703e-04  1.55000000e+00  1.90000000e+00 
 1.56000000e+00  1.56000000e+00  1.56000000e+00  8.88996531e-04  1.56000000e+00  1.90000000e+00 
 1.57000000e+00  1.57000000e+00  1.57000000e+00  9.00148875e-04  1.57000000e+00  1.90000000e+00 
 1.58000000e+00  1.58000000e+00  1.58000000e+00  9.11294657e-04  1.58000000e+00  1.90000000e+00 
 1.59000000e+00  1.59000000e+00  1.59000000e+00  9.22433806e-04  1.59000000e+00  1.90000000e+00 
 1.60000000e+00  1.60000000e+00  1.60000000e+00  9.33566253e-04  1.60000000e+00  1.90000000e+00 
 1.61000000e+00  1.61000000e+00  1.61000000e+00  9.44691936e-04  1.61000000e+00  1.90000000e+00 
 1.62000000e+00  1.62000000e+00  1.62000000e+00  9.55810795e-04  1.62000000e+00  1.90000000e+00 
 1.63000000e+00  1.63000000e+00  1.63000000e+00  9.66922775e-04  1.63000000e+00  1.90000000e+00 
 1.64000000e+00  1.64000000e+00  1.64000000e+00  9.78027827e-04  1.64000000e+00  1.90000000e+00 
 1.65000000e+00  1.65000000e+00  1.65000000e+00  9.89125903e-04  1.65000000e+00  1.90000000e+00 
 1.66000000e+00  1.66000000e+00  1.66000000e+00  1.00021696e-03  1.66000000e+00  1.90000000e+00 
 1.67000000e+00  1.67000000e+00  1.67000000e+00  1.01130095e-03  1.67000000e+00  1.90000000e+00 
 1.68000000e+00  1.68000000e+00  1.68000000e+00  1.02237785e-03  1.68000000e+00  1.90000000e+00 
 1.69000000e+00  1.69000000e+00  1.69000000e+00  1.03344761e-03  1.69000000e+00  1.90000000e+00 
 1.70000000e+00  1.70000000e+00  1.70000000e+00  1.04451020e-03  1.70000000e+00  1.90000000e+00 
 1.71000000e+00  1.71000000e+00  1.71000000e+00  1.05556560e-03  1.71000000e+00  1.90000000e+00 
 1.72000000e+00  1.72000000e+00  1.72000000e+00  1.06661378e-03  1.72000000e+00  1.90000000e+00 
 1.73000000e+00  1.73000000e+00  1.73000000e+00  1.07765470e-03  1.73000000e+00  1.90000000e+00 
 1.74000000e+00  1.74000000e+00  1.74000000e+00  1.08868835e-03  1.74000000e+00  1.90000000e+00 
 1.75000000e+00  1.75000000e+00  1.75000000e+00  1.09971470e-03  1.75000000e+00  1.90000000e+00 
 1.76000000e+00  1.76000000e+00  1.76000000e+00  1.11073374e-03  1.76000000e+00  1.90000000e+00 
 1.77000000e+00  1.77000000e+00  1.77000000e+00  1.12174545e-03  1.77000000e+00  1.90000000e+00 
 1.78000000e+00  1.78000000e+00  1.78000000e+00  1.13274980e-03  1.78000000e+00  1.90000000e+00 
 1.79000000e+00  1.79000000e+00  1.79000000e+00  1.14374679e-03  1.79000000e+00  1.90000000e+00 
 1.80000000e+00  1.80000000e+00  1.80000000e+00  1.15473640e-03  1.80000000e+00  1.90000000e+00 
 1.81000000e+00  1.81000000e+00  1.81000000e+00  1.16571861e-03  1.81000000e+00  1.90000000e+00 
 1.82000000e+00  1.82000000e+00  1.82000000e+00  1.17669342e-03  1.82000000e+00  1.90000000e+00 
 1.83000000e+00  1.83000000e+00  1.83000000e+00  1.18766081e-03  1.83000000e+00  1.90000000e+00 
 1.84000000e+00  1.84000000e+00  1.84000000e+00  1.19862078e-03  1.84000000e+00  1.90000000e+00 
 1.85000000e+00  1.85000000e+00  1.85000000e+00  1.20957331e-03  1.85000000e+00  1.90000000e+00 
