 0.00000000e+00  0.00000000e+00  0.00000000e+00  4.31189449e-22  0.00000000e+00  1.00000000e-02 
 1.00000000e-02  1.00000000e-02  1.00000000e-02  6.99032558e-22  1.00000000e-02  1.00000000e-02 
 2.00000000e-02  2.00000000e-02  2.00000000e-02  1.13325250e-21  2.00000000e-02  1.00000000e-02 
 3.00000000e-02  3.00000000e-02  3.00000000e-02  1.83719799e-21  3.00000000e-02  1.00000000e-02 
 4.00000000e-02  4.00000000e-02  4.00000000e-02  2.97841519e-21  4.00000000e-02  1.00000000e-02 
 5.00000000e-02  5.00000000e-02  5.00000000e-02  4.82852528e-21  5.00000000e-02  1.00000000e-02 
 6.00000000e-02  6.00000000e-02  6.00000000e-02  7.82787313e-21  6.00000000e-02  1.00000000e-02 
 7.00000000e-02  7.00000000e-02  7.00000000e-02  1.26903337e-20  7.00000000e-02  1.00000000e-02 
 8.00000000e-02  8.00000000e-02  8.00000000e-02  2.05732214e-20  8.00000000e-02  1.00000000e-02 
 9.00000000e-02  9.00000000e-02  9.00000000e-02  3.33527425e-20  9.00000000e-02  1.00000000e-02 
 1.00000000e-01  1.00000000e-01  1.00000000e-01  5.40705504e-20  1.00000000e-01  1.00000000e-02 
 1.10000000e-01  1.10000000e-01  1.10000000e-01  8.76576892e-20  1.10000000e-01  1.00000000e-02 
 1.20000000e-01  1.20000000e-01  1.20000000e-01  1.42108230e-19  1.20000000e-01  1.00000000e-02 
 1.30000000e-01  1.30000000e-01  1.30000000e-01  2.30381934e-19  1.30000000e-01  1.00000000e-02 
 1.40000000e-01  1.40000000e-01  1.40000000e-01  3.73488802e-19  1.40000000e-01  1.00000000e-02 
 1.50000000e-01  1.50000000e-01  1.50000000e-01  6.05489641e-19  1.50000000e-01  1.00000000e-02 
 1.60000000e-01  1.60000000e-01  1.60000000e-01  9.81602843e-19  1.60000000e-01  1.00000000e-02 
 1.70000000e-01  1.70000000e-01  1.70000000e-01  1.59134683e-18  1.70000000e-01  1.00000000e-02 
 1.80000000e-01  1.80000000e-01  1.80000000e-01  2.57984618e-18  1.80000000e-01  1.00000000e-02 
 1.90000000e-01  1.90000000e-01  1.90000000e-01  4.18237233e-18  1.90000000e-01  1.00000000e-02 
 2.00000000e-01  2.00000000e-01  2.00000000e-01  6.78033987e-18  2.00000000e-01  1.00000000e-02 
 2.10000000e-01  2.10000000e-01  2.10000000e-01  1.09920854e-17  2.10000000e-01  1.00000000e-02 
 2.20000000e-01  2.20000000e-01  2.20000000e-01  1.78200346e-17  2.20000000e-01  1.00000000e-02 
 2.30000000e-01  2.30000000e-01  2.30000000e-01  2.88892831e-17  2.30000000e-01  1.00000000e-02 
 2.40000000e-01  2.40000000e-01  2.40000000e-01  4.68343714e-17  2.40000000e-01  1.00000000e-02 
 2.50000000e-01  2.50000000e-01  2.50000000e-01  7.59263033e-17  2.50000000e-01  1.00000000e-02 
 2.60000000e-01  2.60000000e-01  2.60000000e-01  1.23089029e-16  2.60000000e-01  1.00000000e-02 
 2.70000000e-01  2.70000000e-01  2.70000000e-01  1.99547289e-16  2.70000000e-01  1.00000000e-02 
 2.80000000e-01  2.80000000e-01  2.80000000e-01  3.23497968e-16  2.80000000e-01  1.00000000e-02 
 2.90000000e-01  2.90000000e-01  2.90000000e-01  5.24440602e-16  2.90000000e-01  1.00000000e-02 
 3.00000000e-01  3.00000000e-01  3.00000000e-01  8.50197492e-16  3.00000000e-01  1.00000000e-02 
 3.10000000e-01  3.10000000e-01  3.10000000e-01  1.37829365e-15  3.10000000e-01  1.00000000e-02 
 3.20000000e-01  3.20000000e-01  3.20000000e-01  2.23440390e-15  3.20000000e-01  1.00000000e-02 
 3.30000000e-01  3.30000000e-01  3.30000000e-01  3.62225524e-15  3.30000000e-01  1.00000000e-02 
 3.40000000e-01  3.40000000e-01  3.40000000e-01  5.87209624e-15  3.40000000e-01  1.00000000e-02 
 3.50000000e-01  3.50000000e-01  3.50000000e-01  9.51925887e-15  3.50000000e-01  1.00000000e-02 
 3.60000000e-01  3.60000000e-01  3.60000000e-01  1.54314891e-14  3.60000000e-01  1.00000000e-02 
 3.70000000e-01  3.70000000e-01  3.70000000e-01  2.50153062e-14  3.70000000e-01  1.00000000e-02 
 3.80000000e-01  3.80000000e-01  3.80000000e-01  4.05504118e-14  3.80000000e-01  1.00000000e-02 
 3.90000000e-01  3.90000000e-01  3.90000000e-01  6.57315455e-14  3.90000000e-01  1.00000000e-02 
 4.00000000e-01  4.00000000e-01  4.00000000e-01  1.06546353e-13  4.00000000e-01  1.00000000e-02 
 4.10000000e-01  4.10000000e-01  4.10000000e-01  1.72697375e-13  4.10000000e-01  1.00000000e-02 
 4.20000000e-01  4.20000000e-01  4.20000000e-01  2.79904905e-13  4.20000000e-01  1.00000000e-02 
 4.30000000e-01  4.30000000e-01  4.30000000e-01  4.53635285e-13  4.30000000e-01  1.00000000e-02 
 4.40000000e-01  4.40000000e-01  4.40000000e-01  7.35134802e-13  4.40000000e-01  1.00000000e-02 
 4.50000000e-01  4.50000000e-01  4.50000000e-01  1.19119042e-12  4.50000000e-01  1.00000000e-02 
 4.60000000e-01  4.60000000e-01  4.60000000e-01  1.92991005e-12  4.60000000e-01  1.00000000e-02 
 4.70000000e-01  4.70000000e-01  4.70000000e-01  3.12621564e-12  4.70000000e-01  1.00000000e-02 
 4.80000000e-01  4.80000000e-01  4.80000000e-01  5.06298894e-12  4.80000000e-01  1.00000000e-02 
 4.90000000e-01  4.90000000e-01  4.90000000e-01  8.19740244e-12  4.90000000e-01  1.00000000e-02 
 5.00000000e-01  5.00000000e-01  5.00000000e-01  1.32676926e-11  5.00000000e-01  1.00000000e-02 
 5.10000000e-01  5.10000000e-01  5.10000000e-01  2.14647154e-11  5.10000000e-01  1.00000000e-02 
 5.20000000e-01  5.20000000e-01  5.20000000e-01  3.47069549e-11  5.20000000e-01  1.00000000e-02 
 5.30000000e-01  5.30000000e-01  5.30000000e-01  5.60801142e-11  5.30000000e-01  1.00000000e-02 
 5.40000000e-01  5.40000000e-01  5.40000000e-01  9.05373417e-11  5.40000000e-01  1.00000000e-02 
 5.50000000e-01  5.50000000e-01  5.50000000e-01  1.46009934e-10  5.50000000e-01  1.00000000e-02 
 5.60000000e-01  5.60000000e-01  5.60000000e-01  2.35160366e-10  5.60000000e-01  1.00000000e-02 
 5.70000000e-01  5.70000000e-01  5.70000000e-01  3.78133205e-10  5.70000000e-01  1.00000000e-02 
 5.80000000e-01  5.80000000e-01  5.80000000e-01  6.06844449e-10  5.80000000e-01  1.00000000e-02 
 5.90000000e-01  5.90000000e-01  5.90000000e-01  9.71625292e-10  5.90000000e-01  1.00000000e-02 
 6.00000000e-01  6.00000000e-01  6.00000000e-01  1.55144900e-09  6.00000000e-01  1.00000000e-02 
 6.10000000e-01  6.10000000e-01  6.10000000e-01  2.46960034e-09  6.10000000e-01  1.00000000e-02 
 6.20000000e-01  6.20000000e-01  6.20000000e-01  3.91764405e-09  6.20000000e-01  1.00000000e-02 
 6.30000000e-01  6.30000000e-01  6.30000000e-01  6.19217856e-09  6.30000000e-01  1.00000000e-02 
 6.40000000e-01  6.40000000e-01  6.40000000e-01  9.75154053e-09  6.40000000e-01  1.00000000e-02 
 6.50000000e-01  6.50000000e-01  6.50000000e-01  1.53037858e-08  6.50000000e-01  1.00000000e-02 
 6.60000000e-01  6.60000000e-01  6.60000000e-01  2.39426647e-08  6.60000000e-01  1.00000000e-02 
 6.70000000e-01  6.70000000e-01  6.70000000e-01  3.73521686e-08  6.70000000e-01  1.00000000e-02 
 6.80000000e-01  6.80000000e-01  6.80000000e-01  5.80942449e-08  6.80000000e-01  1.00000000e-02 
 6.90000000e-01  6.90000000e-01  6.90000000e-01  8.99632201e-08  6.90000000e-01  1.00000000e-02 
 7.00000000e-01  7.00000000e-01  7.00000000e-01  1.38320139e-07  7.00000000e-01  1.00000000e-02 
 7.10000000e-01  7.10000000e-01  7.10000000e-01  2.10222698e-07  7.10000000e-01  1.00000000e-02 
 7.20000000e-01  7.20000000e-01  7.20000000e-01  3.14108934e-07  7.20000000e-01  1.00000000e-02 
 7.30000000e-01  7.30000000e-01  7.30000000e-01  4.58879372e-07  7.30000000e-01  1.00000000e-02 
 7.40000000e-01  7.40000000e-01  7.40000000e-01  6.52489520e-07  7.40000000e-01  1.00000000e-02 
 7.50000000e-01  7.50000000e-01  7.50000000e-01  9.00475775e-07  7.50000000e-01  1.00000000e-02 
 7.60000000e-01  7.60000000e-01  7.60000000e-01  1.20494997e-06  7.60000000e-01  1.00000000e-02 
 7.70000000e-01  7.70000000e-01  7.70000000e-01  1.56439783e-06  7.70000000e-01  1.00000000e-02 
 7.80000000e-01  7.80000000e-01  7.80000000e-01  1.97424929e-06  7.80000000e-01  1.00000000e-02 
 7.90000000e-01  7.90000000e-01  7.90000000e-01  2.42790794e-06  7.90000000e-01  1.00000000e-02 
 8.00000000e-01  8.00000000e-01  8.00000000e-01  2.91786284e-06  8.00000000e-01  1.00000000e-02 
 8.10000000e-01  8.10000000e-01  8.10000000e-01  3.43661237e-06  8.10000000e-01  1.00000000e-02 
 8.20000000e-01  8.20000000e-01  8.20000000e-01  3.97728622e-06  8.20000000e-01  1.00000000e-02 
 8.30000000e-01  8.30000000e-01  8.30000000e-01  4.53397279e-06  8.30000000e-01  1.00000000e-02 
 8.40000000e-01  8.40000000e-01  8.40000000e-01  5.10181990e-06  8.40000000e-01  1.00000000e-02 
 8.50000000e-01  8.50000000e-01  8.50000000e-01  5.67698956e-06  8.50000000e-01  1.00000000e-02 
 8.60000000e-01  8.60000000e-01  8.60000000e-01  6.25653554e-06  8.60000000e-01  1.00000000e-02 
 8.70000000e-01  8.70000000e-01  8.70000000e-01  6.83825182e-06  8.70000000e-01  1.00000000e-02 
 8.80000000e-01  8.80000000e-01  8.80000000e-01  7.42052172e-06  8.80000000e-01  1.00000000e-02 
 8.90000000e-01  8.90000000e-01  8.90000000e-01  8.00218272e-06  8.90000000e-01  1.00000000e-02 
 9.00000000e-01  9.00000000e-01  9.00000000e-01  8.58241307e-06  9.00000000e-01  1.00000000e-02 
 9.10000000e-01  9.10000000e-01  9.10000000e-01  9.16064097e-06  9.10000000e-01  1.00000000e-02 
 9.20000000e-01  9.20000000e-01  9.20000000e-01  9.73647404e-06  9.20000000e-01  1.00000000e-02 
 9.30000000e-01  9.30000000e-01  9.30000000e-01  1.03096461e-05  9.30000000e-01  1.00000000e-02 
 9.40000000e-01  9.40000000e-01  9.40000000e-01  1.08799776e-05  9.40000000e-01  1.00000000e-02 
 9.50000000e-01  9.50000000e-01  9.50000000e-01  1.14473473e-05  9.50000000e-01  1.00000000e-02 
 9.60000000e-01  9.60000000e-01  9.60000000e-01  1.20116719e-05  9.60000000e-01  1.00000000e-02 
 9.70000000e-01  9.70000000e-01  9.70000000e-01  1.25728914e-05  9.70000000e-01  1.00000000e-02 
 9.80000000e-01  9.80000000e-01  9.80000000e-01  1.31309602e-05  9.80000000e-01  1.00000000e-02 
 9.90000000e-01  9.90000000e-01  9.90000000e-01  1.36858402e-05  9.90000000e-01  1.00000000e-02 
 1.00000000e+00  1.00000000e+00  1.00000000e+00  1.42374968e-05  1.00000000e+00  1.00000000e-02 
 1.01000000e+00  1.01000000e+00  1.01000000e+00  1.47858961e-05  1.01000000e+00  1.00000000e-02 
 1.02000000e+00  1.02000000e+00  1.02000000e+00  1.53310041e-05  1.02000000e+00  1.00000000e-02 
 1.03000000e+00  1.03000000e+00  1.03000000e+00  1.58727852e-05  1.03000000e+00  1.00000000e-02 
 1.04000000e+00  1.04000000e+00  1.04000000e+00  1.64112025e-05  1.04000000e+00  1.00000000e-02 
 1.05000000e+00  1.05000000e+00  1.05000000e+00  1.69462178e-05  1.05000000e+00  1.00000000e-02 
 1.06000000e+00  1.06000000e+00  1.06000000e+00  1.74777916e-05  1.06000000e+00  1.00000000e-02 
 1.07000000e+00  1.07000000e+00  1.07000000e+00  1.80058837e-05  1.07000000e+00  1.00000000e-02 
 1.08000000e+00  1.08000000e+00  1.08000000e+00  1.85304533e-05  1.08000000e+00  1.00000000e-02 
 1.09000000e+00  1.09000000e+00  1.09000000e+00  1.90514596e-05  1.09000000e+00  1.00000000e-02 
 1.10000000e+00  1.10000000e+00  1.10000000e+00  1.95688622e-05  1.10000000e+00  1.00000000e-02 
 1.11000000e+00  1.11000000e+00  1.11000000e+00  2.00826207e-05  1.11000000e+00  1.00000000e-02 
 1.12000000e+00  1.12000000e+00  1.12000000e+00  2.05926961e-05  1.12000000e+00  1.00000000e-02 
 1.13000000e+00  1.13000000e+00  1.13000000e+00  2.10990500e-05  1.13000000e+00  1.00000000e-02 
 1.14000000e+00  1.14000000e+00  1.14000000e+00  2.16016452e-05  1.14000000e+00  1.00000000e-02 
 1.15000000e+00  1.15000000e+00  1.15000000e+00  2.21004461e-05  1.15000000e+00  1.00000000e-02 
 1.16000000e+00  1.16000000e+00  1.16000000e+00  2.25954182e-05  1.16000000e+00  1.00000000e-02 
 1.17000000e+00  1.17000000e+00  1.17000000e+00  2.30865288e-05  1.17000000e+00  1.00000000e-02 
 1.18000000e+00  1.18000000e+00  1.18000000e+00  2.35737466e-05  1.18000000e+00  1.00000000e-02 
 1.19000000e+00  1.19000000e+00  1.19000000e+00  2.40570421e-05  1.19000000e+00  1.00000000e-02 
 1.20000000e+00  1.20000000e+00  1.20000000e+00  2.45363874e-05  1.20000000e+00  1.00000000e-02 
 1.21000000e+00  1.21000000e+00  1.21000000e+00  2.50117563e-05  1.21000000e+00  1.00000000e-02 
 1.22000000e+00  1.22000000e+00  1.22000000e+00  2.54831242e-05  1.22000000e+00  1.00000000e-02 
 1.23000000e+00  1.23000000e+00  1.23000000e+00  2.59504683e-05  1.23000000e+00  1.00000000e-02 
 1.24000000e+00  1.24000000e+00  1.24000000e+00  2.64137673e-05  1.24000000e+00  1.00000000e-02 
 1.25000000e+00  1.25000000e+00  1.25000000e+00  2.68730018e-05  1.25000000e+00  1.00000000e-02 
 1.26000000e+00  1.26000000e+00  1.26000000e+00  2.73281538e-05  1.26000000e+00  1.00000000e-02 
 1.27000000e+00  1.27000000e+00  1.27000000e+00  2.77792069e-05  1.27000000e+00  1.00000000e-02 
 1.28000000e+00  1.28000000e+00  1.28000000e+00  2.82261465e-05  1.28000000e+00  1.00000000e-02 
 1.29000000e+00  1.29000000e+00  1.29000000e+00  2.86689592e-05  1.29000000e+00  1.00000000e-02 
 1.30000000e+00  1.30000000e+00  1.30000000e+00  2.91076333e-05  1.30000000e+00  1.00000000e-02 
 1.31000000e+00  1.31000000e+00  1.31000000e+00  2.95421586e-05  1.31000000e+00  1.00000000e-02 
 1.32000000e+00  1.32000000e+00  1.32000000e+00  2.99725262e-05  1.32000000e+00  1.00000000e-02 
 1.33000000e+00  1.33000000e+00  1.33000000e+00  3.03987286e-05  1.33000000e+00  1.00000000e-02 
 1.34000000e+00  1.34000000e+00  1.34000000e+00  3.08207597e-05  1.34000000e+00  1.00000000e-02 
 1.35000000e+00  1.35000000e+00  1.35000000e+00  3.12386147e-05  1.35000000e+00  1.00000000e-02 
 1.36000000e+00  1.36000000e+00  1.36000000e+00  3.16522902e-05  1.36000000e+00  1.00000000e-02 
 1.37000000e+00  1.37000000e+00  1.37000000e+00  3.20617839e-05  1.37000000e+00  1.00000000e-02 
 1.38000000e+00  1.38000000e+00  1.38000000e+00  3.24670948e-05  1.38000000e+00  1.00000000e-02 
 1.39000000e+00  1.39000000e+00  1.39000000e+00  3.28682230e-05  1.39000000e+00  1.00000000e-02 
 1.40000000e+00  1.40000000e+00  1.40000000e+00  3.32651700e-05  1.40000000e+00  1.00000000e-02 
 1.41000000e+00  1.41000000e+00  1.41000000e+00  3.36579380e-05  1.41000000e+00  1.00000000e-02 
 1.42000000e+00  1.42000000e+00  1.42000000e+00  3.40465306e-05  1.42000000e+00  1.00000000e-02 
 1.43000000e+00  1.43000000e+00  1.43000000e+00  3.44309525e-05  1.43000000e+00  1.00000000e-02 
 1.44000000e+00  1.44000000e+00  1.44000000e+00  3.48112092e-05  1.44000000e+00  1.00000000e-02 
 1.45000000e+00  1.45000000e+00  1.45000000e+00  3.51873072e-05  1.45000000e+00  1.00000000e-02 
 1.46000000e+00  1.46000000e+00  1.46000000e+00  3.55592543e-05  1.46000000e+00  1.00000000e-02 
 1.47000000e+00  1.47000000e+00  1.47000000e+00  3.59270587e-05  1.47000000e+00  1.00000000e-02 
 1.48000000e+00  1.48000000e+00  1.48000000e+00  3.62907301e-05  1.48000000e+00  1.00000000e-02 
 1.49000000e+00  1.49000000e+00  1.49000000e+00  3.66502785e-05  1.49000000e+00  1.00000000e-02 
 1.50000000e+00  1.50000000e+00  1.50000000e+00  3.70057153e-05  1.50000000e+00  1.00000000e-02 
 1.51000000e+00  1.51000000e+00  1.51000000e+00  3.73570522e-05  1.51000000e+00  1.00000000e-02 
 1.52000000e+00  1.52000000e+00  1.52000000e+00  3.77043020e-05  1.52000000e+00  1.00000000e-02 
 1.53000000e+00  1.53000000e+00  1.53000000e+00  3.80474783e-05  1.53000000e+00  1.00000000e-02 
 1.54000000e+00  1.54000000e+00  1.54000000e+00  3.83865953e-05  1.54000000e+00  1.00000000e-02 
 1.55000000e+00  1.55000000e+00  1.55000000e+00  3.87216679e-05  1.55000000e+00  1.00000000e-02 
 1.56000000e+00  1.56000000e+00  1.56000000e+00  3.90527119e-05  1.56000000e+00  1.00000000e-02 
 1.57000000e+00  1.57000000e+00  1.57000000e+00  3.93797435e-05  1.57000000e+00  1.00000000e-02 
 1.58000000e+00  1.58000000e+00  1.58000000e+00  3.97027797e-05  1.58000000e+00  1.00000000e-02 
 1.59000000e+00  1.59000000e+00  1.59000000e+00  4.00218381e-05  1.59000000e+00  1.00000000e-02 
 1.60000000e+00  1.60000000e+00  1.60000000e+00  4.03369369e-05  1.60000000e+00  1.00000000e-02 
 1.61000000e+00  1.61000000e+00  1.61000000e+00  4.06480949e-05  1.61000000e+00  1.00000000e-02 
 1.62000000e+00  1.62000000e+00  1.62000000e+00  4.09553313e-05  1.62000000e+00  1.00000000e-02 
 1.63000000e+00  1.63000000e+00  1.63000000e+00  4.12586659e-05  1.63000000e+00  1.00000000e-02 
 1.64000000e+00  1.64000000e+00  1.64000000e+00  4.15581192e-05  1.64000000e+00  1.00000000e-02 
 1.65000000e+00  1.65000000e+00  1.65000000e+00  4.18537120e-05  1.65000000e+00  1.00000000e-02 
 1.66000000e+00  1.66000000e+00  1.66000000e+00  4.21454655e-05  1.66000000e+00  1.00000000e-02 
 1.67000000e+00  1.67000000e+00  1.67000000e+00  4.24334015e-05  1.67000000e+00  1.00000000e-02 
 1.68000000e+00  1.68000000e+00  1.68000000e+00  4.27175422e-05  1.68000000e+00  1.00000000e-02 
 1.69000000e+00  1.69000000e+00  1.69000000e+00  4.29979102e-05  1.69000000e+00  1.00000000e-02 
 1.70000000e+00  1.70000000e+00  1.70000000e+00  4.32745283e-05  1.70000000e+00  1.00000000e-02 
 1.71000000e+00  1.71000000e+00  1.71000000e+00  4.35474201e-05  1.71000000e+00  1.00000000e-02 
 1.72000000e+00  1.72000000e+00  1.72000000e+00  4.38166091e-05  1.72000000e+00  1.00000000e-02 
 1.73000000e+00  1.73000000e+00  1.73000000e+00  4.40821193e-05  1.73000000e+00  1.00000000e-02 
 1.74000000e+00  1.74000000e+00  1.74000000e+00  4.43439752e-05  1.74000000e+00  1.00000000e-02 
 1.75000000e+00  1.75000000e+00  1.75000000e+00  4.46022013e-05  1.75000000e+00  1.00000000e-02 
 1.76000000e+00  1.76000000e+00  1.76000000e+00  4.48568226e-05  1.76000000e+00  1.00000000e-02 
 1.77000000e+00  1.77000000e+00  1.77000000e+00  4.51078642e-05  1.77000000e+00  1.00000000e-02 
 1.78000000e+00  1.78000000e+00  1.78000000e+00  4.53553516e-05  1.78000000e+00  1.00000000e-02 
 1.79000000e+00  1.79000000e+00  1.79000000e+00  4.55993105e-05  1.79000000e+00  1.00000000e-02 
 1.80000000e+00  1.80000000e+00  1.80000000e+00  4.58397668e-05  1.80000000e+00  1.00000000e-02 
 1.81000000e+00  1.81000000e+00  1.81000000e+00  4.60767466e-05  1.81000000e+00  1.00000000e-02 
 1.82000000e+00  1.82000000e+00  1.82000000e+00  4.63102761e-05  1.82000000e+00  1.00000000e-02 
 1.83000000e+00  1.83000000e+00  1.83000000e+00  4.65403819e-05  1.83000000e+00  1.00000000e-02 
 1.84000000e+00  1.84000000e+00  1.84000000e+00  4.67670905e-05  1.84000000e+00  1.00000000e-02 
 1.85000000e+00  1.85000000e+00  1.85000000e+00  4.69904288e-05  1.85000000e+00  1.00000000e-02 
