 0.00000000e+00  0.00000000e+00  0.00000000e+00  1.26602430e-20  0.00000000e+00  1.10000000e+00 
 1.00000000e-02  1.00000000e-02  1.00000000e-02  2.05160866e-20  1.00000000e-02  1.10000000e+00 
 2.00000000e-02  2.00000000e-02  2.00000000e-02  3.32465816e-20  2.00000000e-02  1.10000000e+00 
 3.00000000e-02  3.00000000e-02  3.00000000e-02  5.38765121e-20  3.00000000e-02  1.10000000e+00 
 4.00000000e-02  4.00000000e-02  4.00000000e-02  8.73075781e-20  4.00000000e-02  1.10000000e+00 
 5.00000000e-02  5.00000000e-02  5.00000000e-02  1.41483047e-19  5.00000000e-02  1.10000000e+00 
 6.00000000e-02  6.00000000e-02  6.00000000e-02  2.29275085e-19  6.00000000e-02  1.10000000e+00 
 7.00000000e-02  7.00000000e-02  7.00000000e-02  3.71543196e-19  7.00000000e-02  1.10000000e+00 
 8.00000000e-02  8.00000000e-02  8.00000000e-02  6.02090466e-19  8.00000000e-02  1.10000000e+00 
 9.00000000e-02  9.00000000e-02  9.00000000e-02  9.75695216e-19  9.00000000e-02  1.10000000e+00 
 1.00000000e-01  1.00000000e-01  1.00000000e-01  1.58112638e-18  1.00000000e-01  1.10000000e+00 
 1.10000000e-01  1.10000000e-01  1.10000000e-01  2.56223506e-18  1.10000000e-01  1.10000000e+00 
 1.20000000e-01  1.20000000e-01  1.20000000e-01  4.15213368e-18  1.20000000e-01  1.10000000e+00 
 1.30000000e-01  1.30000000e-01  1.30000000e-01  6.72858356e-18  1.30000000e-01  1.10000000e+00 
 1.40000000e-01  1.40000000e-01  1.40000000e-01  1.09037511e-17  1.40000000e-01  1.10000000e+00 
 1.50000000e-01  1.50000000e-01  1.50000000e-01  1.76696582e-17  1.50000000e-01  1.10000000e+00 
 1.60000000e-01  1.60000000e-01  1.60000000e-01  2.86338862e-17  1.60000000e-01  1.10000000e+00 
 1.70000000e-01  1.70000000e-01  1.70000000e-01  4.64015351e-17  1.70000000e-01  1.10000000e+00 
 1.80000000e-01  1.80000000e-01  1.80000000e-01  7.51941896e-17  1.80000000e-01  1.10000000e+00 
 1.90000000e-01  1.90000000e-01  1.90000000e-01  1.21852956e-16  1.90000000e-01  1.10000000e+00 
 2.00000000e-01  2.00000000e-01  2.00000000e-01  1.97463877e-16  2.00000000e-01  1.10000000e+00 
 2.10000000e-01  2.10000000e-01  2.10000000e-01  3.19991916e-16  2.10000000e-01  1.10000000e+00 
 2.20000000e-01  2.20000000e-01  2.20000000e-01  5.18549288e-16  2.20000000e-01  1.10000000e+00 
 2.30000000e-01  2.30000000e-01  2.30000000e-01  8.40312225e-16  2.30000000e-01  1.10000000e+00 
 2.40000000e-01  2.40000000e-01  2.40000000e-01  1.36172941e-15  2.40000000e-01  1.10000000e+00 
 2.50000000e-01  2.50000000e-01  2.50000000e-01  2.20668483e-15  2.50000000e-01  1.10000000e+00 
 2.60000000e-01  2.60000000e-01  2.60000000e-01  3.57592979e-15  2.60000000e-01  1.10000000e+00 
 2.70000000e-01  2.70000000e-01  2.70000000e-01  5.79477553e-15  2.70000000e-01  1.10000000e+00 
 2.80000000e-01  2.80000000e-01  2.80000000e-01  9.39037480e-15  2.80000000e-01  1.10000000e+00 
 2.90000000e-01  2.90000000e-01  2.90000000e-01  1.52169477e-14  2.90000000e-01  1.10000000e+00 
 3.00000000e-01  3.00000000e-01  3.00000000e-01  2.46586914e-14  3.00000000e-01  1.10000000e+00 
 3.10000000e-01  3.10000000e-01  3.10000000e-01  3.99585544e-14  3.10000000e-01  1.10000000e+00 
 3.20000000e-01  3.20000000e-01  3.20000000e-01  6.47509336e-14  3.20000000e-01  1.10000000e+00 
 3.30000000e-01  3.30000000e-01  3.30000000e-01  1.04924733e-13  3.30000000e-01  1.10000000e+00 
 3.40000000e-01  3.40000000e-01  3.40000000e-01  1.70021593e-13  3.40000000e-01  1.10000000e+00 
 3.50000000e-01  3.50000000e-01  3.50000000e-01  2.75500961e-13  3.50000000e-01  1.10000000e+00 
 3.60000000e-01  3.60000000e-01  3.60000000e-01  4.46409094e-13  3.60000000e-01  1.10000000e+00 
 3.70000000e-01  3.70000000e-01  3.70000000e-01  7.23321441e-13  3.70000000e-01  1.10000000e+00 
 3.80000000e-01  3.80000000e-01  3.80000000e-01  1.17196563e-12  3.80000000e-01  1.10000000e+00 
 3.90000000e-01  3.90000000e-01  3.90000000e-01  1.89880175e-12  3.90000000e-01  1.10000000e+00 
 4.00000000e-01  4.00000000e-01  4.00000000e-01  3.07624181e-12  4.00000000e-01  1.10000000e+00 
 4.10000000e-01  4.10000000e-01  4.10000000e-01  4.98345945e-12  4.10000000e-01  1.10000000e+00 
 4.20000000e-01  4.20000000e-01  4.20000000e-01  8.07240142e-12  4.20000000e-01  1.10000000e+00 
 4.30000000e-01  4.30000000e-01  4.30000000e-01  1.30745114e-11  4.30000000e-01  1.10000000e+00 
 4.40000000e-01  4.40000000e-01  4.40000000e-01  2.11731664e-11  4.40000000e-01  1.10000000e+00 
 4.50000000e-01  4.50000000e-01  4.50000000e-01  3.42820636e-11  4.50000000e-01  1.10000000e+00 
 4.60000000e-01  4.60000000e-01  4.60000000e-01  5.54942032e-11  4.60000000e-01  1.10000000e+00 
 4.70000000e-01  4.70000000e-01  4.70000000e-01  8.98050805e-11  4.70000000e-01  1.10000000e+00 
 4.80000000e-01  4.80000000e-01  4.80000000e-01  1.45275675e-10  4.80000000e-01  1.10000000e+00 
 4.90000000e-01  4.90000000e-01  4.90000000e-01  2.34898886e-10  4.90000000e-01  1.10000000e+00 
 5.00000000e-01  5.00000000e-01  5.00000000e-01  3.79587236e-10  5.00000000e-01  1.10000000e+00 
 5.10000000e-01  5.10000000e-01  5.10000000e-01  6.12940175e-10  5.10000000e-01  1.10000000e+00 
 5.20000000e-01  5.20000000e-01  5.20000000e-01  9.88820706e-10  5.20000000e-01  1.10000000e+00 
 5.30000000e-01  5.30000000e-01  5.30000000e-01  1.59333767e-09  5.30000000e-01  1.10000000e+00 
 5.40000000e-01  5.40000000e-01  5.40000000e-01  2.56368152e-09  5.40000000e-01  1.10000000e+00 
 5.50000000e-01  5.50000000e-01  5.50000000e-01  4.11751832e-09  5.50000000e-01  1.10000000e+00 
 5.60000000e-01  5.60000000e-01  5.60000000e-01  6.59846523e-09  5.60000000e-01  1.10000000e+00 
 5.70000000e-01  5.70000000e-01  5.70000000e-01  1.05457446e-08  5.70000000e-01  1.10000000e+00 
 5.80000000e-01  5.80000000e-01  5.80000000e-01  1.67996908e-08  5.80000000e-01  1.10000000e+00 
 5.90000000e-01  5.90000000e-01  5.90000000e-01  2.66597063e-08  5.90000000e-01  1.10000000e+00 
 6.00000000e-01  6.00000000e-01  6.00000000e-01  4.21181085e-08  6.00000000e-01  1.10000000e+00 
 6.10000000e-01  6.10000000e-01  6.10000000e-01  6.62031743e-08  6.10000000e-01  1.10000000e+00 
 6.20000000e-01  6.20000000e-01  6.20000000e-01  1.03479561e-07  6.20000000e-01  1.10000000e+00 
 6.30000000e-01  6.30000000e-01  6.30000000e-01  1.60776974e-07  6.30000000e-01  1.10000000e+00 
 6.40000000e-01  6.40000000e-01  6.40000000e-01  2.48249776e-07  6.40000000e-01  1.10000000e+00 
 6.50000000e-01  6.50000000e-01  6.50000000e-01  3.80903513e-07  6.50000000e-01  1.10000000e+00 
 6.60000000e-01  6.60000000e-01  6.60000000e-01  5.80727121e-07  6.60000000e-01  1.10000000e+00 
 6.70000000e-01  6.70000000e-01  6.70000000e-01  8.79470923e-07  6.70000000e-01  1.10000000e+00 
 6.80000000e-01  6.80000000e-01  6.80000000e-01  1.32181314e-06  6.80000000e-01  1.10000000e+00 
 6.90000000e-01  6.90000000e-01  6.90000000e-01  1.96812054e-06  6.90000000e-01  1.10000000e+00 
 7.00000000e-01  7.00000000e-01  7.00000000e-01  2.89539485e-06  7.00000000e-01  1.10000000e+00 
 7.10000000e-01  7.10000000e-01  7.10000000e-01  4.19474909e-06  7.10000000e-01  1.10000000e+00 
 7.20000000e-01  7.20000000e-01  7.20000000e-01  5.96439562e-06  7.20000000e-01  1.10000000e+00 
 7.30000000e-01  7.30000000e-01  7.30000000e-01  8.29873722e-06  7.30000000e-01  1.10000000e+00 
 7.40000000e-01  7.40000000e-01  7.40000000e-01  1.12760342e-05  7.40000000e-01  1.10000000e+00 
 7.50000000e-01  7.50000000e-01  7.50000000e-01  1.49481136e-05  7.50000000e-01  1.10000000e+00 
 7.60000000e-01  7.60000000e-01  7.60000000e-01  1.93349752e-05  7.60000000e-01  1.10000000e+00 
 7.70000000e-01  7.70000000e-01  7.70000000e-01  2.44252818e-05  7.70000000e-01  1.10000000e+00 
 7.80000000e-01  7.80000000e-01  7.80000000e-01  3.01817071e-05  7.80000000e-01  1.10000000e+00 
 7.90000000e-01  7.90000000e-01  7.90000000e-01  3.65489322e-05  7.90000000e-01  1.10000000e+00 
 8.00000000e-01  8.00000000e-01  8.00000000e-01  4.34620101e-05  8.00000000e-01  1.10000000e+00 
 8.10000000e-01  8.10000000e-01  8.10000000e-01  5.08534893e-05  8.10000000e-01  1.10000000e+00 
 8.20000000e-01  8.20000000e-01  8.20000000e-01  5.86585646e-05  8.20000000e-01  1.10000000e+00 
 8.30000000e-01  8.30000000e-01  8.30000000e-01  6.68182164e-05  8.30000000e-01  1.10000000e+00 
 8.40000000e-01  8.40000000e-01  8.40000000e-01  7.52806932e-05  8.40000000e-01  1.10000000e+00 
 8.50000000e-01  8.50000000e-01  8.50000000e-01  8.40018163e-05  8.50000000e-01  1.10000000e+00 
 8.60000000e-01  8.60000000e-01  8.60000000e-01  9.29445594e-05  8.60000000e-01  1.10000000e+00 
 8.70000000e-01  8.70000000e-01  8.70000000e-01  1.02078250e-04  8.70000000e-01  1.10000000e+00 
 8.80000000e-01  8.80000000e-01  8.80000000e-01  1.11377635e-04  8.80000000e-01  1.10000000e+00 
 8.90000000e-01  8.90000000e-01  8.90000000e-01  1.20821948e-04  8.90000000e-01  1.10000000e+00 
 9.00000000e-01  9.00000000e-01  9.00000000e-01  1.30394072e-04  9.00000000e-01  1.10000000e+00 
 9.10000000e-01  9.10000000e-01  9.10000000e-01  1.40079812e-04  9.10000000e-01  1.10000000e+00 
 9.20000000e-01  9.20000000e-01  9.20000000e-01  1.49867296e-04  9.20000000e-01  1.10000000e+00 
 9.30000000e-01  9.30000000e-01  9.30000000e-01  1.59746488e-04  9.30000000e-01  1.10000000e+00 
 9.40000000e-01  9.40000000e-01  9.40000000e-01  1.69708809e-04  9.40000000e-01  1.10000000e+00 
 9.50000000e-01  9.50000000e-01  9.50000000e-01  1.79746831e-04  9.50000000e-01  1.10000000e+00 
 9.60000000e-01  9.60000000e-01  9.60000000e-01  1.89854050e-04  9.60000000e-01  1.10000000e+00 
 9.70000000e-01  9.70000000e-01  9.70000000e-01  2.00024702e-04  9.70000000e-01  1.10000000e+00 
 9.80000000e-01  9.80000000e-01  9.80000000e-01  2.10253632e-04  9.80000000e-01  1.10000000e+00 
 9.90000000e-01  9.90000000e-01  9.90000000e-01  2.20536189e-04  9.90000000e-01  1.10000000e+00 
 1.00000000e+00  1.00000000e+00  1.00000000e+00  2.30868143e-04  1.00000000e+00  1.10000000e+00 
 1.01000000e+00  1.01000000e+00  1.01000000e+00  2.41245624e-04  1.01000000e+00  1.10000000e+00 
 1.02000000e+00  1.02000000e+00  1.02000000e+00  2.51665072e-04  1.02000000e+00  1.10000000e+00 
 1.03000000e+00  1.03000000e+00  1.03000000e+00  2.62123202e-04  1.03000000e+00  1.10000000e+00 
 1.04000000e+00  1.04000000e+00  1.04000000e+00  2.72616973e-04  1.04000000e+00  1.10000000e+00 
 1.05000000e+00  1.05000000e+00  1.05000000e+00  2.83143559e-04  1.05000000e+00  1.10000000e+00 
 1.06000000e+00  1.06000000e+00  1.06000000e+00  2.93700334e-04  1.06000000e+00  1.10000000e+00 
 1.07000000e+00  1.07000000e+00  1.07000000e+00  3.04284852e-04  1.07000000e+00  1.10000000e+00 
 1.08000000e+00  1.08000000e+00  1.08000000e+00  3.14894834e-04  1.08000000e+00  1.10000000e+00 
 1.09000000e+00  1.09000000e+00  1.09000000e+00  3.25528151e-04  1.09000000e+00  1.10000000e+00 
 1.10000000e+00  1.10000000e+00  1.10000000e+00  3.36182818e-04  1.10000000e+00  1.10000000e+00 
 1.11000000e+00  1.11000000e+00  1.11000000e+00  3.46856979e-04  1.11000000e+00  1.10000000e+00 
 1.12000000e+00  1.12000000e+00  1.12000000e+00  3.57548902e-04  1.12000000e+00  1.10000000e+00 
 1.13000000e+00  1.13000000e+00  1.13000000e+00  3.68256966e-04  1.13000000e+00  1.10000000e+00 
 1.14000000e+00  1.14000000e+00  1.14000000e+00  3.78979656e-04  1.14000000e+00  1.10000000e+00 
 1.15000000e+00  1.15000000e+00  1.15000000e+00  3.89715555e-04  1.15000000e+00  1.10000000e+00 
 1.16000000e+00  1.16000000e+00  1.16000000e+00  4.00463338e-04  1.16000000e+00  1.10000000e+00 
 1.17000000e+00  1.17000000e+00  1.17000000e+00  4.11221763e-04  1.17000000e+00  1.10000000e+00 
 1.18000000e+00  1.18000000e+00  1.18000000e+00  4.21989670e-04  1.18000000e+00  1.10000000e+00 
 1.19000000e+00  1.19000000e+00  1.19000000e+00  4.32765970e-04  1.19000000e+00  1.10000000e+00 
 1.20000000e+00  1.20000000e+00  1.20000000e+00  4.43549643e-04  1.20000000e+00  1.10000000e+00 
 1.21000000e+00  1.21000000e+00  1.21000000e+00  4.54339737e-04  1.21000000e+00  1.10000000e+00 
 1.22000000e+00  1.22000000e+00  1.22000000e+00  4.65135353e-04  1.22000000e+00  1.10000000e+00 
 1.23000000e+00  1.23000000e+00  1.23000000e+00  4.75935654e-04  1.23000000e+00  1.10000000e+00 
 1.24000000e+00  1.24000000e+00  1.24000000e+00  4.86739851e-04  1.24000000e+00  1.10000000e+00 
 1.25000000e+00  1.25000000e+00  1.25000000e+00  4.97547204e-04  1.25000000e+00  1.10000000e+00 
 1.26000000e+00  1.26000000e+00  1.26000000e+00  5.08357019e-04  1.26000000e+00  1.10000000e+00 
 1.27000000e+00  1.27000000e+00  1.27000000e+00  5.19168644e-04  1.27000000e+00  1.10000000e+00 
 1.28000000e+00  1.28000000e+00  1.28000000e+00  5.29981465e-04  1.28000000e+00  1.10000000e+00 
 1.29000000e+00  1.29000000e+00  1.29000000e+00  5.40794907e-04  1.29000000e+00  1.10000000e+00 
 1.30000000e+00  1.30000000e+00  1.30000000e+00  5.51608427e-04  1.30000000e+00  1.10000000e+00 
 1.31000000e+00  1.31000000e+00  1.31000000e+00  5.62421515e-04  1.31000000e+00  1.10000000e+00 
 1.32000000e+00  1.32000000e+00  1.32000000e+00  5.73233691e-04  1.32000000e+00  1.10000000e+00 
 1.33000000e+00  1.33000000e+00  1.33000000e+00  5.84044503e-04  1.33000000e+00  1.10000000e+00 
 1.34000000e+00  1.34000000e+00  1.34000000e+00  5.94853525e-04  1.34000000e+00  1.10000000e+00 
 1.35000000e+00  1.35000000e+00  1.35000000e+00  6.05660355e-04  1.35000000e+00  1.10000000e+00 
 1.36000000e+00  1.36000000e+00  1.36000000e+00  6.16464616e-04  1.36000000e+00  1.10000000e+00 
 1.37000000e+00  1.37000000e+00  1.37000000e+00  6.27265950e-04  1.37000000e+00  1.10000000e+00 
 1.38000000e+00  1.38000000e+00  1.38000000e+00  6.38064020e-04  1.38000000e+00  1.10000000e+00 
 1.39000000e+00  1.39000000e+00  1.39000000e+00  6.48858508e-04  1.39000000e+00  1.10000000e+00 
 1.40000000e+00  1.40000000e+00  1.40000000e+00  6.59649116e-04  1.40000000e+00  1.10000000e+00 
 1.41000000e+00  1.41000000e+00  1.41000000e+00  6.70435559e-04  1.41000000e+00  1.10000000e+00 
 1.42000000e+00  1.42000000e+00  1.42000000e+00  6.81217569e-04  1.42000000e+00  1.10000000e+00 
 1.43000000e+00  1.43000000e+00  1.43000000e+00  6.91994893e-04  1.43000000e+00  1.10000000e+00 
 1.44000000e+00  1.44000000e+00  1.44000000e+00  7.02767293e-04  1.44000000e+00  1.10000000e+00 
 1.45000000e+00  1.45000000e+00  1.45000000e+00  7.13534542e-04  1.45000000e+00  1.10000000e+00 
 1.46000000e+00  1.46000000e+00  1.46000000e+00  7.24296425e-04  1.46000000e+00  1.10000000e+00 
 1.47000000e+00  1.47000000e+00  1.47000000e+00  7.35052741e-04  1.47000000e+00  1.10000000e+00 
 1.48000000e+00  1.48000000e+00  1.48000000e+00  7.45803298e-04  1.48000000e+00  1.10000000e+00 
 1.49000000e+00  1.49000000e+00  1.49000000e+00  7.56547913e-04  1.49000000e+00  1.10000000e+00 
 1.50000000e+00  1.50000000e+00  1.50000000e+00  7.67286415e-04  1.50000000e+00  1.10000000e+00 
 1.51000000e+00  1.51000000e+00  1.51000000e+00  7.78018642e-04  1.51000000e+00  1.10000000e+00 
 1.52000000e+00  1.52000000e+00  1.52000000e+00  7.88744437e-04  1.52000000e+00  1.10000000e+00 
 1.53000000e+00  1.53000000e+00  1.53000000e+00  7.99463656e-04  1.53000000e+00  1.10000000e+00 
 1.54000000e+00  1.54000000e+00  1.54000000e+00  8.10176158e-04  1.54000000e+00  1.10000000e+00 
 1.55000000e+00  1.55000000e+00  1.55000000e+00  8.20881813e-04  1.55000000e+00  1.10000000e+00 
 1.56000000e+00  1.56000000e+00  1.56000000e+00  8.31580494e-04  1.56000000e+00  1.10000000e+00 
 1.57000000e+00  1.57000000e+00  1.57000000e+00  8.42272082e-04  1.57000000e+00  1.10000000e+00 
 1.58000000e+00  1.58000000e+00  1.58000000e+00  8.52956465e-04  1.58000000e+00  1.10000000e+00 
 1.59000000e+00  1.59000000e+00  1.59000000e+00  8.63633536e-04  1.59000000e+00  1.10000000e+00 
 1.60000000e+00  1.60000000e+00  1.60000000e+00  8.74303191e-04  1.60000000e+00  1.10000000e+00 
 1.61000000e+00  1.61000000e+00  1.61000000e+00  8.84965334e-04  1.61000000e+00  1.10000000e+00 
 1.62000000e+00  1.62000000e+00  1.62000000e+00  8.95619872e-04  1.62000000e+00  1.10000000e+00 
 1.63000000e+00  1.63000000e+00  1.63000000e+00  9.06266717e-04  1.63000000e+00  1.10000000e+00 
 1.64000000e+00  1.64000000e+00  1.64000000e+00  9.16905785e-04  1.64000000e+00  1.10000000e+00 
 1.65000000e+00  1.65000000e+00  1.65000000e+00  9.27536996e-04  1.65000000e+00  1.10000000e+00 
 1.66000000e+00  1.66000000e+00  1.66000000e+00  9.38160273e-04  1.66000000e+00  1.10000000e+00 
 1.67000000e+00  1.67000000e+00  1.67000000e+00  9.48775542e-04  1.67000000e+00  1.10000000e+00 
 1.68000000e+00  1.68000000e+00  1.68000000e+00  9.59382735e-04  1.68000000e+00  1.10000000e+00 
 1.69000000e+00  1.69000000e+00  1.69000000e+00  9.69981785e-04  1.69000000e+00  1.10000000e+00 
 1.70000000e+00  1.70000000e+00  1.70000000e+00  9.80572626e-04  1.70000000e+00  1.10000000e+00 
 1.71000000e+00  1.71000000e+00  1.71000000e+00  9.91155199e-04  1.71000000e+00  1.10000000e+00 
 1.72000000e+00  1.72000000e+00  1.72000000e+00  1.00172944e-03  1.72000000e+00  1.10000000e+00 
 1.73000000e+00  1.73000000e+00  1.73000000e+00  1.01229531e-03  1.73000000e+00  1.10000000e+00 
 1.74000000e+00  1.74000000e+00  1.74000000e+00  1.02285273e-03  1.74000000e+00  1.10000000e+00 
 1.75000000e+00  1.75000000e+00  1.75000000e+00  1.03340166e-03  1.75000000e+00  1.10000000e+00 
 1.76000000e+00  1.76000000e+00  1.76000000e+00  1.04394205e-03  1.76000000e+00  1.10000000e+00 
 1.77000000e+00  1.77000000e+00  1.77000000e+00  1.05447385e-03  1.77000000e+00  1.10000000e+00 
 1.78000000e+00  1.78000000e+00  1.78000000e+00  1.06499702e-03  1.78000000e+00  1.10000000e+00 
 1.79000000e+00  1.79000000e+00  1.79000000e+00  1.07551151e-03  1.79000000e+00  1.10000000e+00 
 1.80000000e+00  1.80000000e+00  1.80000000e+00  1.08601727e-03  1.80000000e+00  1.10000000e+00 
 1.81000000e+00  1.81000000e+00  1.81000000e+00  1.09651426e-03  1.81000000e+00  1.10000000e+00 
 1.82000000e+00  1.82000000e+00  1.82000000e+00  1.10700245e-03  1.82000000e+00  1.10000000e+00 
 1.83000000e+00  1.83000000e+00  1.83000000e+00  1.11748179e-03  1.83000000e+00  1.10000000e+00 
 1.84000000e+00  1.84000000e+00  1.84000000e+00  1.12795224e-03  1.84000000e+00  1.10000000e+00 
 1.85000000e+00  1.85000000e+00  1.85000000e+00  1.13841376e-03  1.85000000e+00  1.10000000e+00 
