 0.00000000e+00  0.00000000e+00  0.00000000e+00  2.27136162e-20  0.00000000e+00  1.50000000e+00 
 1.00000000e-02  1.00000000e-02  1.00000000e-02  3.68022146e-20  1.00000000e-02  1.50000000e+00 
 2.00000000e-02  2.00000000e-02  2.00000000e-02  5.96295623e-20  2.00000000e-02  1.50000000e+00 
 3.00000000e-02  3.00000000e-02  3.00000000e-02  9.66160519e-20  3.00000000e-02  1.50000000e+00 
 4.00000000e-02  4.00000000e-02  4.00000000e-02  1.56544187e-19  4.00000000e-02  1.50000000e+00 
 5.00000000e-02  5.00000000e-02  5.00000000e-02  2.53644003e-19  5.00000000e-02  1.50000000e+00 
 6.00000000e-02  6.00000000e-02  6.00000000e-02  4.10972010e-19  6.00000000e-02  1.50000000e+00 
 7.00000000e-02  7.00000000e-02  7.00000000e-02  6.65885994e-19  7.00000000e-02  1.50000000e+00 
 8.00000000e-02  8.00000000e-02  8.00000000e-02  1.07891567e-18  8.00000000e-02  1.50000000e+00 
 9.00000000e-02  9.00000000e-02  9.00000000e-02  1.74813556e-18  9.00000000e-02  1.50000000e+00 
 1.00000000e-01  1.00000000e-01  1.00000000e-01  2.83245287e-18  1.00000000e-01  1.50000000e+00 
 1.10000000e-01  1.10000000e-01  1.10000000e-01  4.58934017e-18  1.10000000e-01  1.50000000e+00 
 1.20000000e-01  1.20000000e-01  1.20000000e-01  7.43597247e-18  1.20000000e-01  1.50000000e+00 
 1.30000000e-01  1.30000000e-01  1.30000000e-01  1.20482856e-17  1.30000000e-01  1.50000000e+00 
 1.40000000e-01  1.40000000e-01  1.40000000e-01  1.95214772e-17  1.40000000e-01  1.50000000e+00 
 1.50000000e-01  1.50000000e-01  1.50000000e-01  3.16300612e-17  1.50000000e-01  1.50000000e+00 
 1.60000000e-01  1.60000000e-01  1.60000000e-01  5.12492244e-17  1.60000000e-01  1.50000000e+00 
 1.70000000e-01  1.70000000e-01  1.70000000e-01  8.30375349e-17  1.70000000e-01  1.50000000e+00 
 1.80000000e-01  1.80000000e-01  1.80000000e-01  1.34543107e-16  1.80000000e-01  1.50000000e+00 
 1.90000000e-01  1.90000000e-01  1.90000000e-01  2.17995874e-16  1.90000000e-01  1.50000000e+00 
 2.00000000e-01  2.00000000e-01  2.00000000e-01  3.53211520e-16  2.00000000e-01  1.50000000e+00 
 2.10000000e-01  2.10000000e-01  2.10000000e-01  5.72296573e-16  2.10000000e-01  1.50000000e+00 
 2.20000000e-01  2.20000000e-01  2.20000000e-01  9.27271796e-16  2.20000000e-01  1.50000000e+00 
 2.30000000e-01  2.30000000e-01  2.30000000e-01  1.50242385e-15  2.30000000e-01  1.50000000e+00 
 2.40000000e-01  2.40000000e-01  2.40000000e-01  2.43431778e-15  2.40000000e-01  1.50000000e+00 
 2.50000000e-01  2.50000000e-01  2.50000000e-01  3.94422143e-15  2.50000000e-01  1.50000000e+00 
 2.60000000e-01  2.60000000e-01  2.60000000e-01  6.39063927e-15  2.60000000e-01  1.50000000e+00 
 2.70000000e-01  2.70000000e-01  2.70000000e-01  1.03544264e-14  2.70000000e-01  1.50000000e+00 
 2.80000000e-01  2.80000000e-01  2.80000000e-01  1.67766856e-14  2.80000000e-01  1.50000000e+00 
 2.90000000e-01  2.90000000e-01  2.90000000e-01  2.71821763e-14  2.90000000e-01  1.50000000e+00 
 3.00000000e-01  3.00000000e-01  3.00000000e-01  4.40412521e-14  3.00000000e-01  1.50000000e+00 
 3.10000000e-01  3.10000000e-01  3.10000000e-01  7.13562057e-14  3.10000000e-01  1.50000000e+00 
 3.20000000e-01  3.20000000e-01  3.20000000e-01  1.15611114e-13  3.20000000e-01  1.50000000e+00 
 3.30000000e-01  3.30000000e-01  3.30000000e-01  1.87310452e-13  3.30000000e-01  1.50000000e+00 
 3.40000000e-01  3.40000000e-01  3.40000000e-01  3.03471248e-13  3.40000000e-01  1.50000000e+00 
 3.50000000e-01  3.50000000e-01  3.50000000e-01  4.91659373e-13  3.50000000e-01  1.50000000e+00 
 3.60000000e-01  3.60000000e-01  3.60000000e-01  7.96525976e-13  3.60000000e-01  1.50000000e+00 
 3.70000000e-01  3.70000000e-01  3.70000000e-01  1.29039115e-12  3.70000000e-01  1.50000000e+00 
 3.80000000e-01  3.80000000e-01  3.80000000e-01  2.09037765e-12  3.80000000e-01  1.50000000e+00 
 3.90000000e-01  3.90000000e-01  3.90000000e-01  3.38614205e-12  3.90000000e-01  1.50000000e+00 
 4.00000000e-01  4.00000000e-01  4.00000000e-01  5.48474439e-12  4.00000000e-01  1.50000000e+00 
 4.10000000e-01  4.10000000e-01  4.10000000e-01  8.88322140e-12  4.10000000e-01  1.50000000e+00 
 4.20000000e-01  4.20000000e-01  4.20000000e-01  1.43859117e-11  4.20000000e-01  1.50000000e+00 
 4.30000000e-01  4.30000000e-01  4.30000000e-01  2.32940142e-11  4.30000000e-01  1.50000000e+00 
 4.40000000e-01  4.40000000e-01  4.40000000e-01  3.77116150e-11  4.40000000e-01  1.50000000e+00 
 4.50000000e-01  4.50000000e-01  4.50000000e-01  6.10392622e-11  4.50000000e-01  1.50000000e+00 
 4.60000000e-01  4.60000000e-01  4.60000000e-01  9.87690409e-11  4.60000000e-01  1.50000000e+00 
 4.70000000e-01  4.70000000e-01  4.70000000e-01  1.59763319e-10  4.70000000e-01  1.50000000e+00 
 4.80000000e-01  4.80000000e-01  4.80000000e-01  2.58307338e-10  4.80000000e-01  1.50000000e+00 
 4.90000000e-01  4.90000000e-01  4.90000000e-01  4.17395756e-10  4.90000000e-01  1.50000000e+00 
 5.00000000e-01  5.00000000e-01  5.00000000e-01  6.73978534e-10  5.00000000e-01  1.50000000e+00 
 5.10000000e-01  5.10000000e-01  5.10000000e-01  1.08730160e-09  5.10000000e-01  1.50000000e+00 
 5.20000000e-01  5.20000000e-01  5.20000000e-01  1.75210362e-09  5.20000000e-01  1.50000000e+00 
 5.30000000e-01  5.30000000e-01  5.30000000e-01  2.81937103e-09  5.30000000e-01  1.50000000e+00 
 5.40000000e-01  5.40000000e-01  5.40000000e-01  4.52874069e-09  5.40000000e-01  1.50000000e+00 
 5.50000000e-01  5.50000000e-01  5.50000000e-01  7.25863849e-09  5.50000000e-01  1.50000000e+00 
 5.60000000e-01  5.60000000e-01  5.60000000e-01  1.16030470e-08  5.60000000e-01  1.50000000e+00 
 5.70000000e-01  5.70000000e-01  5.70000000e-01  1.84876182e-08  5.70000000e-01  1.50000000e+00 
 5.80000000e-01  5.80000000e-01  5.80000000e-01  2.93429241e-08  5.80000000e-01  1.50000000e+00 
 5.90000000e-01  5.90000000e-01  5.90000000e-01  4.63592846e-08  5.90000000e-01  1.50000000e+00 
 6.00000000e-01  6.00000000e-01  6.00000000e-01  7.28564149e-08  6.00000000e-01  1.50000000e+00 
 6.10000000e-01  6.10000000e-01  6.10000000e-01  1.13813280e-07  6.10000000e-01  1.50000000e+00 
 6.20000000e-01  6.20000000e-01  6.20000000e-01  1.76620951e-07  6.20000000e-01  1.50000000e+00 
 6.30000000e-01  6.30000000e-01  6.30000000e-01  2.72145184e-07  6.30000000e-01  1.50000000e+00 
 6.40000000e-01  6.40000000e-01  6.40000000e-01  4.16210877e-07  6.40000000e-01  1.50000000e+00 
 6.50000000e-01  6.50000000e-01  6.50000000e-01  6.31623399e-07  6.50000000e-01  1.50000000e+00 
 6.60000000e-01  6.60000000e-01  6.60000000e-01  9.50763594e-07  6.60000000e-01  1.50000000e+00 
 6.70000000e-01  6.70000000e-01  6.70000000e-01  1.41854541e-06  6.70000000e-01  1.50000000e+00 
 6.80000000e-01  6.80000000e-01  6.80000000e-01  2.09505270e-06  6.80000000e-01  1.50000000e+00 
 6.90000000e-01  6.90000000e-01  6.90000000e-01  3.05658760e-06  6.90000000e-01  1.50000000e+00 
 7.00000000e-01  7.00000000e-01  7.00000000e-01  4.39354888e-06  7.00000000e-01  1.50000000e+00 
 7.10000000e-01  7.10000000e-01  7.10000000e-01  6.20402503e-06  7.10000000e-01  1.50000000e+00 
 7.20000000e-01  7.20000000e-01  7.20000000e-01  8.58342065e-06  7.20000000e-01  1.50000000e+00 
 7.30000000e-01  7.30000000e-01  7.30000000e-01  1.16122866e-05  7.30000000e-01  1.50000000e+00 
 7.40000000e-01  7.40000000e-01  7.40000000e-01  1.53456911e-05  7.40000000e-01  1.50000000e+00 
 7.50000000e-01  7.50000000e-01  7.50000000e-01  1.98071220e-05  7.50000000e-01  1.50000000e+00 
 7.60000000e-01  7.60000000e-01  7.60000000e-01  2.49882145e-05  7.60000000e-01  1.50000000e+00 
 7.70000000e-01  7.70000000e-01  7.70000000e-01  3.08535564e-05  7.70000000e-01  1.50000000e+00 
 7.80000000e-01  7.80000000e-01  7.80000000e-01  3.73484907e-05  7.80000000e-01  1.50000000e+00 
 7.90000000e-01  7.90000000e-01  7.90000000e-01  4.44075935e-05  7.90000000e-01  1.50000000e+00 
 8.00000000e-01  8.00000000e-01  8.00000000e-01  5.19620938e-05  8.00000000e-01  1.50000000e+00 
 8.10000000e-01  8.10000000e-01  8.10000000e-01  5.99453685e-05  8.10000000e-01  1.50000000e+00 
 8.20000000e-01  8.20000000e-01  8.20000000e-01  6.82963860e-05  8.20000000e-01  1.50000000e+00 
 8.30000000e-01  8.30000000e-01  8.30000000e-01  7.69614115e-05  8.30000000e-01  1.50000000e+00 
 8.40000000e-01  8.40000000e-01  8.40000000e-01  8.58944495e-05  8.40000000e-01  1.50000000e+00 
 8.50000000e-01  8.50000000e-01  8.50000000e-01  9.50568912e-05  8.50000000e-01  1.50000000e+00 
 8.60000000e-01  8.60000000e-01  8.60000000e-01  1.04416734e-04  8.60000000e-01  1.50000000e+00 
 8.70000000e-01  8.70000000e-01  8.70000000e-01  1.13947634e-04  8.70000000e-01  1.50000000e+00 
 8.80000000e-01  8.80000000e-01  8.80000000e-01  1.23627950e-04  8.80000000e-01  1.50000000e+00 
 8.90000000e-01  8.90000000e-01  8.90000000e-01  1.33439868e-04  8.90000000e-01  1.50000000e+00 
 9.00000000e-01  9.00000000e-01  9.00000000e-01  1.43368640e-04  9.00000000e-01  1.50000000e+00 
 9.10000000e-01  9.10000000e-01  9.10000000e-01  1.53401959e-04  9.10000000e-01  1.50000000e+00 
 9.20000000e-01  9.20000000e-01  9.20000000e-01  1.63529445e-04  9.20000000e-01  1.50000000e+00 
 9.30000000e-01  9.30000000e-01  9.30000000e-01  1.73742243e-04  9.30000000e-01  1.50000000e+00 
 9.40000000e-01  9.40000000e-01  9.40000000e-01  1.84032702e-04  9.40000000e-01  1.50000000e+00 
 9.50000000e-01  9.50000000e-01  9.50000000e-01  1.94394135e-04  9.50000000e-01  1.50000000e+00 
 9.60000000e-01  9.60000000e-01  9.60000000e-01  2.04820627e-04  9.60000000e-01  1.50000000e+00 
 9.70000000e-01  9.70000000e-01  9.70000000e-01  2.15306892e-04  9.70000000e-01  1.50000000e+00 
 9.80000000e-01  9.80000000e-01  9.80000000e-01  2.25848162e-04  9.80000000e-01  1.50000000e+00 
 9.90000000e-01  9.90000000e-01  9.90000000e-01  2.36440107e-04  9.90000000e-01  1.50000000e+00 
 1.00000000e+00  1.00000000e+00  1.00000000e+00  2.47078769e-04  1.00000000e+00  1.50000000e+00 
 1.01000000e+00  1.01000000e+00  1.01000000e+00  2.57760505e-04  1.01000000e+00  1.50000000e+00 
 1.02000000e+00  1.02000000e+00  1.02000000e+00  2.68481958e-04  1.02000000e+00  1.50000000e+00 
 1.03000000e+00  1.03000000e+00  1.03000000e+00  2.79240015e-04  1.03000000e+00  1.50000000e+00 
 1.04000000e+00  1.04000000e+00  1.04000000e+00  2.90031789e-04  1.04000000e+00  1.50000000e+00 
 1.05000000e+00  1.05000000e+00  1.05000000e+00  3.00854595e-04  1.05000000e+00  1.50000000e+00 
 1.06000000e+00  1.06000000e+00  1.06000000e+00  3.11705933e-04  1.06000000e+00  1.50000000e+00 
 1.07000000e+00  1.07000000e+00  1.07000000e+00  3.22583473e-04  1.07000000e+00  1.50000000e+00 
 1.08000000e+00  1.08000000e+00  1.08000000e+00  3.33485040e-04  1.08000000e+00  1.50000000e+00 
 1.09000000e+00  1.09000000e+00  1.09000000e+00  3.44408606e-04  1.09000000e+00  1.50000000e+00 
 1.10000000e+00  1.10000000e+00  1.10000000e+00  3.55352276e-04  1.10000000e+00  1.50000000e+00 
 1.11000000e+00  1.11000000e+00  1.11000000e+00  3.66314280e-04  1.11000000e+00  1.50000000e+00 
 1.12000000e+00  1.12000000e+00  1.12000000e+00  3.77292966e-04  1.12000000e+00  1.50000000e+00 
 1.13000000e+00  1.13000000e+00  1.13000000e+00  3.88286788e-04  1.13000000e+00  1.50000000e+00 
 1.14000000e+00  1.14000000e+00  1.14000000e+00  3.99294301e-04  1.14000000e+00  1.50000000e+00 
 1.15000000e+00  1.15000000e+00  1.15000000e+00  4.10314156e-04  1.15000000e+00  1.50000000e+00 
 1.16000000e+00  1.16000000e+00  1.16000000e+00  4.21345090e-04  1.16000000e+00  1.50000000e+00 
 1.17000000e+00  1.17000000e+00  1.17000000e+00  4.32385921e-04  1.17000000e+00  1.50000000e+00 
 1.18000000e+00  1.18000000e+00  1.18000000e+00  4.43435545e-04  1.18000000e+00  1.50000000e+00 
 1.19000000e+00  1.19000000e+00  1.19000000e+00  4.54492927e-04  1.19000000e+00  1.50000000e+00 
 1.20000000e+00  1.20000000e+00  1.20000000e+00  4.65557099e-04  1.20000000e+00  1.50000000e+00 
 1.21000000e+00  1.21000000e+00  1.21000000e+00  4.76627154e-04  1.21000000e+00  1.50000000e+00 
 1.22000000e+00  1.22000000e+00  1.22000000e+00  4.87702244e-04  1.22000000e+00  1.50000000e+00 
 1.23000000e+00  1.23000000e+00  1.23000000e+00  4.98781573e-04  1.23000000e+00  1.50000000e+00 
 1.24000000e+00  1.24000000e+00  1.24000000e+00  5.09864396e-04  1.24000000e+00  1.50000000e+00 
 1.25000000e+00  1.25000000e+00  1.25000000e+00  5.20950014e-04  1.25000000e+00  1.50000000e+00 
 1.26000000e+00  1.26000000e+00  1.26000000e+00  5.32037770e-04  1.26000000e+00  1.50000000e+00 
 1.27000000e+00  1.27000000e+00  1.27000000e+00  5.43127052e-04  1.27000000e+00  1.50000000e+00 
 1.28000000e+00  1.28000000e+00  1.28000000e+00  5.54217281e-04  1.28000000e+00  1.50000000e+00 
 1.29000000e+00  1.29000000e+00  1.29000000e+00  5.65307917e-04  1.29000000e+00  1.50000000e+00 
 1.30000000e+00  1.30000000e+00  1.30000000e+00  5.76398451e-04  1.30000000e+00  1.50000000e+00 
 1.31000000e+00  1.31000000e+00  1.31000000e+00  5.87488406e-04  1.31000000e+00  1.50000000e+00 
 1.32000000e+00  1.32000000e+00  1.32000000e+00  5.98577334e-04  1.32000000e+00  1.50000000e+00 
 1.33000000e+00  1.33000000e+00  1.33000000e+00  6.09664814e-04  1.33000000e+00  1.50000000e+00 
 1.34000000e+00  1.34000000e+00  1.34000000e+00  6.20750449e-04  1.34000000e+00  1.50000000e+00 
 1.35000000e+00  1.35000000e+00  1.35000000e+00  6.31833867e-04  1.35000000e+00  1.50000000e+00 
 1.36000000e+00  1.36000000e+00  1.36000000e+00  6.42914720e-04  1.36000000e+00  1.50000000e+00 
 1.37000000e+00  1.37000000e+00  1.37000000e+00  6.53992677e-04  1.37000000e+00  1.50000000e+00 
 1.38000000e+00  1.38000000e+00  1.38000000e+00  6.65067430e-04  1.38000000e+00  1.50000000e+00 
 1.39000000e+00  1.39000000e+00  1.39000000e+00  6.76138688e-04  1.39000000e+00  1.50000000e+00 
 1.40000000e+00  1.40000000e+00  1.40000000e+00  6.87206176e-04  1.40000000e+00  1.50000000e+00 
 1.41000000e+00  1.41000000e+00  1.41000000e+00  6.98269637e-04  1.41000000e+00  1.50000000e+00 
 1.42000000e+00  1.42000000e+00  1.42000000e+00  7.09328828e-04  1.42000000e+00  1.50000000e+00 
 1.43000000e+00  1.43000000e+00  1.43000000e+00  7.20383522e-04  1.43000000e+00  1.50000000e+00 
 1.44000000e+00  1.44000000e+00  1.44000000e+00  7.31433504e-04  1.44000000e+00  1.50000000e+00 
 1.45000000e+00  1.45000000e+00  1.45000000e+00  7.42478571e-04  1.45000000e+00  1.50000000e+00 
 1.46000000e+00  1.46000000e+00  1.46000000e+00  7.53518534e-04  1.46000000e+00  1.50000000e+00 
 1.47000000e+00  1.47000000e+00  1.47000000e+00  7.64553213e-04  1.47000000e+00  1.50000000e+00 
 1.48000000e+00  1.48000000e+00  1.48000000e+00  7.75582439e-04  1.48000000e+00  1.50000000e+00 
 1.49000000e+00  1.49000000e+00  1.49000000e+00  7.86606055e-04  1.49000000e+00  1.50000000e+00 
 1.50000000e+00  1.50000000e+00  1.50000000e+00  7.97623909e-04  1.50000000e+00  1.50000000e+00 
 1.51000000e+00  1.51000000e+00  1.51000000e+00  8.08635863e-04  1.51000000e+00  1.50000000e+00 
 1.52000000e+00  1.52000000e+00  1.52000000e+00  8.19641783e-04  1.52000000e+00  1.50000000e+00 
 1.53000000e+00  1.53000000e+00  1.53000000e+00  8.30641545e-04  1.53000000e+00  1.50000000e+00 
 1.54000000e+00  1.54000000e+00  1.54000000e+00  8.41635031e-04  1.54000000e+00  1.50000000e+00 
 1.55000000e+00  1.55000000e+00  1.55000000e+00  8.52622131e-04  1.55000000e+00  1.50000000e+00 
 1.56000000e+00  1.56000000e+00  1.56000000e+00  8.63602741e-04  1.56000000e+00  1.50000000e+00 
 1.57000000e+00  1.57000000e+00  1.57000000e+00  8.74576763e-04  1.57000000e+00  1.50000000e+00 
 1.58000000e+00  1.58000000e+00  1.58000000e+00  8.85544105e-04  1.58000000e+00  1.50000000e+00 
 1.59000000e+00  1.59000000e+00  1.59000000e+00  8.96504681e-04  1.59000000e+00  1.50000000e+00 
 1.60000000e+00  1.60000000e+00  1.60000000e+00  9.07458409e-04  1.60000000e+00  1.50000000e+00 
 1.61000000e+00  1.61000000e+00  1.61000000e+00  9.18405211e-04  1.61000000e+00  1.50000000e+00 
 1.62000000e+00  1.62000000e+00  1.62000000e+00  9.29345017e-04  1.62000000e+00  1.50000000e+00 
 1.63000000e+00  1.63000000e+00  1.63000000e+00  9.40277757e-04  1.63000000e+00  1.50000000e+00 
 1.64000000e+00  1.64000000e+00  1.64000000e+00  9.51203368e-04  1.64000000e+00  1.50000000e+00 
 1.65000000e+00  1.65000000e+00  1.65000000e+00  9.62121790e-04  1.65000000e+00  1.50000000e+00 
 1.66000000e+00  1.66000000e+00  1.66000000e+00  9.73032966e-04  1.66000000e+00  1.50000000e+00 
 1.67000000e+00  1.67000000e+00  1.67000000e+00  9.83936842e-04  1.67000000e+00  1.50000000e+00 
 1.68000000e+00  1.68000000e+00  1.68000000e+00  9.94833369e-04  1.68000000e+00  1.50000000e+00 
 1.69000000e+00  1.69000000e+00  1.69000000e+00  1.00572250e-03  1.69000000e+00  1.50000000e+00 
 1.70000000e+00  1.70000000e+00  1.70000000e+00  1.01660419e-03  1.70000000e+00  1.50000000e+00 
 1.71000000e+00  1.71000000e+00  1.71000000e+00  1.02747839e-03  1.71000000e+00  1.50000000e+00 
 1.72000000e+00  1.72000000e+00  1.72000000e+00  1.03834508e-03  1.72000000e+00  1.50000000e+00 
 1.73000000e+00  1.73000000e+00  1.73000000e+00  1.04920420e-03  1.73000000e+00  1.50000000e+00 
 1.74000000e+00  1.74000000e+00  1.74000000e+00  1.06005573e-03  1.74000000e+00  1.50000000e+00 
 1.75000000e+00  1.75000000e+00  1.75000000e+00  1.07089963e-03  1.75000000e+00  1.50000000e+00 
 1.76000000e+00  1.76000000e+00  1.76000000e+00  1.08173586e-03  1.76000000e+00  1.50000000e+00 
 1.77000000e+00  1.77000000e+00  1.77000000e+00  1.09256442e-03  1.77000000e+00  1.50000000e+00 
 1.78000000e+00  1.78000000e+00  1.78000000e+00  1.10338525e-03  1.78000000e+00  1.50000000e+00 
 1.79000000e+00  1.79000000e+00  1.79000000e+00  1.11419834e-03  1.79000000e+00  1.50000000e+00 
 1.80000000e+00  1.80000000e+00  1.80000000e+00  1.12500366e-03  1.80000000e+00  1.50000000e+00 
 1.81000000e+00  1.81000000e+00  1.81000000e+00  1.13580119e-03  1.81000000e+00  1.50000000e+00 
 1.82000000e+00  1.82000000e+00  1.82000000e+00  1.14659091e-03  1.82000000e+00  1.50000000e+00 
 1.83000000e+00  1.83000000e+00  1.83000000e+00  1.15737279e-03  1.83000000e+00  1.50000000e+00 
 1.84000000e+00  1.84000000e+00  1.84000000e+00  1.16814681e-03  1.84000000e+00  1.50000000e+00 
 1.85000000e+00  1.85000000e+00  1.85000000e+00  1.17891296e-03  1.85000000e+00  1.50000000e+00 
