 0.00000000e+00 -1.48000000e+00  0.00000000e+00 -0.00000000e+00  0.00000000e+00  0.00000000e+00 
-1.00000000e-02 -1.48000000e+00 -1.00000000e-02 -8.77407473e-06 -1.00000000e-02 -1.00000000e-02 
-2.00000000e-02 -1.48000000e+00 -2.00000000e-02 -1.74124501e-05 -2.00000000e-02 -2.00000000e-02 
-3.00000000e-02 -1.48000000e+00 -3.00000000e-02 -2.59036495e-05 -3.00000000e-02 -3.00000000e-02 
-4.00000000e-02 -1.48000000e+00 -4.00000000e-02 -3.42412675e-05 -4.00000000e-02 -4.00000000e-02 
-5.00000000e-02 -1.48000000e+00 -5.00000000e-02 -4.24204370e-05 -5.00000000e-02 -5.00000000e-02 
-6.00000000e-02 -1.48000000e+00 -6.00000000e-02 -5.04370159e-05 -6.00000000e-02 -6.00000000e-02 
-7.00000000e-02 -1.48000000e+00 -7.00000000e-02 -5.82873113e-05 -7.00000000e-02 -7.00000000e-02 
-8.00000000e-02 -1.48000000e+00 -8.00000000e-02 -6.59679731e-05 -8.00000000e-02 -8.00000000e-02 
-9.00000000e-02 -1.48000000e+00 -9.00000000e-02 -7.34759548e-05 -9.00000000e-02 -9.00000000e-02 
-1.00000000e-01 -1.48000000e+00 -1.00000000e-01 -8.08085069e-05 -1.00000000e-01 -1.00000000e-01 
-1.10000000e-01 -1.48000000e+00 -1.10000000e-01 -8.79631863e-05 -1.10000000e-01 -1.10000000e-01 
-1.20000000e-01 -1.48000000e+00 -1.20000000e-01 -9.49378768e-05 -1.20000000e-01 -1.20000000e-01 
-1.30000000e-01 -1.48000000e+00 -1.30000000e-01 -1.01730814e-04 -1.30000000e-01 -1.30000000e-01 
-1.40000000e-01 -1.48000000e+00 -1.40000000e-01 -1.08340612e-04 -1.40000000e-01 -1.40000000e-01 
-1.50000000e-01 -1.48000000e+00 -1.50000000e-01 -1.14766296e-04 -1.50000000e-01 -1.50000000e-01 
-1.60000000e-01 -1.48000000e+00 -1.60000000e-01 -1.21007328e-04 -1.60000000e-01 -1.60000000e-01 
-1.70000000e-01 -1.48000000e+00 -1.70000000e-01 -1.27063631e-04 -1.70000000e-01 -1.70000000e-01 
-1.80000000e-01 -1.48000000e+00 -1.80000000e-01 -1.32935619e-04 -1.80000000e-01 -1.80000000e-01 
-1.90000000e-01 -1.48000000e+00 -1.90000000e-01 -1.38624205e-04 -1.90000000e-01 -1.90000000e-01 
-2.00000000e-01 -1.48000000e+00 -2.00000000e-01 -1.44130821e-04 -2.00000000e-01 -2.00000000e-01 
-2.10000000e-01 -1.48000000e+00 -2.10000000e-01 -1.49457421e-04 -2.10000000e-01 -2.10000000e-01 
-2.20000000e-01 -1.48000000e+00 -2.20000000e-01 -1.54606474e-04 -2.20000000e-01 -2.20000000e-01 
-2.30000000e-01 -1.48000000e+00 -2.30000000e-01 -1.59580959e-04 -2.30000000e-01 -2.30000000e-01 
-2.40000000e-01 -1.48000000e+00 -2.40000000e-01 -1.64384343e-04 -2.40000000e-01 -2.40000000e-01 
-2.50000000e-01 -1.48000000e+00 -2.50000000e-01 -1.69020555e-04 -2.50000000e-01 -2.50000000e-01 
-2.60000000e-01 -1.48000000e+00 -2.60000000e-01 -1.73493950e-04 -2.60000000e-01 -2.60000000e-01 
-2.70000000e-01 -1.48000000e+00 -2.70000000e-01 -1.77809267e-04 -2.70000000e-01 -2.70000000e-01 
-2.80000000e-01 -1.48000000e+00 -2.80000000e-01 -1.81971584e-04 -2.80000000e-01 -2.80000000e-01 
-2.90000000e-01 -1.48000000e+00 -2.90000000e-01 -1.85986264e-04 -2.90000000e-01 -2.90000000e-01 
-3.00000000e-01 -1.48000000e+00 -3.00000000e-01 -1.89858902e-04 -3.00000000e-01 -3.00000000e-01 
-3.10000000e-01 -1.48000000e+00 -3.10000000e-01 -1.93595270e-04 -3.10000000e-01 -3.10000000e-01 
-3.20000000e-01 -1.48000000e+00 -3.20000000e-01 -1.97201258e-04 -3.20000000e-01 -3.20000000e-01 
-3.30000000e-01 -1.48000000e+00 -3.30000000e-01 -2.00682824e-04 -3.30000000e-01 -3.30000000e-01 
-3.40000000e-01 -1.48000000e+00 -3.40000000e-01 -2.04045941e-04 -3.40000000e-01 -3.40000000e-01 
-3.50000000e-01 -1.48000000e+00 -3.50000000e-01 -2.07296549e-04 -3.50000000e-01 -3.50000000e-01 
-3.60000000e-01 -1.48000000e+00 -3.60000000e-01 -2.10440514e-04 -3.60000000e-01 -3.60000000e-01 
-3.70000000e-01 -1.48000000e+00 -3.70000000e-01 -2.13483588e-04 -3.70000000e-01 -3.70000000e-01 
-3.80000000e-01 -1.48000000e+00 -3.80000000e-01 -2.16431381e-04 -3.80000000e-01 -3.80000000e-01 
-3.90000000e-01 -1.48000000e+00 -3.90000000e-01 -2.19289328e-04 -3.90000000e-01 -3.90000000e-01 
-4.00000000e-01 -1.48000000e+00 -4.00000000e-01 -2.22062674e-04 -4.00000000e-01 -4.00000000e-01 
-4.10000000e-01 -1.48000000e+00 -4.10000000e-01 -2.24756451e-04 -4.10000000e-01 -4.10000000e-01 
-4.20000000e-01 -1.48000000e+00 -4.20000000e-01 -2.27375473e-04 -4.20000000e-01 -4.20000000e-01 
-4.30000000e-01 -1.48000000e+00 -4.30000000e-01 -2.29924324e-04 -4.30000000e-01 -4.30000000e-01 
-4.40000000e-01 -1.48000000e+00 -4.40000000e-01 -2.32407355e-04 -4.40000000e-01 -4.40000000e-01 
-4.50000000e-01 -1.48000000e+00 -4.50000000e-01 -2.34828684e-04 -4.50000000e-01 -4.50000000e-01 
-4.60000000e-01 -1.48000000e+00 -4.60000000e-01 -2.37192198e-04 -4.60000000e-01 -4.60000000e-01 
-4.70000000e-01 -1.48000000e+00 -4.70000000e-01 -2.39501559e-04 -4.70000000e-01 -4.70000000e-01 
-4.80000000e-01 -1.48000000e+00 -4.80000000e-01 -2.41760207e-04 -4.80000000e-01 -4.80000000e-01 
-4.90000000e-01 -1.48000000e+00 -4.90000000e-01 -2.43971369e-04 -4.90000000e-01 -4.90000000e-01 
-5.00000000e-01 -1.48000000e+00 -5.00000000e-01 -2.46138067e-04 -5.00000000e-01 -5.00000000e-01 
-5.10000000e-01 -1.48000000e+00 -5.10000000e-01 -2.48263130e-04 -5.10000000e-01 -5.10000000e-01 
-5.20000000e-01 -1.48000000e+00 -5.20000000e-01 -2.50349200e-04 -5.20000000e-01 -5.20000000e-01 
-5.30000000e-01 -1.48000000e+00 -5.30000000e-01 -2.52398742e-04 -5.30000000e-01 -5.30000000e-01 
-5.40000000e-01 -1.48000000e+00 -5.40000000e-01 -2.54414059e-04 -5.40000000e-01 -5.40000000e-01 
-5.50000000e-01 -1.48000000e+00 -5.50000000e-01 -2.56397294e-04 -5.50000000e-01 -5.50000000e-01 
-5.60000000e-01 -1.48000000e+00 -5.60000000e-01 -2.58350447e-04 -5.60000000e-01 -5.60000000e-01 
-5.70000000e-01 -1.48000000e+00 -5.70000000e-01 -2.60275381e-04 -5.70000000e-01 -5.70000000e-01 
-5.80000000e-01 -1.48000000e+00 -5.80000000e-01 -2.62173829e-04 -5.80000000e-01 -5.80000000e-01 
-5.90000000e-01 -1.48000000e+00 -5.90000000e-01 -2.64047407e-04 -5.90000000e-01 -5.90000000e-01 
-6.00000000e-01 -1.48000000e+00 -6.00000000e-01 -2.65897619e-04 -6.00000000e-01 -6.00000000e-01 
-6.10000000e-01 -1.48000000e+00 -6.10000000e-01 -2.67725865e-04 -6.10000000e-01 -6.10000000e-01 
-6.20000000e-01 -1.48000000e+00 -6.20000000e-01 -2.69533452e-04 -6.20000000e-01 -6.20000000e-01 
-6.30000000e-01 -1.48000000e+00 -6.30000000e-01 -2.71321594e-04 -6.30000000e-01 -6.30000000e-01 
-6.40000000e-01 -1.48000000e+00 -6.40000000e-01 -2.73091425e-04 -6.40000000e-01 -6.40000000e-01 
-6.50000000e-01 -1.48000000e+00 -6.50000000e-01 -2.74844002e-04 -6.50000000e-01 -6.50000000e-01 
-6.60000000e-01 -1.48000000e+00 -6.60000000e-01 -2.76580308e-04 -6.60000000e-01 -6.60000000e-01 
-6.70000000e-01 -1.48000000e+00 -6.70000000e-01 -2.78301263e-04 -6.70000000e-01 -6.70000000e-01 
-6.80000000e-01 -1.48000000e+00 -6.80000000e-01 -2.80007725e-04 -6.80000000e-01 -6.80000000e-01 
-6.90000000e-01 -1.48000000e+00 -6.90000000e-01 -2.81700495e-04 -6.90000000e-01 -6.90000000e-01 
-7.00000000e-01 -1.48000000e+00 -7.00000000e-01 -2.83380321e-04 -7.00000000e-01 -7.00000000e-01 
-7.10000000e-01 -1.48000000e+00 -7.10000000e-01 -2.85047903e-04 -7.10000000e-01 -7.10000000e-01 
-7.20000000e-01 -1.48000000e+00 -7.20000000e-01 -2.86703895e-04 -7.20000000e-01 -7.20000000e-01 
-7.30000000e-01 -1.48000000e+00 -7.30000000e-01 -2.88348910e-04 -7.30000000e-01 -7.30000000e-01 
-7.40000000e-01 -1.48000000e+00 -7.40000000e-01 -2.89983519e-04 -7.40000000e-01 -7.40000000e-01 
-7.50000000e-01 -1.48000000e+00 -7.50000000e-01 -2.91608262e-04 -7.50000000e-01 -7.50000000e-01 
-7.60000000e-01 -1.48000000e+00 -7.60000000e-01 -2.93223640e-04 -7.60000000e-01 -7.60000000e-01 
-7.70000000e-01 -1.48000000e+00 -7.70000000e-01 -2.94830127e-04 -7.70000000e-01 -7.70000000e-01 
-7.80000000e-01 -1.48000000e+00 -7.80000000e-01 -2.96428165e-04 -7.80000000e-01 -7.80000000e-01 
-7.90000000e-01 -1.48000000e+00 -7.90000000e-01 -2.98018171e-04 -7.90000000e-01 -7.90000000e-01 
-8.00000000e-01 -1.48000000e+00 -8.00000000e-01 -2.99600536e-04 -8.00000000e-01 -8.00000000e-01 
-8.10000000e-01 -1.48000000e+00 -8.10000000e-01 -3.01175628e-04 -8.10000000e-01 -8.10000000e-01 
-8.20000000e-01 -1.48000000e+00 -8.20000000e-01 -3.02743792e-04 -8.20000000e-01 -8.20000000e-01 
-8.30000000e-01 -1.48000000e+00 -8.30000000e-01 -3.04305354e-04 -8.30000000e-01 -8.30000000e-01 
-8.40000000e-01 -1.48000000e+00 -8.40000000e-01 -3.05860621e-04 -8.40000000e-01 -8.40000000e-01 
-8.50000000e-01 -1.48000000e+00 -8.50000000e-01 -3.07409883e-04 -8.50000000e-01 -8.50000000e-01 
-8.60000000e-01 -1.48000000e+00 -8.60000000e-01 -3.08953412e-04 -8.60000000e-01 -8.60000000e-01 
-8.70000000e-01 -1.48000000e+00 -8.70000000e-01 -3.10491465e-04 -8.70000000e-01 -8.70000000e-01 
-8.80000000e-01 -1.48000000e+00 -8.80000000e-01 -3.12024286e-04 -8.80000000e-01 -8.80000000e-01 
-8.90000000e-01 -1.48000000e+00 -8.90000000e-01 -3.13552103e-04 -8.90000000e-01 -8.90000000e-01 
-9.00000000e-01 -1.48000000e+00 -9.00000000e-01 -3.15075135e-04 -9.00000000e-01 -9.00000000e-01 
-9.10000000e-01 -1.48000000e+00 -9.10000000e-01 -3.16593585e-04 -9.10000000e-01 -9.10000000e-01 
-9.20000000e-01 -1.48000000e+00 -9.20000000e-01 -3.18107650e-04 -9.20000000e-01 -9.20000000e-01 
-9.30000000e-01 -1.48000000e+00 -9.30000000e-01 -3.19617512e-04 -9.30000000e-01 -9.30000000e-01 
-9.40000000e-01 -1.48000000e+00 -9.40000000e-01 -3.21123346e-04 -9.40000000e-01 -9.40000000e-01 
-9.50000000e-01 -1.48000000e+00 -9.50000000e-01 -3.22625317e-04 -9.50000000e-01 -9.50000000e-01 
-9.60000000e-01 -1.48000000e+00 -9.60000000e-01 -3.24123581e-04 -9.60000000e-01 -9.60000000e-01 
-9.70000000e-01 -1.48000000e+00 -9.70000000e-01 -3.25618289e-04 -9.70000000e-01 -9.70000000e-01 
-9.80000000e-01 -1.48000000e+00 -9.80000000e-01 -3.27109580e-04 -9.80000000e-01 -9.80000000e-01 
-9.90000000e-01 -1.48000000e+00 -9.90000000e-01 -3.28597589e-04 -9.90000000e-01 -9.90000000e-01 
-1.00000000e+00 -1.48000000e+00 -1.00000000e+00 -3.30082443e-04 -1.00000000e+00 -1.00000000e+00 
-1.01000000e+00 -1.48000000e+00 -1.01000000e+00 -3.31564264e-04 -1.01000000e+00 -1.01000000e+00 
-1.02000000e+00 -1.48000000e+00 -1.02000000e+00 -3.33043168e-04 -1.02000000e+00 -1.02000000e+00 
-1.03000000e+00 -1.48000000e+00 -1.03000000e+00 -3.34519263e-04 -1.03000000e+00 -1.03000000e+00 
-1.04000000e+00 -1.48000000e+00 -1.04000000e+00 -3.35992655e-04 -1.04000000e+00 -1.04000000e+00 
-1.05000000e+00 -1.48000000e+00 -1.05000000e+00 -3.37463443e-04 -1.05000000e+00 -1.05000000e+00 
-1.06000000e+00 -1.48000000e+00 -1.06000000e+00 -3.38931722e-04 -1.06000000e+00 -1.06000000e+00 
-1.07000000e+00 -1.48000000e+00 -1.07000000e+00 -3.40397583e-04 -1.07000000e+00 -1.07000000e+00 
-1.08000000e+00 -1.48000000e+00 -1.08000000e+00 -3.41861112e-04 -1.08000000e+00 -1.08000000e+00 
-1.09000000e+00 -1.48000000e+00 -1.09000000e+00 -3.43322392e-04 -1.09000000e+00 -1.09000000e+00 
-1.10000000e+00 -1.48000000e+00 -1.10000000e+00 -3.44781502e-04 -1.10000000e+00 -1.10000000e+00 
-1.11000000e+00 -1.48000000e+00 -1.11000000e+00 -3.46238517e-04 -1.11000000e+00 -1.11000000e+00 
-1.12000000e+00 -1.48000000e+00 -1.12000000e+00 -3.47693509e-04 -1.12000000e+00 -1.12000000e+00 
-1.13000000e+00 -1.48000000e+00 -1.13000000e+00 -3.49146547e-04 -1.13000000e+00 -1.13000000e+00 
-1.14000000e+00 -1.48000000e+00 -1.14000000e+00 -3.50597696e-04 -1.14000000e+00 -1.14000000e+00 
-1.15000000e+00 -1.48000000e+00 -1.15000000e+00 -3.52047020e-04 -1.15000000e+00 -1.15000000e+00 
-1.16000000e+00 -1.48000000e+00 -1.16000000e+00 -3.53494579e-04 -1.16000000e+00 -1.16000000e+00 
-1.17000000e+00 -1.48000000e+00 -1.17000000e+00 -3.54940431e-04 -1.17000000e+00 -1.17000000e+00 
-1.18000000e+00 -1.48000000e+00 -1.18000000e+00 -3.56384632e-04 -1.18000000e+00 -1.18000000e+00 
-1.19000000e+00 -1.48000000e+00 -1.19000000e+00 -3.57827233e-04 -1.19000000e+00 -1.19000000e+00 
-1.20000000e+00 -1.48000000e+00 -1.20000000e+00 -3.59268287e-04 -1.20000000e+00 -1.20000000e+00 
-1.21000000e+00 -1.48000000e+00 -1.21000000e+00 -3.60707842e-04 -1.21000000e+00 -1.21000000e+00 
-1.22000000e+00 -1.48000000e+00 -1.22000000e+00 -3.62145945e-04 -1.22000000e+00 -1.22000000e+00 
-1.23000000e+00 -1.48000000e+00 -1.23000000e+00 -3.63582641e-04 -1.23000000e+00 -1.23000000e+00 
-1.24000000e+00 -1.48000000e+00 -1.24000000e+00 -3.65017973e-04 -1.24000000e+00 -1.24000000e+00 
-1.25000000e+00 -1.48000000e+00 -1.25000000e+00 -3.66451983e-04 -1.25000000e+00 -1.25000000e+00 
-1.26000000e+00 -1.48000000e+00 -1.26000000e+00 -3.67884711e-04 -1.26000000e+00 -1.26000000e+00 
-1.27000000e+00 -1.48000000e+00 -1.27000000e+00 -3.69316194e-04 -1.27000000e+00 -1.27000000e+00 
-1.28000000e+00 -1.48000000e+00 -1.28000000e+00 -3.70746471e-04 -1.28000000e+00 -1.28000000e+00 
-1.29000000e+00 -1.48000000e+00 -1.29000000e+00 -3.72175576e-04 -1.29000000e+00 -1.29000000e+00 
-1.30000000e+00 -1.48000000e+00 -1.30000000e+00 -3.73603543e-04 -1.30000000e+00 -1.30000000e+00 
-1.31000000e+00 -1.48000000e+00 -1.31000000e+00 -3.75030406e-04 -1.31000000e+00 -1.31000000e+00 
-1.32000000e+00 -1.48000000e+00 -1.32000000e+00 -3.76456195e-04 -1.32000000e+00 -1.32000000e+00 
-1.33000000e+00 -1.48000000e+00 -1.33000000e+00 -3.77880942e-04 -1.33000000e+00 -1.33000000e+00 
-1.34000000e+00 -1.48000000e+00 -1.34000000e+00 -3.79304677e-04 -1.34000000e+00 -1.34000000e+00 
-1.35000000e+00 -1.48000000e+00 -1.35000000e+00 -3.80727426e-04 -1.35000000e+00 -1.35000000e+00 
-1.36000000e+00 -1.48000000e+00 -1.36000000e+00 -3.82149218e-04 -1.36000000e+00 -1.36000000e+00 
-1.37000000e+00 -1.48000000e+00 -1.37000000e+00 -3.83570079e-04 -1.37000000e+00 -1.37000000e+00 
-1.38000000e+00 -1.48000000e+00 -1.38000000e+00 -3.84990034e-04 -1.38000000e+00 -1.38000000e+00 
-1.39000000e+00 -1.48000000e+00 -1.39000000e+00 -3.86409108e-04 -1.39000000e+00 -1.39000000e+00 
-1.40000000e+00 -1.48000000e+00 -1.40000000e+00 -3.87827324e-04 -1.40000000e+00 -1.40000000e+00 
-1.41000000e+00 -1.48000000e+00 -1.41000000e+00 -3.89244706e-04 -1.41000000e+00 -1.41000000e+00 
-1.42000000e+00 -1.48000000e+00 -1.42000000e+00 -3.90661275e-04 -1.42000000e+00 -1.42000000e+00 
-1.43000000e+00 -1.48000000e+00 -1.43000000e+00 -3.92077053e-04 -1.43000000e+00 -1.43000000e+00 
-1.44000000e+00 -1.48000000e+00 -1.44000000e+00 -3.93492060e-04 -1.44000000e+00 -1.44000000e+00 
-1.45000000e+00 -1.48000000e+00 -1.45000000e+00 -3.94906316e-04 -1.45000000e+00 -1.45000000e+00 
-1.46000000e+00 -1.48000000e+00 -1.46000000e+00 -3.96319841e-04 -1.46000000e+00 -1.46000000e+00 
-1.47000000e+00 -1.48000000e+00 -1.47000000e+00 -3.97732652e-04 -1.47000000e+00 -1.47000000e+00 
-1.48000000e+00 -1.48000000e+00 -1.48000000e+00 -3.99144769e-04 -1.48000000e+00 -1.48000000e+00 
-1.49000000e+00 -1.48000000e+00 -1.49000000e+00 -4.00556209e-04 -1.49000000e+00 -1.49000000e+00 
-1.50000000e+00 -1.48000000e+00 -1.50000000e+00 -4.01966987e-04 -1.50000000e+00 -1.50000000e+00 
-1.51000000e+00 -1.48000000e+00 -1.51000000e+00 -4.03377122e-04 -1.51000000e+00 -1.51000000e+00 
-1.52000000e+00 -1.48000000e+00 -1.52000000e+00 -4.04786627e-04 -1.52000000e+00 -1.52000000e+00 
-1.53000000e+00 -1.48000000e+00 -1.53000000e+00 -4.06195520e-04 -1.53000000e+00 -1.53000000e+00 
-1.54000000e+00 -1.48000000e+00 -1.54000000e+00 -4.07603814e-04 -1.54000000e+00 -1.54000000e+00 
-1.55000000e+00 -1.48000000e+00 -1.55000000e+00 -4.09011525e-04 -1.55000000e+00 -1.55000000e+00 
-1.56000000e+00 -1.48000000e+00 -1.56000000e+00 -4.10418665e-04 -1.56000000e+00 -1.56000000e+00 
-1.57000000e+00 -1.48000000e+00 -1.57000000e+00 -4.11825248e-04 -1.57000000e+00 -1.57000000e+00 
-1.58000000e+00 -1.48000000e+00 -1.58000000e+00 -4.13231288e-04 -1.58000000e+00 -1.58000000e+00 
-1.59000000e+00 -1.48000000e+00 -1.59000000e+00 -4.14636797e-04 -1.59000000e+00 -1.59000000e+00 
-1.60000000e+00 -1.48000000e+00 -1.60000000e+00 -4.16041788e-04 -1.60000000e+00 -1.60000000e+00 
-1.61000000e+00 -1.48000000e+00 -1.61000000e+00 -4.17446272e-04 -1.61000000e+00 -1.61000000e+00 
-1.62000000e+00 -1.48000000e+00 -1.62000000e+00 -4.18850261e-04 -1.62000000e+00 -1.62000000e+00 
-1.63000000e+00 -1.48000000e+00 -1.63000000e+00 -4.20253767e-04 -1.63000000e+00 -1.63000000e+00 
-1.64000000e+00 -1.48000000e+00 -1.64000000e+00 -4.21656799e-04 -1.64000000e+00 -1.64000000e+00 
-1.65000000e+00 -1.48000000e+00 -1.65000000e+00 -4.23059370e-04 -1.65000000e+00 -1.65000000e+00 
-1.66000000e+00 -1.48000000e+00 -1.66000000e+00 -4.24461488e-04 -1.66000000e+00 -1.66000000e+00 
-1.67000000e+00 -1.48000000e+00 -1.67000000e+00 -4.25863165e-04 -1.67000000e+00 -1.67000000e+00 
-1.68000000e+00 -1.48000000e+00 -1.68000000e+00 -4.27264409e-04 -1.68000000e+00 -1.68000000e+00 
-1.69000000e+00 -1.48000000e+00 -1.69000000e+00 -4.28665231e-04 -1.69000000e+00 -1.69000000e+00 
-1.70000000e+00 -1.48000000e+00 -1.70000000e+00 -4.30065639e-04 -1.70000000e+00 -1.70000000e+00 
-1.71000000e+00 -1.48000000e+00 -1.71000000e+00 -4.31465643e-04 -1.71000000e+00 -1.71000000e+00 
-1.72000000e+00 -1.48000000e+00 -1.72000000e+00 -4.32865250e-04 -1.72000000e+00 -1.72000000e+00 
-1.73000000e+00 -1.48000000e+00 -1.73000000e+00 -4.34264471e-04 -1.73000000e+00 -1.73000000e+00 
-1.74000000e+00 -1.48000000e+00 -1.74000000e+00 -4.35663311e-04 -1.74000000e+00 -1.74000000e+00 
-1.75000000e+00 -1.48000000e+00 -1.75000000e+00 -4.37061781e-04 -1.75000000e+00 -1.75000000e+00 
-1.76000000e+00 -1.48000000e+00 -1.76000000e+00 -4.38459887e-04 -1.76000000e+00 -1.76000000e+00 
-1.77000000e+00 -1.48000000e+00 -1.77000000e+00 -4.39857637e-04 -1.77000000e+00 -1.77000000e+00 
-1.78000000e+00 -1.48000000e+00 -1.78000000e+00 -4.41255038e-04 -1.78000000e+00 -1.78000000e+00 
-1.79000000e+00 -1.48000000e+00 -1.79000000e+00 -4.42652098e-04 -1.79000000e+00 -1.79000000e+00 
-1.80000000e+00 -1.48000000e+00 -1.80000000e+00 -4.44048824e-04 -1.80000000e+00 -1.80000000e+00 
-1.81000000e+00 -1.48000000e+00 -1.81000000e+00 -4.45445222e-04 -1.81000000e+00 -1.81000000e+00 
-1.82000000e+00 -1.48000000e+00 -1.82000000e+00 -4.46841298e-04 -1.82000000e+00 -1.82000000e+00 
-1.83000000e+00 -1.48000000e+00 -1.83000000e+00 -4.48237060e-04 -1.83000000e+00 -1.83000000e+00 
-1.84000000e+00 -1.48000000e+00 -1.84000000e+00 -4.49632514e-04 -1.84000000e+00 -1.84000000e+00 
-1.85000000e+00 -1.48000000e+00 -1.85000000e+00 -4.51027666e-04 -1.85000000e+00 -1.85000000e+00 
