 0.00000000e+00 -1.85000000e+00  0.00000000e+00 -0.00000000e+00  0.00000000e+00  0.00000000e+00 
-1.00000000e-02 -1.85000000e+00 -1.00000000e-02 -4.12151406e-07 -1.00000000e-02 -1.00000000e-02 
-2.00000000e-02 -1.85000000e+00 -2.00000000e-02 -8.18489578e-07 -2.00000000e-02 -2.00000000e-02 
-3.00000000e-02 -1.85000000e+00 -3.00000000e-02 -1.21894209e-06 -3.00000000e-02 -3.00000000e-02 
-4.00000000e-02 -1.85000000e+00 -4.00000000e-02 -1.61344657e-06 -4.00000000e-02 -4.00000000e-02 
-5.00000000e-02 -1.85000000e+00 -5.00000000e-02 -2.00194338e-06 -5.00000000e-02 -5.00000000e-02 
-6.00000000e-02 -1.85000000e+00 -6.00000000e-02 -2.38437368e-06 -6.00000000e-02 -6.00000000e-02 
-7.00000000e-02 -1.85000000e+00 -7.00000000e-02 -2.76067875e-06 -7.00000000e-02 -7.00000000e-02 
-8.00000000e-02 -1.85000000e+00 -8.00000000e-02 -3.13079970e-06 -8.00000000e-02 -8.00000000e-02 
-9.00000000e-02 -1.85000000e+00 -9.00000000e-02 -3.49467723e-06 -9.00000000e-02 -9.00000000e-02 
-1.00000000e-01 -1.85000000e+00 -1.00000000e-01 -3.85225160e-06 -1.00000000e-01 -1.00000000e-01 
-1.10000000e-01 -1.85000000e+00 -1.10000000e-01 -4.20346257e-06 -1.10000000e-01 -1.10000000e-01 
-1.20000000e-01 -1.85000000e+00 -1.20000000e-01 -4.54824934e-06 -1.20000000e-01 -1.20000000e-01 
-1.30000000e-01 -1.85000000e+00 -1.30000000e-01 -4.88655059e-06 -1.30000000e-01 -1.30000000e-01 
-1.40000000e-01 -1.85000000e+00 -1.40000000e-01 -5.21830443e-06 -1.40000000e-01 -1.40000000e-01 
-1.50000000e-01 -1.85000000e+00 -1.50000000e-01 -5.54344845e-06 -1.50000000e-01 -1.50000000e-01 
-1.60000000e-01 -1.85000000e+00 -1.60000000e-01 -5.86191974e-06 -1.60000000e-01 -1.60000000e-01 
-1.70000000e-01 -1.85000000e+00 -1.70000000e-01 -6.17365491e-06 -1.70000000e-01 -1.70000000e-01 
-1.80000000e-01 -1.85000000e+00 -1.80000000e-01 -6.47859017e-06 -1.80000000e-01 -1.80000000e-01 
-1.90000000e-01 -1.85000000e+00 -1.90000000e-01 -6.77666136e-06 -1.90000000e-01 -1.90000000e-01 
-2.00000000e-01 -1.85000000e+00 -2.00000000e-01 -7.06780404e-06 -2.00000000e-01 -2.00000000e-01 
-2.10000000e-01 -1.85000000e+00 -2.10000000e-01 -7.35195364e-06 -2.10000000e-01 -2.10000000e-01 
-2.20000000e-01 -1.85000000e+00 -2.20000000e-01 -7.62904550e-06 -2.20000000e-01 -2.20000000e-01 
-2.30000000e-01 -1.85000000e+00 -2.30000000e-01 -7.89901511e-06 -2.30000000e-01 -2.30000000e-01 
-2.40000000e-01 -1.85000000e+00 -2.40000000e-01 -8.16179825e-06 -2.40000000e-01 -2.40000000e-01 
-2.50000000e-01 -1.85000000e+00 -2.50000000e-01 -8.41733122e-06 -2.50000000e-01 -2.50000000e-01 
-2.60000000e-01 -1.85000000e+00 -2.60000000e-01 -8.66555116e-06 -2.60000000e-01 -2.60000000e-01 
-2.70000000e-01 -1.85000000e+00 -2.70000000e-01 -8.90639633e-06 -2.70000000e-01 -2.70000000e-01 
-2.80000000e-01 -1.85000000e+00 -2.80000000e-01 -9.13980656e-06 -2.80000000e-01 -2.80000000e-01 
-2.90000000e-01 -1.85000000e+00 -2.90000000e-01 -9.36572374e-06 -2.90000000e-01 -2.90000000e-01 
-3.00000000e-01 -1.85000000e+00 -3.00000000e-01 -9.58409237e-06 -3.00000000e-01 -3.00000000e-01 
-3.10000000e-01 -1.85000000e+00 -3.10000000e-01 -9.79486027e-06 -3.10000000e-01 -3.10000000e-01 
-3.20000000e-01 -1.85000000e+00 -3.20000000e-01 -9.99797943e-06 -3.20000000e-01 -3.20000000e-01 
-3.30000000e-01 -1.85000000e+00 -3.30000000e-01 -1.01934069e-05 -3.30000000e-01 -3.30000000e-01 
-3.40000000e-01 -1.85000000e+00 -3.40000000e-01 -1.03811061e-05 -3.40000000e-01 -3.40000000e-01 
-3.50000000e-01 -1.85000000e+00 -3.50000000e-01 -1.05610480e-05 -3.50000000e-01 -3.50000000e-01 
-3.60000000e-01 -1.85000000e+00 -3.60000000e-01 -1.07332124e-05 -3.60000000e-01 -3.60000000e-01 
-3.70000000e-01 -1.85000000e+00 -3.70000000e-01 -1.08975904e-05 -3.70000000e-01 -3.70000000e-01 
-3.80000000e-01 -1.85000000e+00 -3.80000000e-01 -1.10541853e-05 -3.80000000e-01 -3.80000000e-01 
-3.90000000e-01 -1.85000000e+00 -3.90000000e-01 -1.12030158e-05 -3.90000000e-01 -3.90000000e-01 
-4.00000000e-01 -1.85000000e+00 -4.00000000e-01 -1.13441174e-05 -4.00000000e-01 -4.00000000e-01 
-4.10000000e-01 -1.85000000e+00 -4.10000000e-01 -1.14775452e-05 -4.10000000e-01 -4.10000000e-01 
-4.20000000e-01 -1.85000000e+00 -4.20000000e-01 -1.16033763e-05 -4.20000000e-01 -4.20000000e-01 
-4.30000000e-01 -1.85000000e+00 -4.30000000e-01 -1.17217121e-05 -4.30000000e-01 -4.30000000e-01 
-4.40000000e-01 -1.85000000e+00 -4.40000000e-01 -1.18326801e-05 -4.40000000e-01 -4.40000000e-01 
-4.50000000e-01 -1.85000000e+00 -4.50000000e-01 -1.19364361e-05 -4.50000000e-01 -4.50000000e-01 
-4.60000000e-01 -1.85000000e+00 -4.60000000e-01 -1.20331647e-05 -4.60000000e-01 -4.60000000e-01 
-4.70000000e-01 -1.85000000e+00 -4.70000000e-01 -1.21230798e-05 -4.70000000e-01 -4.70000000e-01 
-4.80000000e-01 -1.85000000e+00 -4.80000000e-01 -1.22064239e-05 -4.80000000e-01 -4.80000000e-01 
-4.90000000e-01 -1.85000000e+00 -4.90000000e-01 -1.22834666e-05 -4.90000000e-01 -4.90000000e-01 
-5.00000000e-01 -1.85000000e+00 -5.00000000e-01 -1.23545015e-05 -5.00000000e-01 -5.00000000e-01 
-5.10000000e-01 -1.85000000e+00 -5.10000000e-01 -1.24198425e-05 -5.10000000e-01 -5.10000000e-01 
-5.20000000e-01 -1.85000000e+00 -5.20000000e-01 -1.24798193e-05 -5.20000000e-01 -5.20000000e-01 
-5.30000000e-01 -1.85000000e+00 -5.30000000e-01 -1.25347723e-05 -5.30000000e-01 -5.30000000e-01 
-5.40000000e-01 -1.85000000e+00 -5.40000000e-01 -1.25850468e-05 -5.40000000e-01 -5.40000000e-01 
-5.50000000e-01 -1.85000000e+00 -5.50000000e-01 -1.26309882e-05 -5.50000000e-01 -5.50000000e-01 
-5.60000000e-01 -1.85000000e+00 -5.60000000e-01 -1.26729360e-05 -5.60000000e-01 -5.60000000e-01 
-5.70000000e-01 -1.85000000e+00 -5.70000000e-01 -1.27112201e-05 -5.70000000e-01 -5.70000000e-01 
-5.80000000e-01 -1.85000000e+00 -5.80000000e-01 -1.27461568e-05 -5.80000000e-01 -5.80000000e-01 
-5.90000000e-01 -1.85000000e+00 -5.90000000e-01 -1.27780457e-05 -5.90000000e-01 -5.90000000e-01 
-6.00000000e-01 -1.85000000e+00 -6.00000000e-01 -1.28071679e-05 -6.00000000e-01 -6.00000000e-01 
-6.10000000e-01 -1.85000000e+00 -6.10000000e-01 -1.28337847e-05 -6.10000000e-01 -6.10000000e-01 
-6.20000000e-01 -1.85000000e+00 -6.20000000e-01 -1.28581368e-05 -6.20000000e-01 -6.20000000e-01 
-6.30000000e-01 -1.85000000e+00 -6.30000000e-01 -1.28804449e-05 -6.30000000e-01 -6.30000000e-01 
-6.40000000e-01 -1.85000000e+00 -6.40000000e-01 -1.29009098e-05 -6.40000000e-01 -6.40000000e-01 
-6.50000000e-01 -1.85000000e+00 -6.50000000e-01 -1.29197135e-05 -6.50000000e-01 -6.50000000e-01 
-6.60000000e-01 -1.85000000e+00 -6.60000000e-01 -1.29370202e-05 -6.60000000e-01 -6.60000000e-01 
-6.70000000e-01 -1.85000000e+00 -6.70000000e-01 -1.29529778e-05 -6.70000000e-01 -6.70000000e-01 
-6.80000000e-01 -1.85000000e+00 -6.80000000e-01 -1.29677188e-05 -6.80000000e-01 -6.80000000e-01 
-6.90000000e-01 -1.85000000e+00 -6.90000000e-01 -1.29813620e-05 -6.90000000e-01 -6.90000000e-01 
-7.00000000e-01 -1.85000000e+00 -7.00000000e-01 -1.29940139e-05 -7.00000000e-01 -7.00000000e-01 
-7.10000000e-01 -1.85000000e+00 -7.10000000e-01 -1.30057694e-05 -7.10000000e-01 -7.10000000e-01 
-7.20000000e-01 -1.85000000e+00 -7.20000000e-01 -1.30167134e-05 -7.20000000e-01 -7.20000000e-01 
-7.30000000e-01 -1.85000000e+00 -7.30000000e-01 -1.30269219e-05 -7.30000000e-01 -7.30000000e-01 
-7.40000000e-01 -1.85000000e+00 -7.40000000e-01 -1.30364628e-05 -7.40000000e-01 -7.40000000e-01 
-7.50000000e-01 -1.85000000e+00 -7.50000000e-01 -1.30453967e-05 -7.50000000e-01 -7.50000000e-01 
-7.60000000e-01 -1.85000000e+00 -7.60000000e-01 -1.30537780e-05 -7.60000000e-01 -7.60000000e-01 
-7.70000000e-01 -1.85000000e+00 -7.70000000e-01 -1.30616554e-05 -7.70000000e-01 -7.70000000e-01 
-7.80000000e-01 -1.85000000e+00 -7.80000000e-01 -1.30690725e-05 -7.80000000e-01 -7.80000000e-01 
-7.90000000e-01 -1.85000000e+00 -7.90000000e-01 -1.30760685e-05 -7.90000000e-01 -7.90000000e-01 
-8.00000000e-01 -1.85000000e+00 -8.00000000e-01 -1.30826786e-05 -8.00000000e-01 -8.00000000e-01 
-8.10000000e-01 -1.85000000e+00 -8.10000000e-01 -1.30889346e-05 -8.10000000e-01 -8.10000000e-01 
-8.20000000e-01 -1.85000000e+00 -8.20000000e-01 -1.30948651e-05 -8.20000000e-01 -8.20000000e-01 
-8.30000000e-01 -1.85000000e+00 -8.30000000e-01 -1.31004959e-05 -8.30000000e-01 -8.30000000e-01 
-8.40000000e-01 -1.85000000e+00 -8.40000000e-01 -1.31058503e-05 -8.40000000e-01 -8.40000000e-01 
-8.50000000e-01 -1.85000000e+00 -8.50000000e-01 -1.31109496e-05 -8.50000000e-01 -8.50000000e-01 
-8.60000000e-01 -1.85000000e+00 -8.60000000e-01 -1.31158127e-05 -8.60000000e-01 -8.60000000e-01 
-8.70000000e-01 -1.85000000e+00 -8.70000000e-01 -1.31204573e-05 -8.70000000e-01 -8.70000000e-01 
-8.80000000e-01 -1.85000000e+00 -8.80000000e-01 -1.31248990e-05 -8.80000000e-01 -8.80000000e-01 
-8.90000000e-01 -1.85000000e+00 -8.90000000e-01 -1.31291524e-05 -8.90000000e-01 -8.90000000e-01 
-9.00000000e-01 -1.85000000e+00 -9.00000000e-01 -1.31332306e-05 -9.00000000e-01 -9.00000000e-01 
-9.10000000e-01 -1.85000000e+00 -9.10000000e-01 -1.31371456e-05 -9.10000000e-01 -9.10000000e-01 
-9.20000000e-01 -1.85000000e+00 -9.20000000e-01 -1.31409084e-05 -9.20000000e-01 -9.20000000e-01 
-9.30000000e-01 -1.85000000e+00 -9.30000000e-01 -1.31445291e-05 -9.30000000e-01 -9.30000000e-01 
-9.40000000e-01 -1.85000000e+00 -9.40000000e-01 -1.31480170e-05 -9.40000000e-01 -9.40000000e-01 
-9.50000000e-01 -1.85000000e+00 -9.50000000e-01 -1.31513805e-05 -9.50000000e-01 -9.50000000e-01 
-9.60000000e-01 -1.85000000e+00 -9.60000000e-01 -1.31546274e-05 -9.60000000e-01 -9.60000000e-01 
-9.70000000e-01 -1.85000000e+00 -9.70000000e-01 -1.31577651e-05 -9.70000000e-01 -9.70000000e-01 
-9.80000000e-01 -1.85000000e+00 -9.80000000e-01 -1.31608000e-05 -9.80000000e-01 -9.80000000e-01 
-9.90000000e-01 -1.85000000e+00 -9.90000000e-01 -1.31637384e-05 -9.90000000e-01 -9.90000000e-01 
-1.00000000e+00 -1.85000000e+00 -1.00000000e+00 -1.31665858e-05 -1.00000000e+00 -1.00000000e+00 
-1.01000000e+00 -1.85000000e+00 -1.01000000e+00 -1.31693477e-05 -1.01000000e+00 -1.01000000e+00 
-1.02000000e+00 -1.85000000e+00 -1.02000000e+00 -1.31720288e-05 -1.02000000e+00 -1.02000000e+00 
-1.03000000e+00 -1.85000000e+00 -1.03000000e+00 -1.31746336e-05 -1.03000000e+00 -1.03000000e+00 
-1.04000000e+00 -1.85000000e+00 -1.04000000e+00 -1.31771664e-05 -1.04000000e+00 -1.04000000e+00 
-1.05000000e+00 -1.85000000e+00 -1.05000000e+00 -1.31796310e-05 -1.05000000e+00 -1.05000000e+00 
-1.06000000e+00 -1.85000000e+00 -1.06000000e+00 -1.31820312e-05 -1.06000000e+00 -1.06000000e+00 
-1.07000000e+00 -1.85000000e+00 -1.07000000e+00 -1.31843702e-05 -1.07000000e+00 -1.07000000e+00 
-1.08000000e+00 -1.85000000e+00 -1.08000000e+00 -1.31866513e-05 -1.08000000e+00 -1.08000000e+00 
-1.09000000e+00 -1.85000000e+00 -1.09000000e+00 -1.31888774e-05 -1.09000000e+00 -1.09000000e+00 
-1.10000000e+00 -1.85000000e+00 -1.10000000e+00 -1.31910512e-05 -1.10000000e+00 -1.10000000e+00 
-1.11000000e+00 -1.85000000e+00 -1.11000000e+00 -1.31931754e-05 -1.11000000e+00 -1.11000000e+00 
-1.12000000e+00 -1.85000000e+00 -1.12000000e+00 -1.31952524e-05 -1.12000000e+00 -1.12000000e+00 
-1.13000000e+00 -1.85000000e+00 -1.13000000e+00 -1.31972844e-05 -1.13000000e+00 -1.13000000e+00 
-1.14000000e+00 -1.85000000e+00 -1.14000000e+00 -1.31992735e-05 -1.14000000e+00 -1.14000000e+00 
-1.15000000e+00 -1.85000000e+00 -1.15000000e+00 -1.32012218e-05 -1.15000000e+00 -1.15000000e+00 
-1.16000000e+00 -1.85000000e+00 -1.16000000e+00 -1.32031312e-05 -1.16000000e+00 -1.16000000e+00 
-1.17000000e+00 -1.85000000e+00 -1.17000000e+00 -1.32050034e-05 -1.17000000e+00 -1.17000000e+00 
-1.18000000e+00 -1.85000000e+00 -1.18000000e+00 -1.32068401e-05 -1.18000000e+00 -1.18000000e+00 
-1.19000000e+00 -1.85000000e+00 -1.19000000e+00 -1.32086429e-05 -1.19000000e+00 -1.19000000e+00 
-1.20000000e+00 -1.85000000e+00 -1.20000000e+00 -1.32104131e-05 -1.20000000e+00 -1.20000000e+00 
-1.21000000e+00 -1.85000000e+00 -1.21000000e+00 -1.32121523e-05 -1.21000000e+00 -1.21000000e+00 
-1.22000000e+00 -1.85000000e+00 -1.22000000e+00 -1.32138618e-05 -1.22000000e+00 -1.22000000e+00 
-1.23000000e+00 -1.85000000e+00 -1.23000000e+00 -1.32155428e-05 -1.23000000e+00 -1.23000000e+00 
-1.24000000e+00 -1.85000000e+00 -1.24000000e+00 -1.32171964e-05 -1.24000000e+00 -1.24000000e+00 
-1.25000000e+00 -1.85000000e+00 -1.25000000e+00 -1.32188238e-05 -1.25000000e+00 -1.25000000e+00 
-1.26000000e+00 -1.85000000e+00 -1.26000000e+00 -1.32204261e-05 -1.26000000e+00 -1.26000000e+00 
-1.27000000e+00 -1.85000000e+00 -1.27000000e+00 -1.32220043e-05 -1.27000000e+00 -1.27000000e+00 
-1.28000000e+00 -1.85000000e+00 -1.28000000e+00 -1.32235592e-05 -1.28000000e+00 -1.28000000e+00 
-1.29000000e+00 -1.85000000e+00 -1.29000000e+00 -1.32250919e-05 -1.29000000e+00 -1.29000000e+00 
-1.30000000e+00 -1.85000000e+00 -1.30000000e+00 -1.32266031e-05 -1.30000000e+00 -1.30000000e+00 
-1.31000000e+00 -1.85000000e+00 -1.31000000e+00 -1.32280937e-05 -1.31000000e+00 -1.31000000e+00 
-1.32000000e+00 -1.85000000e+00 -1.32000000e+00 -1.32295645e-05 -1.32000000e+00 -1.32000000e+00 
-1.33000000e+00 -1.85000000e+00 -1.33000000e+00 -1.32310161e-05 -1.33000000e+00 -1.33000000e+00 
-1.34000000e+00 -1.85000000e+00 -1.34000000e+00 -1.32324493e-05 -1.34000000e+00 -1.34000000e+00 
-1.35000000e+00 -1.85000000e+00 -1.35000000e+00 -1.32338648e-05 -1.35000000e+00 -1.35000000e+00 
-1.36000000e+00 -1.85000000e+00 -1.36000000e+00 -1.32352632e-05 -1.36000000e+00 -1.36000000e+00 
-1.37000000e+00 -1.85000000e+00 -1.37000000e+00 -1.32366451e-05 -1.37000000e+00 -1.37000000e+00 
-1.38000000e+00 -1.85000000e+00 -1.38000000e+00 -1.32380111e-05 -1.38000000e+00 -1.38000000e+00 
-1.39000000e+00 -1.85000000e+00 -1.39000000e+00 -1.32393617e-05 -1.39000000e+00 -1.39000000e+00 
-1.40000000e+00 -1.85000000e+00 -1.40000000e+00 -1.32406974e-05 -1.40000000e+00 -1.40000000e+00 
-1.41000000e+00 -1.85000000e+00 -1.41000000e+00 -1.32420188e-05 -1.41000000e+00 -1.41000000e+00 
-1.42000000e+00 -1.85000000e+00 -1.42000000e+00 -1.32433264e-05 -1.42000000e+00 -1.42000000e+00 
-1.43000000e+00 -1.85000000e+00 -1.43000000e+00 -1.32446205e-05 -1.43000000e+00 -1.43000000e+00 
-1.44000000e+00 -1.85000000e+00 -1.44000000e+00 -1.32459017e-05 -1.44000000e+00 -1.44000000e+00 
-1.45000000e+00 -1.85000000e+00 -1.45000000e+00 -1.32471704e-05 -1.45000000e+00 -1.45000000e+00 
-1.46000000e+00 -1.85000000e+00 -1.46000000e+00 -1.32484269e-05 -1.46000000e+00 -1.46000000e+00 
-1.47000000e+00 -1.85000000e+00 -1.47000000e+00 -1.32496716e-05 -1.47000000e+00 -1.47000000e+00 
-1.48000000e+00 -1.85000000e+00 -1.48000000e+00 -1.32509050e-05 -1.48000000e+00 -1.48000000e+00 
-1.49000000e+00 -1.85000000e+00 -1.49000000e+00 -1.32521274e-05 -1.49000000e+00 -1.49000000e+00 
-1.50000000e+00 -1.85000000e+00 -1.50000000e+00 -1.32533391e-05 -1.50000000e+00 -1.50000000e+00 
-1.51000000e+00 -1.85000000e+00 -1.51000000e+00 -1.32545404e-05 -1.51000000e+00 -1.51000000e+00 
-1.52000000e+00 -1.85000000e+00 -1.52000000e+00 -1.32557317e-05 -1.52000000e+00 -1.52000000e+00 
-1.53000000e+00 -1.85000000e+00 -1.53000000e+00 -1.32569133e-05 -1.53000000e+00 -1.53000000e+00 
-1.54000000e+00 -1.85000000e+00 -1.54000000e+00 -1.32580854e-05 -1.54000000e+00 -1.54000000e+00 
-1.55000000e+00 -1.85000000e+00 -1.55000000e+00 -1.32592483e-05 -1.55000000e+00 -1.55000000e+00 
-1.56000000e+00 -1.85000000e+00 -1.56000000e+00 -1.32604023e-05 -1.56000000e+00 -1.56000000e+00 
-1.57000000e+00 -1.85000000e+00 -1.57000000e+00 -1.32615477e-05 -1.57000000e+00 -1.57000000e+00 
-1.58000000e+00 -1.85000000e+00 -1.58000000e+00 -1.32626846e-05 -1.58000000e+00 -1.58000000e+00 
-1.59000000e+00 -1.85000000e+00 -1.59000000e+00 -1.32638135e-05 -1.59000000e+00 -1.59000000e+00 
-1.60000000e+00 -1.85000000e+00 -1.60000000e+00 -1.32649343e-05 -1.60000000e+00 -1.60000000e+00 
-1.61000000e+00 -1.85000000e+00 -1.61000000e+00 -1.32660475e-05 -1.61000000e+00 -1.61000000e+00 
-1.62000000e+00 -1.85000000e+00 -1.62000000e+00 -1.32671532e-05 -1.62000000e+00 -1.62000000e+00 
-1.63000000e+00 -1.85000000e+00 -1.63000000e+00 -1.32682515e-05 -1.63000000e+00 -1.63000000e+00 
-1.64000000e+00 -1.85000000e+00 -1.64000000e+00 -1.32693428e-05 -1.64000000e+00 -1.64000000e+00 
-1.65000000e+00 -1.85000000e+00 -1.65000000e+00 -1.32704272e-05 -1.65000000e+00 -1.65000000e+00 
-1.66000000e+00 -1.85000000e+00 -1.66000000e+00 -1.32715048e-05 -1.66000000e+00 -1.66000000e+00 
-1.67000000e+00 -1.85000000e+00 -1.67000000e+00 -1.32725759e-05 -1.67000000e+00 -1.67000000e+00 
-1.68000000e+00 -1.85000000e+00 -1.68000000e+00 -1.32736407e-05 -1.68000000e+00 -1.68000000e+00 
-1.69000000e+00 -1.85000000e+00 -1.69000000e+00 -1.32746992e-05 -1.69000000e+00 -1.69000000e+00 
-1.70000000e+00 -1.85000000e+00 -1.70000000e+00 -1.32757516e-05 -1.70000000e+00 -1.70000000e+00 
-1.71000000e+00 -1.85000000e+00 -1.71000000e+00 -1.32767982e-05 -1.71000000e+00 -1.71000000e+00 
-1.72000000e+00 -1.85000000e+00 -1.72000000e+00 -1.32778391e-05 -1.72000000e+00 -1.72000000e+00 
-1.73000000e+00 -1.85000000e+00 -1.73000000e+00 -1.32788743e-05 -1.73000000e+00 -1.73000000e+00 
-1.74000000e+00 -1.85000000e+00 -1.74000000e+00 -1.32799041e-05 -1.74000000e+00 -1.74000000e+00 
-1.75000000e+00 -1.85000000e+00 -1.75000000e+00 -1.32809285e-05 -1.75000000e+00 -1.75000000e+00 
-1.76000000e+00 -1.85000000e+00 -1.76000000e+00 -1.32819478e-05 -1.76000000e+00 -1.76000000e+00 
-1.77000000e+00 -1.85000000e+00 -1.77000000e+00 -1.32829620e-05 -1.77000000e+00 -1.77000000e+00 
-1.78000000e+00 -1.85000000e+00 -1.78000000e+00 -1.32839712e-05 -1.78000000e+00 -1.78000000e+00 
-1.79000000e+00 -1.85000000e+00 -1.79000000e+00 -1.32849756e-05 -1.79000000e+00 -1.79000000e+00 
-1.80000000e+00 -1.85000000e+00 -1.80000000e+00 -1.32859753e-05 -1.80000000e+00 -1.80000000e+00 
-1.81000000e+00 -1.85000000e+00 -1.81000000e+00 -1.32869704e-05 -1.81000000e+00 -1.81000000e+00 
-1.82000000e+00 -1.85000000e+00 -1.82000000e+00 -1.32879610e-05 -1.82000000e+00 -1.82000000e+00 
-1.83000000e+00 -1.85000000e+00 -1.83000000e+00 -1.32889472e-05 -1.83000000e+00 -1.83000000e+00 
-1.84000000e+00 -1.85000000e+00 -1.84000000e+00 -1.32899292e-05 -1.84000000e+00 -1.84000000e+00 
-1.85000000e+00 -1.85000000e+00 -1.85000000e+00 -1.32909069e-05 -1.85000000e+00 -1.85000000e+00 
