 0.00000000e+00 -1.11000000e+00  0.00000000e+00 -0.00000000e+00  0.00000000e+00  0.00000000e+00 
-1.00000000e-02 -1.11000000e+00 -1.00000000e-02 -8.53370170e-09 -1.00000000e-02 -1.00000000e-02 
-2.00000000e-02 -1.11000000e+00 -2.00000000e-02 -1.34088729e-08 -2.00000000e-02 -2.00000000e-02 
-3.00000000e-02 -1.11000000e+00 -3.00000000e-02 -1.61514179e-08 -3.00000000e-02 -3.00000000e-02 
-4.00000000e-02 -1.11000000e+00 -4.00000000e-02 -1.77349244e-08 -4.00000000e-02 -4.00000000e-02 
-5.00000000e-02 -1.11000000e+00 -5.00000000e-02 -1.86945425e-08 -5.00000000e-02 -5.00000000e-02 
-6.00000000e-02 -1.11000000e+00 -6.00000000e-02 -1.93088364e-08 -6.00000000e-02 -6.00000000e-02 
-7.00000000e-02 -1.11000000e+00 -7.00000000e-02 -1.97234945e-08 -7.00000000e-02 -7.00000000e-02 
-8.00000000e-02 -1.11000000e+00 -8.00000000e-02 -2.00172520e-08 -8.00000000e-02 -8.00000000e-02 
-9.00000000e-02 -1.11000000e+00 -9.00000000e-02 -2.02345090e-08 -9.00000000e-02 -9.00000000e-02 
-1.00000000e-01 -1.11000000e+00 -1.00000000e-01 -2.04014160e-08 -1.00000000e-01 -1.00000000e-01 
-1.10000000e-01 -1.11000000e+00 -1.10000000e-01 -2.05340169e-08 -1.10000000e-01 -1.10000000e-01 
-1.20000000e-01 -1.11000000e+00 -1.20000000e-01 -2.06425256e-08 -1.20000000e-01 -1.20000000e-01 
-1.30000000e-01 -1.11000000e+00 -1.30000000e-01 -2.07336624e-08 -1.30000000e-01 -1.30000000e-01 
-1.40000000e-01 -1.11000000e+00 -1.40000000e-01 -2.08119800e-08 -1.40000000e-01 -1.40000000e-01 
-1.50000000e-01 -1.11000000e+00 -1.50000000e-01 -2.08806437e-08 -1.50000000e-01 -1.50000000e-01 
-1.60000000e-01 -1.11000000e+00 -1.60000000e-01 -2.09419054e-08 -1.60000000e-01 -1.60000000e-01 
-1.70000000e-01 -1.11000000e+00 -1.70000000e-01 -2.09974005e-08 -1.70000000e-01 -1.70000000e-01 
-1.80000000e-01 -1.11000000e+00 -1.80000000e-01 -2.10483384e-08 -1.80000000e-01 -1.80000000e-01 
-1.90000000e-01 -1.11000000e+00 -1.90000000e-01 -2.10956287e-08 -1.90000000e-01 -1.90000000e-01 
-2.00000000e-01 -1.11000000e+00 -2.00000000e-01 -2.11399655e-08 -2.00000000e-01 -2.00000000e-01 
-2.10000000e-01 -1.11000000e+00 -2.10000000e-01 -2.11818857e-08 -2.10000000e-01 -2.10000000e-01 
-2.20000000e-01 -1.11000000e+00 -2.20000000e-01 -2.12218097e-08 -2.20000000e-01 -2.20000000e-01 
-2.30000000e-01 -1.11000000e+00 -2.30000000e-01 -2.12600704e-08 -2.30000000e-01 -2.30000000e-01 
-2.40000000e-01 -1.11000000e+00 -2.40000000e-01 -2.12969342e-08 -2.40000000e-01 -2.40000000e-01 
-2.50000000e-01 -1.11000000e+00 -2.50000000e-01 -2.13326162e-08 -2.50000000e-01 -2.50000000e-01 
-2.60000000e-01 -1.11000000e+00 -2.60000000e-01 -2.13672916e-08 -2.60000000e-01 -2.60000000e-01 
-2.70000000e-01 -1.11000000e+00 -2.70000000e-01 -2.14011043e-08 -2.70000000e-01 -2.70000000e-01 
-2.80000000e-01 -1.11000000e+00 -2.80000000e-01 -2.14341734e-08 -2.80000000e-01 -2.80000000e-01 
-2.90000000e-01 -1.11000000e+00 -2.90000000e-01 -2.14665979e-08 -2.90000000e-01 -2.90000000e-01 
-3.00000000e-01 -1.11000000e+00 -3.00000000e-01 -2.14984610e-08 -3.00000000e-01 -3.00000000e-01 
-3.10000000e-01 -1.11000000e+00 -3.10000000e-01 -2.15298328e-08 -3.10000000e-01 -3.10000000e-01 
-3.20000000e-01 -1.11000000e+00 -3.20000000e-01 -2.15607727e-08 -3.20000000e-01 -3.20000000e-01 
-3.30000000e-01 -1.11000000e+00 -3.30000000e-01 -2.15913316e-08 -3.30000000e-01 -3.30000000e-01 
-3.40000000e-01 -1.11000000e+00 -3.40000000e-01 -2.16215527e-08 -3.40000000e-01 -3.40000000e-01 
-3.50000000e-01 -1.11000000e+00 -3.50000000e-01 -2.16514737e-08 -3.50000000e-01 -3.50000000e-01 
-3.60000000e-01 -1.11000000e+00 -3.60000000e-01 -2.16811266e-08 -3.60000000e-01 -3.60000000e-01 
-3.70000000e-01 -1.11000000e+00 -3.70000000e-01 -2.17105397e-08 -3.70000000e-01 -3.70000000e-01 
-3.80000000e-01 -1.11000000e+00 -3.80000000e-01 -2.17397375e-08 -3.80000000e-01 -3.80000000e-01 
-3.90000000e-01 -1.11000000e+00 -3.90000000e-01 -2.17687413e-08 -3.90000000e-01 -3.90000000e-01 
-4.00000000e-01 -1.11000000e+00 -4.00000000e-01 -2.17975699e-08 -4.00000000e-01 -4.00000000e-01 
-4.10000000e-01 -1.11000000e+00 -4.10000000e-01 -2.18262400e-08 -4.10000000e-01 -4.10000000e-01 
-4.20000000e-01 -1.11000000e+00 -4.20000000e-01 -2.18547661e-08 -4.20000000e-01 -4.20000000e-01 
-4.30000000e-01 -1.11000000e+00 -4.30000000e-01 -2.18831612e-08 -4.30000000e-01 -4.30000000e-01 
-4.40000000e-01 -1.11000000e+00 -4.40000000e-01 -2.19114369e-08 -4.40000000e-01 -4.40000000e-01 
-4.50000000e-01 -1.11000000e+00 -4.50000000e-01 -2.19396035e-08 -4.50000000e-01 -4.50000000e-01 
-4.60000000e-01 -1.11000000e+00 -4.60000000e-01 -2.19676701e-08 -4.60000000e-01 -4.60000000e-01 
-4.70000000e-01 -1.11000000e+00 -4.70000000e-01 -2.19956449e-08 -4.70000000e-01 -4.70000000e-01 
-4.80000000e-01 -1.11000000e+00 -4.80000000e-01 -2.20235355e-08 -4.80000000e-01 -4.80000000e-01 
-4.90000000e-01 -1.11000000e+00 -4.90000000e-01 -2.20513484e-08 -4.90000000e-01 -4.90000000e-01 
-5.00000000e-01 -1.11000000e+00 -5.00000000e-01 -2.20790896e-08 -5.00000000e-01 -5.00000000e-01 
-5.10000000e-01 -1.11000000e+00 -5.10000000e-01 -2.21067646e-08 -5.10000000e-01 -5.10000000e-01 
-5.20000000e-01 -1.11000000e+00 -5.20000000e-01 -2.21343783e-08 -5.20000000e-01 -5.20000000e-01 
-5.30000000e-01 -1.11000000e+00 -5.30000000e-01 -2.21619352e-08 -5.30000000e-01 -5.30000000e-01 
-5.40000000e-01 -1.11000000e+00 -5.40000000e-01 -2.21894393e-08 -5.40000000e-01 -5.40000000e-01 
-5.50000000e-01 -1.11000000e+00 -5.50000000e-01 -2.22168944e-08 -5.50000000e-01 -5.50000000e-01 
-5.60000000e-01 -1.11000000e+00 -5.60000000e-01 -2.22443037e-08 -5.60000000e-01 -5.60000000e-01 
-5.70000000e-01 -1.11000000e+00 -5.70000000e-01 -2.22716705e-08 -5.70000000e-01 -5.70000000e-01 
-5.80000000e-01 -1.11000000e+00 -5.80000000e-01 -2.22989976e-08 -5.80000000e-01 -5.80000000e-01 
-5.90000000e-01 -1.11000000e+00 -5.90000000e-01 -2.23262875e-08 -5.90000000e-01 -5.90000000e-01 
-6.00000000e-01 -1.11000000e+00 -6.00000000e-01 -2.23535426e-08 -6.00000000e-01 -6.00000000e-01 
-6.10000000e-01 -1.11000000e+00 -6.10000000e-01 -2.23807651e-08 -6.10000000e-01 -6.10000000e-01 
-6.20000000e-01 -1.11000000e+00 -6.20000000e-01 -2.24079571e-08 -6.20000000e-01 -6.20000000e-01 
-6.30000000e-01 -1.11000000e+00 -6.30000000e-01 -2.24351204e-08 -6.30000000e-01 -6.30000000e-01 
-6.40000000e-01 -1.11000000e+00 -6.40000000e-01 -2.24622567e-08 -6.40000000e-01 -6.40000000e-01 
-6.50000000e-01 -1.11000000e+00 -6.50000000e-01 -2.24893677e-08 -6.50000000e-01 -6.50000000e-01 
-6.60000000e-01 -1.11000000e+00 -6.60000000e-01 -2.25164547e-08 -6.60000000e-01 -6.60000000e-01 
-6.70000000e-01 -1.11000000e+00 -6.70000000e-01 -2.25435193e-08 -6.70000000e-01 -6.70000000e-01 
-6.80000000e-01 -1.11000000e+00 -6.80000000e-01 -2.25705625e-08 -6.80000000e-01 -6.80000000e-01 
-6.90000000e-01 -1.11000000e+00 -6.90000000e-01 -2.25975857e-08 -6.90000000e-01 -6.90000000e-01 
-7.00000000e-01 -1.11000000e+00 -7.00000000e-01 -2.26245900e-08 -7.00000000e-01 -7.00000000e-01 
-7.10000000e-01 -1.11000000e+00 -7.10000000e-01 -2.26515762e-08 -7.10000000e-01 -7.10000000e-01 
-7.20000000e-01 -1.11000000e+00 -7.20000000e-01 -2.26785455e-08 -7.20000000e-01 -7.20000000e-01 
-7.30000000e-01 -1.11000000e+00 -7.30000000e-01 -2.27054987e-08 -7.30000000e-01 -7.30000000e-01 
-7.40000000e-01 -1.11000000e+00 -7.40000000e-01 -2.27324366e-08 -7.40000000e-01 -7.40000000e-01 
-7.50000000e-01 -1.11000000e+00 -7.50000000e-01 -2.27593600e-08 -7.50000000e-01 -7.50000000e-01 
-7.60000000e-01 -1.11000000e+00 -7.60000000e-01 -2.27862696e-08 -7.60000000e-01 -7.60000000e-01 
-7.70000000e-01 -1.11000000e+00 -7.70000000e-01 -2.28131661e-08 -7.70000000e-01 -7.70000000e-01 
-7.80000000e-01 -1.11000000e+00 -7.80000000e-01 -2.28400502e-08 -7.80000000e-01 -7.80000000e-01 
-7.90000000e-01 -1.11000000e+00 -7.90000000e-01 -2.28669225e-08 -7.90000000e-01 -7.90000000e-01 
-8.00000000e-01 -1.11000000e+00 -8.00000000e-01 -2.28937834e-08 -8.00000000e-01 -8.00000000e-01 
-8.10000000e-01 -1.11000000e+00 -8.10000000e-01 -2.29206336e-08 -8.10000000e-01 -8.10000000e-01 
-8.20000000e-01 -1.11000000e+00 -8.20000000e-01 -2.29474736e-08 -8.20000000e-01 -8.20000000e-01 
-8.30000000e-01 -1.11000000e+00 -8.30000000e-01 -2.29743037e-08 -8.30000000e-01 -8.30000000e-01 
-8.40000000e-01 -1.11000000e+00 -8.40000000e-01 -2.30011246e-08 -8.40000000e-01 -8.40000000e-01 
-8.50000000e-01 -1.11000000e+00 -8.50000000e-01 -2.30279365e-08 -8.50000000e-01 -8.50000000e-01 
-8.60000000e-01 -1.11000000e+00 -8.60000000e-01 -2.30547398e-08 -8.60000000e-01 -8.60000000e-01 
-8.70000000e-01 -1.11000000e+00 -8.70000000e-01 -2.30815350e-08 -8.70000000e-01 -8.70000000e-01 
-8.80000000e-01 -1.11000000e+00 -8.80000000e-01 -2.31083224e-08 -8.80000000e-01 -8.80000000e-01 
-8.90000000e-01 -1.11000000e+00 -8.90000000e-01 -2.31351024e-08 -8.90000000e-01 -8.90000000e-01 
-9.00000000e-01 -1.11000000e+00 -9.00000000e-01 -2.31618751e-08 -9.00000000e-01 -9.00000000e-01 
-9.10000000e-01 -1.11000000e+00 -9.10000000e-01 -2.31886410e-08 -9.10000000e-01 -9.10000000e-01 
-9.20000000e-01 -1.11000000e+00 -9.20000000e-01 -2.32154003e-08 -9.20000000e-01 -9.20000000e-01 
-9.30000000e-01 -1.11000000e+00 -9.30000000e-01 -2.32421533e-08 -9.30000000e-01 -9.30000000e-01 
-9.40000000e-01 -1.11000000e+00 -9.40000000e-01 -2.32689003e-08 -9.40000000e-01 -9.40000000e-01 
-9.50000000e-01 -1.11000000e+00 -9.50000000e-01 -2.32956414e-08 -9.50000000e-01 -9.50000000e-01 
-9.60000000e-01 -1.11000000e+00 -9.60000000e-01 -2.33223769e-08 -9.60000000e-01 -9.60000000e-01 
-9.70000000e-01 -1.11000000e+00 -9.70000000e-01 -2.33491071e-08 -9.70000000e-01 -9.70000000e-01 
-9.80000000e-01 -1.11000000e+00 -9.80000000e-01 -2.33758321e-08 -9.80000000e-01 -9.80000000e-01 
-9.90000000e-01 -1.11000000e+00 -9.90000000e-01 -2.34025521e-08 -9.90000000e-01 -9.90000000e-01 
-1.00000000e+00 -1.11000000e+00 -1.00000000e+00 -2.34292673e-08 -1.00000000e+00 -1.00000000e+00 
-1.01000000e+00 -1.11000000e+00 -1.01000000e+00 -2.34559779e-08 -1.01000000e+00 -1.01000000e+00 
-1.02000000e+00 -1.11000000e+00 -1.02000000e+00 -2.34826841e-08 -1.02000000e+00 -1.02000000e+00 
-1.03000000e+00 -1.11000000e+00 -1.03000000e+00 -2.35093860e-08 -1.03000000e+00 -1.03000000e+00 
-1.04000000e+00 -1.11000000e+00 -1.04000000e+00 -2.35360838e-08 -1.04000000e+00 -1.04000000e+00 
-1.05000000e+00 -1.11000000e+00 -1.05000000e+00 -2.35627776e-08 -1.05000000e+00 -1.05000000e+00 
-1.06000000e+00 -1.11000000e+00 -1.06000000e+00 -2.35894676e-08 -1.06000000e+00 -1.06000000e+00 
-1.07000000e+00 -1.11000000e+00 -1.07000000e+00 -2.36161538e-08 -1.07000000e+00 -1.07000000e+00 
-1.08000000e+00 -1.11000000e+00 -1.08000000e+00 -2.36428365e-08 -1.08000000e+00 -1.08000000e+00 
-1.09000000e+00 -1.11000000e+00 -1.09000000e+00 -2.36695158e-08 -1.09000000e+00 -1.09000000e+00 
-1.10000000e+00 -1.11000000e+00 -1.10000000e+00 -2.36961917e-08 -1.10000000e+00 -1.10000000e+00 
-1.11000000e+00 -1.11000000e+00 -1.11000000e+00 -2.37228644e-08 -1.11000000e+00 -1.11000000e+00 
-1.12000000e+00 -1.11000000e+00 -1.12000000e+00 -2.37495340e-08 -1.12000000e+00 -1.12000000e+00 
-1.13000000e+00 -1.11000000e+00 -1.13000000e+00 -2.37762005e-08 -1.13000000e+00 -1.13000000e+00 
-1.14000000e+00 -1.11000000e+00 -1.14000000e+00 -2.38028642e-08 -1.14000000e+00 -1.14000000e+00 
-1.15000000e+00 -1.11000000e+00 -1.15000000e+00 -2.38295250e-08 -1.15000000e+00 -1.15000000e+00 
-1.16000000e+00 -1.11000000e+00 -1.16000000e+00 -2.38561831e-08 -1.16000000e+00 -1.16000000e+00 
-1.17000000e+00 -1.11000000e+00 -1.17000000e+00 -2.38828386e-08 -1.17000000e+00 -1.17000000e+00 
-1.18000000e+00 -1.11000000e+00 -1.18000000e+00 -2.39094915e-08 -1.18000000e+00 -1.18000000e+00 
-1.19000000e+00 -1.11000000e+00 -1.19000000e+00 -2.39361419e-08 -1.19000000e+00 -1.19000000e+00 
-1.20000000e+00 -1.11000000e+00 -1.20000000e+00 -2.39627899e-08 -1.20000000e+00 -1.20000000e+00 
-1.21000000e+00 -1.11000000e+00 -1.21000000e+00 -2.39894356e-08 -1.21000000e+00 -1.21000000e+00 
-1.22000000e+00 -1.11000000e+00 -1.22000000e+00 -2.40160791e-08 -1.22000000e+00 -1.22000000e+00 
-1.23000000e+00 -1.11000000e+00 -1.23000000e+00 -2.40427203e-08 -1.23000000e+00 -1.23000000e+00 
-1.24000000e+00 -1.11000000e+00 -1.24000000e+00 -2.40693594e-08 -1.24000000e+00 -1.24000000e+00 
-1.25000000e+00 -1.11000000e+00 -1.25000000e+00 -2.40959965e-08 -1.25000000e+00 -1.25000000e+00 
-1.26000000e+00 -1.11000000e+00 -1.26000000e+00 -2.41226316e-08 -1.26000000e+00 -1.26000000e+00 
-1.27000000e+00 -1.11000000e+00 -1.27000000e+00 -2.41492647e-08 -1.27000000e+00 -1.27000000e+00 
-1.28000000e+00 -1.11000000e+00 -1.28000000e+00 -2.41758959e-08 -1.28000000e+00 -1.28000000e+00 
-1.29000000e+00 -1.11000000e+00 -1.29000000e+00 -2.42025253e-08 -1.29000000e+00 -1.29000000e+00 
-1.30000000e+00 -1.11000000e+00 -1.30000000e+00 -2.42291529e-08 -1.30000000e+00 -1.30000000e+00 
-1.31000000e+00 -1.11000000e+00 -1.31000000e+00 -2.42557788e-08 -1.31000000e+00 -1.31000000e+00 
-1.32000000e+00 -1.11000000e+00 -1.32000000e+00 -2.42824030e-08 -1.32000000e+00 -1.32000000e+00 
-1.33000000e+00 -1.11000000e+00 -1.33000000e+00 -2.43090256e-08 -1.33000000e+00 -1.33000000e+00 
-1.34000000e+00 -1.11000000e+00 -1.34000000e+00 -2.43356465e-08 -1.34000000e+00 -1.34000000e+00 
-1.35000000e+00 -1.11000000e+00 -1.35000000e+00 -2.43622659e-08 -1.35000000e+00 -1.35000000e+00 
-1.36000000e+00 -1.11000000e+00 -1.36000000e+00 -2.43888839e-08 -1.36000000e+00 -1.36000000e+00 
-1.37000000e+00 -1.11000000e+00 -1.37000000e+00 -2.44155003e-08 -1.37000000e+00 -1.37000000e+00 
-1.38000000e+00 -1.11000000e+00 -1.38000000e+00 -2.44421153e-08 -1.38000000e+00 -1.38000000e+00 
-1.39000000e+00 -1.11000000e+00 -1.39000000e+00 -2.44687290e-08 -1.39000000e+00 -1.39000000e+00 
-1.40000000e+00 -1.11000000e+00 -1.40000000e+00 -2.44953412e-08 -1.40000000e+00 -1.40000000e+00 
-1.41000000e+00 -1.11000000e+00 -1.41000000e+00 -2.45219522e-08 -1.41000000e+00 -1.41000000e+00 
-1.42000000e+00 -1.11000000e+00 -1.42000000e+00 -2.45485619e-08 -1.42000000e+00 -1.42000000e+00 
-1.43000000e+00 -1.11000000e+00 -1.43000000e+00 -2.45751703e-08 -1.43000000e+00 -1.43000000e+00 
-1.44000000e+00 -1.11000000e+00 -1.44000000e+00 -2.46017775e-08 -1.44000000e+00 -1.44000000e+00 
-1.45000000e+00 -1.11000000e+00 -1.45000000e+00 -2.46283835e-08 -1.45000000e+00 -1.45000000e+00 
-1.46000000e+00 -1.11000000e+00 -1.46000000e+00 -2.46549883e-08 -1.46000000e+00 -1.46000000e+00 
-1.47000000e+00 -1.11000000e+00 -1.47000000e+00 -2.46815920e-08 -1.47000000e+00 -1.47000000e+00 
-1.48000000e+00 -1.11000000e+00 -1.48000000e+00 -2.47081947e-08 -1.48000000e+00 -1.48000000e+00 
-1.49000000e+00 -1.11000000e+00 -1.49000000e+00 -2.47347962e-08 -1.49000000e+00 -1.49000000e+00 
-1.50000000e+00 -1.11000000e+00 -1.50000000e+00 -2.47613967e-08 -1.50000000e+00 -1.50000000e+00 
-1.51000000e+00 -1.11000000e+00 -1.51000000e+00 -2.47879962e-08 -1.51000000e+00 -1.51000000e+00 
-1.52000000e+00 -1.11000000e+00 -1.52000000e+00 -2.48145946e-08 -1.52000000e+00 -1.52000000e+00 
-1.53000000e+00 -1.11000000e+00 -1.53000000e+00 -2.48411921e-08 -1.53000000e+00 -1.53000000e+00 
-1.54000000e+00 -1.11000000e+00 -1.54000000e+00 -2.48677886e-08 -1.54000000e+00 -1.54000000e+00 
-1.55000000e+00 -1.11000000e+00 -1.55000000e+00 -2.48943842e-08 -1.55000000e+00 -1.55000000e+00 
-1.56000000e+00 -1.11000000e+00 -1.56000000e+00 -2.49209789e-08 -1.56000000e+00 -1.56000000e+00 
-1.57000000e+00 -1.11000000e+00 -1.57000000e+00 -2.49475727e-08 -1.57000000e+00 -1.57000000e+00 
-1.58000000e+00 -1.11000000e+00 -1.58000000e+00 -2.49741657e-08 -1.58000000e+00 -1.58000000e+00 
-1.59000000e+00 -1.11000000e+00 -1.59000000e+00 -2.50007577e-08 -1.59000000e+00 -1.59000000e+00 
-1.60000000e+00 -1.11000000e+00 -1.60000000e+00 -2.50273490e-08 -1.60000000e+00 -1.60000000e+00 
-1.61000000e+00 -1.11000000e+00 -1.61000000e+00 -2.50539394e-08 -1.61000000e+00 -1.61000000e+00 
-1.62000000e+00 -1.11000000e+00 -1.62000000e+00 -2.50805291e-08 -1.62000000e+00 -1.62000000e+00 
-1.63000000e+00 -1.11000000e+00 -1.63000000e+00 -2.51071180e-08 -1.63000000e+00 -1.63000000e+00 
-1.64000000e+00 -1.11000000e+00 -1.64000000e+00 -2.51337061e-08 -1.64000000e+00 -1.64000000e+00 
-1.65000000e+00 -1.11000000e+00 -1.65000000e+00 -2.51602934e-08 -1.65000000e+00 -1.65000000e+00 
-1.66000000e+00 -1.11000000e+00 -1.66000000e+00 -2.51868801e-08 -1.66000000e+00 -1.66000000e+00 
-1.67000000e+00 -1.11000000e+00 -1.67000000e+00 -2.52134660e-08 -1.67000000e+00 -1.67000000e+00 
-1.68000000e+00 -1.11000000e+00 -1.68000000e+00 -2.52400513e-08 -1.68000000e+00 -1.68000000e+00 
-1.69000000e+00 -1.11000000e+00 -1.69000000e+00 -2.52666358e-08 -1.69000000e+00 -1.69000000e+00 
-1.70000000e+00 -1.11000000e+00 -1.70000000e+00 -2.52932197e-08 -1.70000000e+00 -1.70000000e+00 
-1.71000000e+00 -1.11000000e+00 -1.71000000e+00 -2.53198030e-08 -1.71000000e+00 -1.71000000e+00 
-1.72000000e+00 -1.11000000e+00 -1.72000000e+00 -2.53463856e-08 -1.72000000e+00 -1.72000000e+00 
-1.73000000e+00 -1.11000000e+00 -1.73000000e+00 -2.53729675e-08 -1.73000000e+00 -1.73000000e+00 
-1.74000000e+00 -1.11000000e+00 -1.74000000e+00 -2.53995489e-08 -1.74000000e+00 -1.74000000e+00 
-1.75000000e+00 -1.11000000e+00 -1.75000000e+00 -2.54261297e-08 -1.75000000e+00 -1.75000000e+00 
-1.76000000e+00 -1.11000000e+00 -1.76000000e+00 -2.54527099e-08 -1.76000000e+00 -1.76000000e+00 
-1.77000000e+00 -1.11000000e+00 -1.77000000e+00 -2.54792895e-08 -1.77000000e+00 -1.77000000e+00 
-1.78000000e+00 -1.11000000e+00 -1.78000000e+00 -2.55058685e-08 -1.78000000e+00 -1.78000000e+00 
-1.79000000e+00 -1.11000000e+00 -1.79000000e+00 -2.55324470e-08 -1.79000000e+00 -1.79000000e+00 
-1.80000000e+00 -1.11000000e+00 -1.80000000e+00 -2.55590249e-08 -1.80000000e+00 -1.80000000e+00 
-1.81000000e+00 -1.11000000e+00 -1.81000000e+00 -2.55856023e-08 -1.81000000e+00 -1.81000000e+00 
-1.82000000e+00 -1.11000000e+00 -1.82000000e+00 -2.56121792e-08 -1.82000000e+00 -1.82000000e+00 
-1.83000000e+00 -1.11000000e+00 -1.83000000e+00 -2.56387556e-08 -1.83000000e+00 -1.83000000e+00 
-1.84000000e+00 -1.11000000e+00 -1.84000000e+00 -2.56653315e-08 -1.84000000e+00 -1.84000000e+00 
-1.85000000e+00 -1.11000000e+00 -1.85000000e+00 -2.56919069e-08 -1.85000000e+00 -1.85000000e+00 
