 0.00000000e+00 -3.70000000e-01  0.00000000e+00 -0.00000000e+00  0.00000000e+00  0.00000000e+00 
-1.00000000e-02 -3.70000000e-01 -1.00000000e-02 -6.50785108e-18 -1.00000000e-02 -1.00000000e-02 
-2.00000000e-02 -3.70000000e-01 -2.00000000e-02 -9.35789593e-18 -2.00000000e-02 -2.00000000e-02 
-3.00000000e-02 -3.70000000e-01 -3.00000000e-02 -1.07456410e-17 -3.00000000e-02 -3.00000000e-02 
-4.00000000e-02 -3.70000000e-01 -4.00000000e-02 -1.15044778e-17 -4.00000000e-02 -4.00000000e-02 
-5.00000000e-02 -3.70000000e-01 -5.00000000e-02 -1.19637725e-17 -5.00000000e-02 -5.00000000e-02 
-6.00000000e-02 -3.70000000e-01 -6.00000000e-02 -1.22662750e-17 -6.00000000e-02 -6.00000000e-02 
-7.00000000e-02 -3.70000000e-01 -7.00000000e-02 -1.24799661e-17 -7.00000000e-02 -7.00000000e-02 
-8.00000000e-02 -3.70000000e-01 -8.00000000e-02 -1.26400040e-17 -8.00000000e-02 -8.00000000e-02 
-9.00000000e-02 -3.70000000e-01 -9.00000000e-02 -1.27658761e-17 -9.00000000e-02 -9.00000000e-02 
-1.00000000e-01 -3.70000000e-01 -1.00000000e-01 -1.28690260e-17 -1.00000000e-01 -1.00000000e-01 
-1.10000000e-01 -3.70000000e-01 -1.10000000e-01 -1.29565068e-17 -1.10000000e-01 -1.10000000e-01 
-1.20000000e-01 -3.70000000e-01 -1.20000000e-01 -1.30328467e-17 -1.20000000e-01 -1.20000000e-01 
-1.30000000e-01 -3.70000000e-01 -1.30000000e-01 -1.31010556e-17 -1.30000000e-01 -1.30000000e-01 
-1.40000000e-01 -3.70000000e-01 -1.40000000e-01 -1.31631951e-17 -1.40000000e-01 -1.40000000e-01 
-1.50000000e-01 -3.70000000e-01 -1.50000000e-01 -1.32207146e-17 -1.50000000e-01 -1.50000000e-01 
-1.60000000e-01 -3.70000000e-01 -1.60000000e-01 -1.32746563e-17 -1.60000000e-01 -1.60000000e-01 
-1.70000000e-01 -3.70000000e-01 -1.70000000e-01 -1.33257849e-17 -1.70000000e-01 -1.70000000e-01 
-1.80000000e-01 -3.70000000e-01 -1.80000000e-01 -1.33746713e-17 -1.80000000e-01 -1.80000000e-01 
-1.90000000e-01 -3.70000000e-01 -1.90000000e-01 -1.34217491e-17 -1.90000000e-01 -1.90000000e-01 
-2.00000000e-01 -3.70000000e-01 -2.00000000e-01 -1.34673519e-17 -2.00000000e-01 -2.00000000e-01 
-2.10000000e-01 -3.70000000e-01 -2.10000000e-01 -1.35117397e-17 -2.10000000e-01 -2.10000000e-01 
-2.20000000e-01 -3.70000000e-01 -2.20000000e-01 -1.35551179e-17 -2.20000000e-01 -2.20000000e-01 
-2.30000000e-01 -3.70000000e-01 -2.30000000e-01 -1.35976500e-17 -2.30000000e-01 -2.30000000e-01 
-2.40000000e-01 -3.70000000e-01 -2.40000000e-01 -1.36394680e-17 -2.40000000e-01 -2.40000000e-01 
-2.50000000e-01 -3.70000000e-01 -2.50000000e-01 -1.36806788e-17 -2.50000000e-01 -2.50000000e-01 
-2.60000000e-01 -3.70000000e-01 -2.60000000e-01 -1.37213702e-17 -2.60000000e-01 -2.60000000e-01 
-2.70000000e-01 -3.70000000e-01 -2.70000000e-01 -1.37616146e-17 -2.70000000e-01 -2.70000000e-01 
-2.80000000e-01 -3.70000000e-01 -2.80000000e-01 -1.38014722e-17 -2.80000000e-01 -2.80000000e-01 
-2.90000000e-01 -3.70000000e-01 -2.90000000e-01 -1.38409934e-17 -2.90000000e-01 -2.90000000e-01 
-3.00000000e-01 -3.70000000e-01 -3.00000000e-01 -1.38802207e-17 -3.00000000e-01 -3.00000000e-01 
-3.10000000e-01 -3.70000000e-01 -3.10000000e-01 -1.39191899e-17 -3.10000000e-01 -3.10000000e-01 
-3.20000000e-01 -3.70000000e-01 -3.20000000e-01 -1.39579317e-17 -3.20000000e-01 -3.20000000e-01 
-3.30000000e-01 -3.70000000e-01 -3.30000000e-01 -1.39964723e-17 -3.30000000e-01 -3.30000000e-01 
-3.40000000e-01 -3.70000000e-01 -3.40000000e-01 -1.40348341e-17 -3.40000000e-01 -3.40000000e-01 
-3.50000000e-01 -3.70000000e-01 -3.50000000e-01 -1.40730366e-17 -3.50000000e-01 -3.50000000e-01 
-3.60000000e-01 -3.70000000e-01 -3.60000000e-01 -1.41110966e-17 -3.60000000e-01 -3.60000000e-01 
-3.70000000e-01 -3.70000000e-01 -3.70000000e-01 -1.41490290e-17 -3.70000000e-01 -3.70000000e-01 
-3.80000000e-01 -3.70000000e-01 -3.80000000e-01 -1.41868463e-17 -3.80000000e-01 -3.80000000e-01 
-3.90000000e-01 -3.70000000e-01 -3.90000000e-01 -1.42245600e-17 -3.90000000e-01 -3.90000000e-01 
-4.00000000e-01 -3.70000000e-01 -4.00000000e-01 -1.42621800e-17 -4.00000000e-01 -4.00000000e-01 
-4.10000000e-01 -3.70000000e-01 -4.10000000e-01 -1.42997149e-17 -4.10000000e-01 -4.10000000e-01 
-4.20000000e-01 -3.70000000e-01 -4.20000000e-01 -1.43371725e-17 -4.20000000e-01 -4.20000000e-01 
-4.30000000e-01 -3.70000000e-01 -4.30000000e-01 -1.43745597e-17 -4.30000000e-01 -4.30000000e-01 
-4.40000000e-01 -3.70000000e-01 -4.40000000e-01 -1.44118827e-17 -4.40000000e-01 -4.40000000e-01 
-4.50000000e-01 -3.70000000e-01 -4.50000000e-01 -1.44491468e-17 -4.50000000e-01 -4.50000000e-01 
-4.60000000e-01 -3.70000000e-01 -4.60000000e-01 -1.44863571e-17 -4.60000000e-01 -4.60000000e-01 
-4.70000000e-01 -3.70000000e-01 -4.70000000e-01 -1.45235178e-17 -4.70000000e-01 -4.70000000e-01 
-4.80000000e-01 -3.70000000e-01 -4.80000000e-01 -1.45606329e-17 -4.80000000e-01 -4.80000000e-01 
-4.90000000e-01 -3.70000000e-01 -4.90000000e-01 -1.45977061e-17 -4.90000000e-01 -4.90000000e-01 
-5.00000000e-01 -3.70000000e-01 -5.00000000e-01 -1.46347405e-17 -5.00000000e-01 -5.00000000e-01 
-5.10000000e-01 -3.70000000e-01 -5.10000000e-01 -1.46717391e-17 -5.10000000e-01 -5.10000000e-01 
-5.20000000e-01 -3.70000000e-01 -5.20000000e-01 -1.47087045e-17 -5.20000000e-01 -5.20000000e-01 
-5.30000000e-01 -3.70000000e-01 -5.30000000e-01 -1.47456390e-17 -5.30000000e-01 -5.30000000e-01 
-5.40000000e-01 -3.70000000e-01 -5.40000000e-01 -1.47825449e-17 -5.40000000e-01 -5.40000000e-01 
-5.50000000e-01 -3.70000000e-01 -5.50000000e-01 -1.48194243e-17 -5.50000000e-01 -5.50000000e-01 
-5.60000000e-01 -3.70000000e-01 -5.60000000e-01 -1.48562788e-17 -5.60000000e-01 -5.60000000e-01 
-5.70000000e-01 -3.70000000e-01 -5.70000000e-01 -1.48931102e-17 -5.70000000e-01 -5.70000000e-01 
-5.80000000e-01 -3.70000000e-01 -5.80000000e-01 -1.49299200e-17 -5.80000000e-01 -5.80000000e-01 
-5.90000000e-01 -3.70000000e-01 -5.90000000e-01 -1.49667097e-17 -5.90000000e-01 -5.90000000e-01 
-6.00000000e-01 -3.70000000e-01 -6.00000000e-01 -1.50034804e-17 -6.00000000e-01 -6.00000000e-01 
-6.10000000e-01 -3.70000000e-01 -6.10000000e-01 -1.50402334e-17 -6.10000000e-01 -6.10000000e-01 
-6.20000000e-01 -3.70000000e-01 -6.20000000e-01 -1.50769699e-17 -6.20000000e-01 -6.20000000e-01 
-6.30000000e-01 -3.70000000e-01 -6.30000000e-01 -1.51136907e-17 -6.30000000e-01 -6.30000000e-01 
-6.40000000e-01 -3.70000000e-01 -6.40000000e-01 -1.51503969e-17 -6.40000000e-01 -6.40000000e-01 
-6.50000000e-01 -3.70000000e-01 -6.50000000e-01 -1.51870893e-17 -6.50000000e-01 -6.50000000e-01 
-6.60000000e-01 -3.70000000e-01 -6.60000000e-01 -1.52237686e-17 -6.60000000e-01 -6.60000000e-01 
-6.70000000e-01 -3.70000000e-01 -6.70000000e-01 -1.52604358e-17 -6.70000000e-01 -6.70000000e-01 
-6.80000000e-01 -3.70000000e-01 -6.80000000e-01 -1.52970914e-17 -6.80000000e-01 -6.80000000e-01 
-6.90000000e-01 -3.70000000e-01 -6.90000000e-01 -1.53337360e-17 -6.90000000e-01 -6.90000000e-01 
-7.00000000e-01 -3.70000000e-01 -7.00000000e-01 -1.53703704e-17 -7.00000000e-01 -7.00000000e-01 
-7.10000000e-01 -3.70000000e-01 -7.10000000e-01 -1.54069950e-17 -7.10000000e-01 -7.10000000e-01 
-7.20000000e-01 -3.70000000e-01 -7.20000000e-01 -1.54436103e-17 -7.20000000e-01 -7.20000000e-01 
-7.30000000e-01 -3.70000000e-01 -7.30000000e-01 -1.54802169e-17 -7.30000000e-01 -7.30000000e-01 
-7.40000000e-01 -3.70000000e-01 -7.40000000e-01 -1.55168152e-17 -7.40000000e-01 -7.40000000e-01 
-7.50000000e-01 -3.70000000e-01 -7.50000000e-01 -1.55534056e-17 -7.50000000e-01 -7.50000000e-01 
-7.60000000e-01 -3.70000000e-01 -7.60000000e-01 -1.55899886e-17 -7.60000000e-01 -7.60000000e-01 
-7.70000000e-01 -3.70000000e-01 -7.70000000e-01 -1.56265644e-17 -7.70000000e-01 -7.70000000e-01 
-7.80000000e-01 -3.70000000e-01 -7.80000000e-01 -1.56631335e-17 -7.80000000e-01 -7.80000000e-01 
-7.90000000e-01 -3.70000000e-01 -7.90000000e-01 -1.56996962e-17 -7.90000000e-01 -7.90000000e-01 
-8.00000000e-01 -3.70000000e-01 -8.00000000e-01 -1.57362527e-17 -8.00000000e-01 -8.00000000e-01 
-8.10000000e-01 -3.70000000e-01 -8.10000000e-01 -1.57728034e-17 -8.10000000e-01 -8.10000000e-01 
-8.20000000e-01 -3.70000000e-01 -8.20000000e-01 -1.58093485e-17 -8.20000000e-01 -8.20000000e-01 
-8.30000000e-01 -3.70000000e-01 -8.30000000e-01 -1.58458884e-17 -8.30000000e-01 -8.30000000e-01 
-8.40000000e-01 -3.70000000e-01 -8.40000000e-01 -1.58824231e-17 -8.40000000e-01 -8.40000000e-01 
-8.50000000e-01 -3.70000000e-01 -8.50000000e-01 -1.59189531e-17 -8.50000000e-01 -8.50000000e-01 
-8.60000000e-01 -3.70000000e-01 -8.60000000e-01 -1.59554784e-17 -8.60000000e-01 -8.60000000e-01 
-8.70000000e-01 -3.70000000e-01 -8.70000000e-01 -1.59919993e-17 -8.70000000e-01 -8.70000000e-01 
-8.80000000e-01 -3.70000000e-01 -8.80000000e-01 -1.60285160e-17 -8.80000000e-01 -8.80000000e-01 
-8.90000000e-01 -3.70000000e-01 -8.90000000e-01 -1.60650286e-17 -8.90000000e-01 -8.90000000e-01 
-9.00000000e-01 -3.70000000e-01 -9.00000000e-01 -1.61015374e-17 -9.00000000e-01 -9.00000000e-01 
-9.10000000e-01 -3.70000000e-01 -9.10000000e-01 -1.61380425e-17 -9.10000000e-01 -9.10000000e-01 
-9.20000000e-01 -3.70000000e-01 -9.20000000e-01 -1.61745440e-17 -9.20000000e-01 -9.20000000e-01 
-9.30000000e-01 -3.70000000e-01 -9.30000000e-01 -1.62110421e-17 -9.30000000e-01 -9.30000000e-01 
-9.40000000e-01 -3.70000000e-01 -9.40000000e-01 -1.62475369e-17 -9.40000000e-01 -9.40000000e-01 
-9.50000000e-01 -3.70000000e-01 -9.50000000e-01 -1.62840286e-17 -9.50000000e-01 -9.50000000e-01 
-9.60000000e-01 -3.70000000e-01 -9.60000000e-01 -1.63205173e-17 -9.60000000e-01 -9.60000000e-01 
-9.70000000e-01 -3.70000000e-01 -9.70000000e-01 -1.63570031e-17 -9.70000000e-01 -9.70000000e-01 
-9.80000000e-01 -3.70000000e-01 -9.80000000e-01 -1.63934861e-17 -9.80000000e-01 -9.80000000e-01 
-9.90000000e-01 -3.70000000e-01 -9.90000000e-01 -1.64299664e-17 -9.90000000e-01 -9.90000000e-01 
-1.00000000e+00 -3.70000000e-01 -1.00000000e+00 -1.64664442e-17 -1.00000000e+00 -1.00000000e+00 
-1.01000000e+00 -3.70000000e-01 -1.01000000e+00 -1.65029194e-17 -1.01000000e+00 -1.01000000e+00 
-1.02000000e+00 -3.70000000e-01 -1.02000000e+00 -1.65393923e-17 -1.02000000e+00 -1.02000000e+00 
-1.03000000e+00 -3.70000000e-01 -1.03000000e+00 -1.65758629e-17 -1.03000000e+00 -1.03000000e+00 
-1.04000000e+00 -3.70000000e-01 -1.04000000e+00 -1.66123313e-17 -1.04000000e+00 -1.04000000e+00 
-1.05000000e+00 -3.70000000e-01 -1.05000000e+00 -1.66487976e-17 -1.05000000e+00 -1.05000000e+00 
-1.06000000e+00 -3.70000000e-01 -1.06000000e+00 -1.66852618e-17 -1.06000000e+00 -1.06000000e+00 
-1.07000000e+00 -3.70000000e-01 -1.07000000e+00 -1.67217240e-17 -1.07000000e+00 -1.07000000e+00 
-1.08000000e+00 -3.70000000e-01 -1.08000000e+00 -1.67581843e-17 -1.08000000e+00 -1.08000000e+00 
-1.09000000e+00 -3.70000000e-01 -1.09000000e+00 -1.67946428e-17 -1.09000000e+00 -1.09000000e+00 
-1.10000000e+00 -3.70000000e-01 -1.10000000e+00 -1.68310995e-17 -1.10000000e+00 -1.10000000e+00 
-1.11000000e+00 -3.70000000e-01 -1.11000000e+00 -1.68675544e-17 -1.11000000e+00 -1.11000000e+00 
-1.12000000e+00 -3.70000000e-01 -1.12000000e+00 -1.69040078e-17 -1.12000000e+00 -1.12000000e+00 
-1.13000000e+00 -3.70000000e-01 -1.13000000e+00 -1.69404595e-17 -1.13000000e+00 -1.13000000e+00 
-1.14000000e+00 -3.70000000e-01 -1.14000000e+00 -1.69769096e-17 -1.14000000e+00 -1.14000000e+00 
-1.15000000e+00 -3.70000000e-01 -1.15000000e+00 -1.70133583e-17 -1.15000000e+00 -1.15000000e+00 
-1.16000000e+00 -3.70000000e-01 -1.16000000e+00 -1.70498055e-17 -1.16000000e+00 -1.16000000e+00 
-1.17000000e+00 -3.70000000e-01 -1.17000000e+00 -1.70862512e-17 -1.17000000e+00 -1.17000000e+00 
-1.18000000e+00 -3.70000000e-01 -1.18000000e+00 -1.71226957e-17 -1.18000000e+00 -1.18000000e+00 
-1.19000000e+00 -3.70000000e-01 -1.19000000e+00 -1.71591388e-17 -1.19000000e+00 -1.19000000e+00 
-1.20000000e+00 -3.70000000e-01 -1.20000000e+00 -1.71955806e-17 -1.20000000e+00 -1.20000000e+00 
-1.21000000e+00 -3.70000000e-01 -1.21000000e+00 -1.72320213e-17 -1.21000000e+00 -1.21000000e+00 
-1.22000000e+00 -3.70000000e-01 -1.22000000e+00 -1.72684607e-17 -1.22000000e+00 -1.22000000e+00 
-1.23000000e+00 -3.70000000e-01 -1.23000000e+00 -1.73048989e-17 -1.23000000e+00 -1.23000000e+00 
-1.24000000e+00 -3.70000000e-01 -1.24000000e+00 -1.73413361e-17 -1.24000000e+00 -1.24000000e+00 
-1.25000000e+00 -3.70000000e-01 -1.25000000e+00 -1.73777721e-17 -1.25000000e+00 -1.25000000e+00 
-1.26000000e+00 -3.70000000e-01 -1.26000000e+00 -1.74142071e-17 -1.26000000e+00 -1.26000000e+00 
-1.27000000e+00 -3.70000000e-01 -1.27000000e+00 -1.74506411e-17 -1.27000000e+00 -1.27000000e+00 
-1.28000000e+00 -3.70000000e-01 -1.28000000e+00 -1.74870740e-17 -1.28000000e+00 -1.28000000e+00 
-1.29000000e+00 -3.70000000e-01 -1.29000000e+00 -1.75235060e-17 -1.29000000e+00 -1.29000000e+00 
-1.30000000e+00 -3.70000000e-01 -1.30000000e+00 -1.75599371e-17 -1.30000000e+00 -1.30000000e+00 
-1.31000000e+00 -3.70000000e-01 -1.31000000e+00 -1.75963672e-17 -1.31000000e+00 -1.31000000e+00 
-1.32000000e+00 -3.70000000e-01 -1.32000000e+00 -1.76327965e-17 -1.32000000e+00 -1.32000000e+00 
-1.33000000e+00 -3.70000000e-01 -1.33000000e+00 -1.76692249e-17 -1.33000000e+00 -1.33000000e+00 
-1.34000000e+00 -3.70000000e-01 -1.34000000e+00 -1.77056525e-17 -1.34000000e+00 -1.34000000e+00 
-1.35000000e+00 -3.70000000e-01 -1.35000000e+00 -1.77420793e-17 -1.35000000e+00 -1.35000000e+00 
-1.36000000e+00 -3.70000000e-01 -1.36000000e+00 -1.77785053e-17 -1.36000000e+00 -1.36000000e+00 
-1.37000000e+00 -3.70000000e-01 -1.37000000e+00 -1.78149305e-17 -1.37000000e+00 -1.37000000e+00 
-1.38000000e+00 -3.70000000e-01 -1.38000000e+00 -1.78513549e-17 -1.38000000e+00 -1.38000000e+00 
-1.39000000e+00 -3.70000000e-01 -1.39000000e+00 -1.78877787e-17 -1.39000000e+00 -1.39000000e+00 
-1.40000000e+00 -3.70000000e-01 -1.40000000e+00 -1.79242017e-17 -1.40000000e+00 -1.40000000e+00 
-1.41000000e+00 -3.70000000e-01 -1.41000000e+00 -1.79606241e-17 -1.41000000e+00 -1.41000000e+00 
-1.42000000e+00 -3.70000000e-01 -1.42000000e+00 -1.79970458e-17 -1.42000000e+00 -1.42000000e+00 
-1.43000000e+00 -3.70000000e-01 -1.43000000e+00 -1.80334668e-17 -1.43000000e+00 -1.43000000e+00 
-1.44000000e+00 -3.70000000e-01 -1.44000000e+00 -1.80698872e-17 -1.44000000e+00 -1.44000000e+00 
-1.45000000e+00 -3.70000000e-01 -1.45000000e+00 -1.81063070e-17 -1.45000000e+00 -1.45000000e+00 
-1.46000000e+00 -3.70000000e-01 -1.46000000e+00 -1.81427261e-17 -1.46000000e+00 -1.46000000e+00 
-1.47000000e+00 -3.70000000e-01 -1.47000000e+00 -1.81791447e-17 -1.47000000e+00 -1.47000000e+00 
-1.48000000e+00 -3.70000000e-01 -1.48000000e+00 -1.82155628e-17 -1.48000000e+00 -1.48000000e+00 
-1.49000000e+00 -3.70000000e-01 -1.49000000e+00 -1.82519802e-17 -1.49000000e+00 -1.49000000e+00 
-1.50000000e+00 -3.70000000e-01 -1.50000000e+00 -1.82883972e-17 -1.50000000e+00 -1.50000000e+00 
-1.51000000e+00 -3.70000000e-01 -1.51000000e+00 -1.83248135e-17 -1.51000000e+00 -1.51000000e+00 
-1.52000000e+00 -3.70000000e-01 -1.52000000e+00 -1.83612294e-17 -1.52000000e+00 -1.52000000e+00 
-1.53000000e+00 -3.70000000e-01 -1.53000000e+00 -1.83976448e-17 -1.53000000e+00 -1.53000000e+00 
-1.54000000e+00 -3.70000000e-01 -1.54000000e+00 -1.84340597e-17 -1.54000000e+00 -1.54000000e+00 
-1.55000000e+00 -3.70000000e-01 -1.55000000e+00 -1.84704741e-17 -1.55000000e+00 -1.55000000e+00 
-1.56000000e+00 -3.70000000e-01 -1.56000000e+00 -1.85068880e-17 -1.56000000e+00 -1.56000000e+00 
-1.57000000e+00 -3.70000000e-01 -1.57000000e+00 -1.85433015e-17 -1.57000000e+00 -1.57000000e+00 
-1.58000000e+00 -3.70000000e-01 -1.58000000e+00 -1.85797146e-17 -1.58000000e+00 -1.58000000e+00 
-1.59000000e+00 -3.70000000e-01 -1.59000000e+00 -1.86161272e-17 -1.59000000e+00 -1.59000000e+00 
-1.60000000e+00 -3.70000000e-01 -1.60000000e+00 -1.86525394e-17 -1.60000000e+00 -1.60000000e+00 
-1.61000000e+00 -3.70000000e-01 -1.61000000e+00 -1.86889511e-17 -1.61000000e+00 -1.61000000e+00 
-1.62000000e+00 -3.70000000e-01 -1.62000000e+00 -1.87253625e-17 -1.62000000e+00 -1.62000000e+00 
-1.63000000e+00 -3.70000000e-01 -1.63000000e+00 -1.87617735e-17 -1.63000000e+00 -1.63000000e+00 
-1.64000000e+00 -3.70000000e-01 -1.64000000e+00 -1.87981841e-17 -1.64000000e+00 -1.64000000e+00 
-1.65000000e+00 -3.70000000e-01 -1.65000000e+00 -1.88345943e-17 -1.65000000e+00 -1.65000000e+00 
-1.66000000e+00 -3.70000000e-01 -1.66000000e+00 -1.88710041e-17 -1.66000000e+00 -1.66000000e+00 
-1.67000000e+00 -3.70000000e-01 -1.67000000e+00 -1.89074136e-17 -1.67000000e+00 -1.67000000e+00 
-1.68000000e+00 -3.70000000e-01 -1.68000000e+00 -1.89438227e-17 -1.68000000e+00 -1.68000000e+00 
-1.69000000e+00 -3.70000000e-01 -1.69000000e+00 -1.89802315e-17 -1.69000000e+00 -1.69000000e+00 
-1.70000000e+00 -3.70000000e-01 -1.70000000e+00 -1.90166400e-17 -1.70000000e+00 -1.70000000e+00 
-1.71000000e+00 -3.70000000e-01 -1.71000000e+00 -1.90530481e-17 -1.71000000e+00 -1.71000000e+00 
-1.72000000e+00 -3.70000000e-01 -1.72000000e+00 -1.90894559e-17 -1.72000000e+00 -1.72000000e+00 
-1.73000000e+00 -3.70000000e-01 -1.73000000e+00 -1.91258634e-17 -1.73000000e+00 -1.73000000e+00 
-1.74000000e+00 -3.70000000e-01 -1.74000000e+00 -1.91622706e-17 -1.74000000e+00 -1.74000000e+00 
-1.75000000e+00 -3.70000000e-01 -1.75000000e+00 -1.91986774e-17 -1.75000000e+00 -1.75000000e+00 
-1.76000000e+00 -3.70000000e-01 -1.76000000e+00 -1.92350840e-17 -1.76000000e+00 -1.76000000e+00 
-1.77000000e+00 -3.70000000e-01 -1.77000000e+00 -1.92714903e-17 -1.77000000e+00 -1.77000000e+00 
-1.78000000e+00 -3.70000000e-01 -1.78000000e+00 -1.93078963e-17 -1.78000000e+00 -1.78000000e+00 
-1.79000000e+00 -3.70000000e-01 -1.79000000e+00 -1.93443021e-17 -1.79000000e+00 -1.79000000e+00 
-1.80000000e+00 -3.70000000e-01 -1.80000000e+00 -1.93807075e-17 -1.80000000e+00 -1.80000000e+00 
-1.81000000e+00 -3.70000000e-01 -1.81000000e+00 -1.94171127e-17 -1.81000000e+00 -1.81000000e+00 
-1.82000000e+00 -3.70000000e-01 -1.82000000e+00 -1.94535177e-17 -1.82000000e+00 -1.82000000e+00 
-1.83000000e+00 -3.70000000e-01 -1.83000000e+00 -1.94899224e-17 -1.83000000e+00 -1.83000000e+00 
-1.84000000e+00 -3.70000000e-01 -1.84000000e+00 -1.95263268e-17 -1.84000000e+00 -1.84000000e+00 
-1.85000000e+00 -3.70000000e-01 -1.85000000e+00 -1.95627310e-17 -1.85000000e+00 -1.85000000e+00 
