 0.00000000e+00  1.48000000e+00  0.00000000e+00  0.00000000e+00  0.00000000e+00  0.00000000e+00 
 1.00000000e-02  1.48000000e+00  1.00000000e-02  1.31677565e-05  1.00000000e-02  1.00000000e-02 
 2.00000000e-02  1.48000000e+00  2.00000000e-02  2.61335127e-05  2.00000000e-02  2.00000000e-02 
 3.00000000e-02  1.48000000e+00  3.00000000e-02  3.88967184e-05  3.00000000e-02  3.00000000e-02 
 4.00000000e-02  1.48000000e+00  4.00000000e-02  5.14573670e-05  4.00000000e-02  4.00000000e-02 
 5.00000000e-02  1.48000000e+00  5.00000000e-02  6.38155501e-05  5.00000000e-02  5.00000000e-02 
 6.00000000e-02  1.48000000e+00  6.00000000e-02  7.59714088e-05  6.00000000e-02  6.00000000e-02 
 7.00000000e-02  1.48000000e+00  7.00000000e-02  8.79251194e-05  7.00000000e-02  7.00000000e-02 
 8.00000000e-02  1.48000000e+00  8.00000000e-02  9.96768897e-05  8.00000000e-02  8.00000000e-02 
 9.00000000e-02  1.48000000e+00  9.00000000e-02  1.11226957e-04  9.00000000e-02  9.00000000e-02 
 1.00000000e-01  1.48000000e+00  1.00000000e-01  1.22575589e-04  1.00000000e-01  1.00000000e-01 
 1.10000000e-01  1.48000000e+00  1.10000000e-01  1.33723086e-04  1.10000000e-01  1.10000000e-01 
 1.20000000e-01  1.48000000e+00  1.20000000e-01  1.44669780e-04  1.20000000e-01  1.20000000e-01 
 1.30000000e-01  1.48000000e+00  1.30000000e-01  1.55416040e-04  1.30000000e-01  1.30000000e-01 
 1.40000000e-01  1.48000000e+00  1.40000000e-01  1.65962272e-04  1.40000000e-01  1.40000000e-01 
 1.50000000e-01  1.48000000e+00  1.50000000e-01  1.76308923e-04  1.50000000e-01  1.50000000e-01 
 1.60000000e-01  1.48000000e+00  1.60000000e-01  1.86456484e-04  1.60000000e-01  1.60000000e-01 
 1.70000000e-01  1.48000000e+00  1.70000000e-01  1.96405491e-04  1.70000000e-01  1.70000000e-01 
 1.80000000e-01  1.48000000e+00  1.80000000e-01  2.06156531e-04  1.80000000e-01  1.80000000e-01 
 1.90000000e-01  1.48000000e+00  1.90000000e-01  2.15710244e-04  1.90000000e-01  1.90000000e-01 
 2.00000000e-01  1.48000000e+00  2.00000000e-01  2.25067326e-04  2.00000000e-01  2.00000000e-01 
 2.10000000e-01  1.48000000e+00  2.10000000e-01  2.34228530e-04  2.10000000e-01  2.10000000e-01 
 2.20000000e-01  1.48000000e+00  2.20000000e-01  2.43194678e-04  2.20000000e-01  2.20000000e-01 
 2.30000000e-01  1.48000000e+00  2.30000000e-01  2.51966652e-04  2.30000000e-01  2.30000000e-01 
 2.40000000e-01  1.48000000e+00  2.40000000e-01  2.60545411e-04  2.40000000e-01  2.40000000e-01 
 2.50000000e-01  1.48000000e+00  2.50000000e-01  2.68931984e-04  2.50000000e-01  2.50000000e-01 
 2.60000000e-01  1.48000000e+00  2.60000000e-01  2.77127478e-04  2.60000000e-01  2.60000000e-01 
 2.70000000e-01  1.48000000e+00  2.70000000e-01  2.85133083e-04  2.70000000e-01  2.70000000e-01 
 2.80000000e-01  1.48000000e+00  2.80000000e-01  2.92950072e-04  2.80000000e-01  2.80000000e-01 
 2.90000000e-01  1.48000000e+00  2.90000000e-01  3.00579805e-04  2.90000000e-01  2.90000000e-01 
 3.00000000e-01  1.48000000e+00  3.00000000e-01  3.08023736e-04  3.00000000e-01  3.00000000e-01 
 3.10000000e-01  1.48000000e+00  3.10000000e-01  3.15283407e-04  3.10000000e-01  3.10000000e-01 
 3.20000000e-01  1.48000000e+00  3.20000000e-01  3.22360461e-04  3.20000000e-01  3.20000000e-01 
 3.30000000e-01  1.48000000e+00  3.30000000e-01  3.29256636e-04  3.30000000e-01  3.30000000e-01 
 3.40000000e-01  1.48000000e+00  3.40000000e-01  3.35973770e-04  3.40000000e-01  3.40000000e-01 
 3.50000000e-01  1.48000000e+00  3.50000000e-01  3.42513802e-04  3.50000000e-01  3.50000000e-01 
 3.60000000e-01  1.48000000e+00  3.60000000e-01  3.48878772e-04  3.60000000e-01  3.60000000e-01 
 3.70000000e-01  1.48000000e+00  3.70000000e-01  3.55070823e-04  3.70000000e-01  3.70000000e-01 
 3.80000000e-01  1.48000000e+00  3.80000000e-01  3.61092198e-04  3.80000000e-01  3.80000000e-01 
 3.90000000e-01  1.48000000e+00  3.90000000e-01  3.66945242e-04  3.90000000e-01  3.90000000e-01 
 4.00000000e-01  1.48000000e+00  4.00000000e-01  3.72632397e-04  4.00000000e-01  4.00000000e-01 
 4.10000000e-01  1.48000000e+00  4.10000000e-01  3.78156203e-04  4.10000000e-01  4.10000000e-01 
 4.20000000e-01  1.48000000e+00  4.20000000e-01  3.83519293e-04  4.20000000e-01  4.20000000e-01 
 4.30000000e-01  1.48000000e+00  4.30000000e-01  3.88724393e-04  4.30000000e-01  4.30000000e-01 
 4.40000000e-01  1.48000000e+00  4.40000000e-01  3.93774311e-04  4.40000000e-01  4.40000000e-01 
 4.50000000e-01  1.48000000e+00  4.50000000e-01  3.98671940e-04  4.50000000e-01  4.50000000e-01 
 4.60000000e-01  1.48000000e+00  4.60000000e-01  4.03420247e-04  4.60000000e-01  4.60000000e-01 
 4.70000000e-01  1.48000000e+00  4.70000000e-01  4.08022272e-04  4.70000000e-01  4.70000000e-01 
 4.80000000e-01  1.48000000e+00  4.80000000e-01  4.12481116e-04  4.80000000e-01  4.80000000e-01 
 4.90000000e-01  1.48000000e+00  4.90000000e-01  4.16799939e-04  4.90000000e-01  4.90000000e-01 
 5.00000000e-01  1.48000000e+00  5.00000000e-01  4.20981952e-04  5.00000000e-01  5.00000000e-01 
 5.10000000e-01  1.48000000e+00  5.10000000e-01  4.25030406e-04  5.10000000e-01  5.10000000e-01 
 5.20000000e-01  1.48000000e+00  5.20000000e-01  4.28948589e-04  5.20000000e-01  5.20000000e-01 
 5.30000000e-01  1.48000000e+00  5.30000000e-01  4.32739817e-04  5.30000000e-01  5.30000000e-01 
 5.40000000e-01  1.48000000e+00  5.40000000e-01  4.36407421e-04  5.40000000e-01  5.40000000e-01 
 5.50000000e-01  1.48000000e+00  5.50000000e-01  4.39954748e-04  5.50000000e-01  5.50000000e-01 
 5.60000000e-01  1.48000000e+00  5.60000000e-01  4.43385146e-04  5.60000000e-01  5.60000000e-01 
 5.70000000e-01  1.48000000e+00  5.70000000e-01  4.46701959e-04  5.70000000e-01  5.70000000e-01 
 5.80000000e-01  1.48000000e+00  5.80000000e-01  4.49908518e-04  5.80000000e-01  5.80000000e-01 
 5.90000000e-01  1.48000000e+00  5.90000000e-01  4.53008137e-04  5.90000000e-01  5.90000000e-01 
 6.00000000e-01  1.48000000e+00  6.00000000e-01  4.56004103e-04  6.00000000e-01  6.00000000e-01 
 6.10000000e-01  1.48000000e+00  6.10000000e-01  4.58899670e-04  6.10000000e-01  6.10000000e-01 
 6.20000000e-01  1.48000000e+00  6.20000000e-01  4.61698053e-04  6.20000000e-01  6.20000000e-01 
 6.30000000e-01  1.48000000e+00  6.30000000e-01  4.64402423e-04  6.30000000e-01  6.30000000e-01 
 6.40000000e-01  1.48000000e+00  6.40000000e-01  4.67015902e-04  6.40000000e-01  6.40000000e-01 
 6.50000000e-01  1.48000000e+00  6.50000000e-01  4.69541557e-04  6.50000000e-01  6.50000000e-01 
 6.60000000e-01  1.48000000e+00  6.60000000e-01  4.71982396e-04  6.60000000e-01  6.60000000e-01 
 6.70000000e-01  1.48000000e+00  6.70000000e-01  4.74341364e-04  6.70000000e-01  6.70000000e-01 
 6.80000000e-01  1.48000000e+00  6.80000000e-01  4.76621341e-04  6.80000000e-01  6.80000000e-01 
 6.90000000e-01  1.48000000e+00  6.90000000e-01  4.78825139e-04  6.90000000e-01  6.90000000e-01 
 7.00000000e-01  1.48000000e+00  7.00000000e-01  4.80955498e-04  7.00000000e-01  7.00000000e-01 
 7.10000000e-01  1.48000000e+00  7.10000000e-01  4.83015086e-04  7.10000000e-01  7.10000000e-01 
 7.20000000e-01  1.48000000e+00  7.20000000e-01  4.85006497e-04  7.20000000e-01  7.20000000e-01 
 7.30000000e-01  1.48000000e+00  7.30000000e-01  4.86932250e-04  7.30000000e-01  7.30000000e-01 
 7.40000000e-01  1.48000000e+00  7.40000000e-01  4.88794787e-04  7.40000000e-01  7.40000000e-01 
 7.50000000e-01  1.48000000e+00  7.50000000e-01  4.90596476e-04  7.50000000e-01  7.50000000e-01 
 7.60000000e-01  1.48000000e+00  7.60000000e-01  4.92339606e-04  7.60000000e-01  7.60000000e-01 
 7.70000000e-01  1.48000000e+00  7.70000000e-01  4.94026393e-04  7.70000000e-01  7.70000000e-01 
 7.80000000e-01  1.48000000e+00  7.80000000e-01  4.95658977e-04  7.80000000e-01  7.80000000e-01 
 7.90000000e-01  1.48000000e+00  7.90000000e-01  4.97239423e-04  7.90000000e-01  7.90000000e-01 
 8.00000000e-01  1.48000000e+00  8.00000000e-01  4.98769724e-04  8.00000000e-01  8.00000000e-01 
 8.10000000e-01  1.48000000e+00  8.10000000e-01  5.00251799e-04  8.10000000e-01  8.10000000e-01 
 8.20000000e-01  1.48000000e+00  8.20000000e-01  5.01687499e-04  8.20000000e-01  8.20000000e-01 
 8.30000000e-01  1.48000000e+00  8.30000000e-01  5.03078603e-04  8.30000000e-01  8.30000000e-01 
 8.40000000e-01  1.48000000e+00  8.40000000e-01  5.04426824e-04  8.40000000e-01  8.40000000e-01 
 8.50000000e-01  1.48000000e+00  8.50000000e-01  5.05733810e-04  8.50000000e-01  8.50000000e-01 
 8.60000000e-01  1.48000000e+00  8.60000000e-01  5.07001144e-04  8.60000000e-01  8.60000000e-01 
 8.70000000e-01  1.48000000e+00  8.70000000e-01  5.08230346e-04  8.70000000e-01  8.70000000e-01 
 8.80000000e-01  1.48000000e+00  8.80000000e-01  5.09422876e-04  8.80000000e-01  8.80000000e-01 
 8.90000000e-01  1.48000000e+00  8.90000000e-01  5.10580137e-04  8.90000000e-01  8.90000000e-01 
 9.00000000e-01  1.48000000e+00  9.00000000e-01  5.11703474e-04  9.00000000e-01  9.00000000e-01 
 9.10000000e-01  1.48000000e+00  9.10000000e-01  5.12794179e-04  9.10000000e-01  9.10000000e-01 
 9.20000000e-01  1.48000000e+00  9.20000000e-01  5.13853490e-04  9.20000000e-01  9.20000000e-01 
 9.30000000e-01  1.48000000e+00  9.30000000e-01  5.14882594e-04  9.30000000e-01  9.30000000e-01 
 9.40000000e-01  1.48000000e+00  9.40000000e-01  5.15882630e-04  9.40000000e-01  9.40000000e-01 
 9.50000000e-01  1.48000000e+00  9.50000000e-01  5.16854691e-04  9.50000000e-01  9.50000000e-01 
 9.60000000e-01  1.48000000e+00  9.60000000e-01  5.17799823e-04  9.60000000e-01  9.60000000e-01 
 9.70000000e-01  1.48000000e+00  9.70000000e-01  5.18719028e-04  9.70000000e-01  9.70000000e-01 
 9.80000000e-01  1.48000000e+00  9.80000000e-01  5.19613270e-04  9.80000000e-01  9.80000000e-01 
 9.90000000e-01  1.48000000e+00  9.90000000e-01  5.20483469e-04  9.90000000e-01  9.90000000e-01 
 1.00000000e+00  1.48000000e+00  1.00000000e+00  5.21330509e-04  1.00000000e+00  1.00000000e+00 
 1.01000000e+00  1.48000000e+00  1.01000000e+00  5.22155236e-04  1.01000000e+00  1.01000000e+00 
 1.02000000e+00  1.48000000e+00  1.02000000e+00  5.22958461e-04  1.02000000e+00  1.02000000e+00 
 1.03000000e+00  1.48000000e+00  1.03000000e+00  5.23740963e-04  1.03000000e+00  1.03000000e+00 
 1.04000000e+00  1.48000000e+00  1.04000000e+00  5.24503486e-04  1.04000000e+00  1.04000000e+00 
 1.05000000e+00  1.48000000e+00  1.05000000e+00  5.25246745e-04  1.05000000e+00  1.05000000e+00 
 1.06000000e+00  1.48000000e+00  1.06000000e+00  5.25971424e-04  1.06000000e+00  1.06000000e+00 
 1.07000000e+00  1.48000000e+00  1.07000000e+00  5.26678181e-04  1.07000000e+00  1.07000000e+00 
 1.08000000e+00  1.48000000e+00  1.08000000e+00  5.27367645e-04  1.08000000e+00  1.08000000e+00 
 1.09000000e+00  1.48000000e+00  1.09000000e+00  5.28040419e-04  1.09000000e+00  1.09000000e+00 
 1.10000000e+00  1.48000000e+00  1.10000000e+00  5.28697082e-04  1.10000000e+00  1.10000000e+00 
 1.11000000e+00  1.48000000e+00  1.11000000e+00  5.29338190e-04  1.11000000e+00  1.11000000e+00 
 1.12000000e+00  1.48000000e+00  1.12000000e+00  5.29964274e-04  1.12000000e+00  1.12000000e+00 
 1.13000000e+00  1.48000000e+00  1.13000000e+00  5.30575847e-04  1.13000000e+00  1.13000000e+00 
 1.14000000e+00  1.48000000e+00  1.14000000e+00  5.31173399e-04  1.14000000e+00  1.14000000e+00 
 1.15000000e+00  1.48000000e+00  1.15000000e+00  5.31757399e-04  1.15000000e+00  1.15000000e+00 
 1.16000000e+00  1.48000000e+00  1.16000000e+00  5.32328301e-04  1.16000000e+00  1.16000000e+00 
 1.17000000e+00  1.48000000e+00  1.17000000e+00  5.32886536e-04  1.17000000e+00  1.17000000e+00 
 1.18000000e+00  1.48000000e+00  1.18000000e+00  5.33432523e-04  1.18000000e+00  1.18000000e+00 
 1.19000000e+00  1.48000000e+00  1.19000000e+00  5.33966661e-04  1.19000000e+00  1.19000000e+00 
 1.20000000e+00  1.48000000e+00  1.20000000e+00  5.34489334e-04  1.20000000e+00  1.20000000e+00 
 1.21000000e+00  1.48000000e+00  1.21000000e+00  5.35000912e-04  1.21000000e+00  1.21000000e+00 
 1.22000000e+00  1.48000000e+00  1.22000000e+00  5.35501748e-04  1.22000000e+00  1.22000000e+00 
 1.23000000e+00  1.48000000e+00  1.23000000e+00  5.35992185e-04  1.23000000e+00  1.23000000e+00 
 1.24000000e+00  1.48000000e+00  1.24000000e+00  5.36472550e-04  1.24000000e+00  1.24000000e+00 
 1.25000000e+00  1.48000000e+00  1.25000000e+00  5.36943158e-04  1.25000000e+00  1.25000000e+00 
 1.26000000e+00  1.48000000e+00  1.26000000e+00  5.37404312e-04  1.26000000e+00  1.26000000e+00 
 1.27000000e+00  1.48000000e+00  1.27000000e+00  5.37856304e-04  1.27000000e+00  1.27000000e+00 
 1.28000000e+00  1.48000000e+00  1.28000000e+00  5.38299415e-04  1.28000000e+00  1.28000000e+00 
 1.29000000e+00  1.48000000e+00  1.29000000e+00  5.38733915e-04  1.29000000e+00  1.29000000e+00 
 1.30000000e+00  1.48000000e+00  1.30000000e+00  5.39160064e-04  1.30000000e+00  1.30000000e+00 
 1.31000000e+00  1.48000000e+00  1.31000000e+00  5.39578111e-04  1.31000000e+00  1.31000000e+00 
 1.32000000e+00  1.48000000e+00  1.32000000e+00  5.39988299e-04  1.32000000e+00  1.32000000e+00 
 1.33000000e+00  1.48000000e+00  1.33000000e+00  5.40390859e-04  1.33000000e+00  1.33000000e+00 
 1.34000000e+00  1.48000000e+00  1.34000000e+00  5.40786015e-04  1.34000000e+00  1.34000000e+00 
 1.35000000e+00  1.48000000e+00  1.35000000e+00  5.41173984e-04  1.35000000e+00  1.35000000e+00 
 1.36000000e+00  1.48000000e+00  1.36000000e+00  5.41554971e-04  1.36000000e+00  1.36000000e+00 
 1.37000000e+00  1.48000000e+00  1.37000000e+00  5.41929179e-04  1.37000000e+00  1.37000000e+00 
 1.38000000e+00  1.48000000e+00  1.38000000e+00  5.42296799e-04  1.38000000e+00  1.38000000e+00 
 1.39000000e+00  1.48000000e+00  1.39000000e+00  5.42658019e-04  1.39000000e+00  1.39000000e+00 
 1.40000000e+00  1.48000000e+00  1.40000000e+00  5.43013019e-04  1.40000000e+00  1.40000000e+00 
 1.41000000e+00  1.48000000e+00  1.41000000e+00  5.43361971e-04  1.41000000e+00  1.41000000e+00 
 1.42000000e+00  1.48000000e+00  1.42000000e+00  5.43705043e-04  1.42000000e+00  1.42000000e+00 
 1.43000000e+00  1.48000000e+00  1.43000000e+00  5.44042398e-04  1.43000000e+00  1.43000000e+00 
 1.44000000e+00  1.48000000e+00  1.44000000e+00  5.44374190e-04  1.44000000e+00  1.44000000e+00 
 1.45000000e+00  1.48000000e+00  1.45000000e+00  5.44700571e-04  1.45000000e+00  1.45000000e+00 
 1.46000000e+00  1.48000000e+00  1.46000000e+00  5.45021686e-04  1.46000000e+00  1.46000000e+00 
 1.47000000e+00  1.48000000e+00  1.47000000e+00  5.45337676e-04  1.47000000e+00  1.47000000e+00 
 1.48000000e+00  1.48000000e+00  1.48000000e+00  5.45648677e-04  1.48000000e+00  1.48000000e+00 
 1.49000000e+00  1.48000000e+00  1.49000000e+00  5.45954820e-04  1.49000000e+00  1.49000000e+00 
 1.50000000e+00  1.48000000e+00  1.50000000e+00  5.46256233e-04  1.50000000e+00  1.50000000e+00 
 1.51000000e+00  1.48000000e+00  1.51000000e+00  5.46553039e-04  1.51000000e+00  1.51000000e+00 
 1.52000000e+00  1.48000000e+00  1.52000000e+00  5.46845355e-04  1.52000000e+00  1.52000000e+00 
 1.53000000e+00  1.48000000e+00  1.53000000e+00  5.47133298e-04  1.53000000e+00  1.53000000e+00 
 1.54000000e+00  1.48000000e+00  1.54000000e+00  5.47416978e-04  1.54000000e+00  1.54000000e+00 
 1.55000000e+00  1.48000000e+00  1.55000000e+00  5.47696504e-04  1.55000000e+00  1.55000000e+00 
 1.56000000e+00  1.48000000e+00  1.56000000e+00  5.47971978e-04  1.56000000e+00  1.56000000e+00 
 1.57000000e+00  1.48000000e+00  1.57000000e+00  5.48243504e-04  1.57000000e+00  1.57000000e+00 
 1.58000000e+00  1.48000000e+00  1.58000000e+00  5.48511177e-04  1.58000000e+00  1.58000000e+00 
 1.59000000e+00  1.48000000e+00  1.59000000e+00  5.48775093e-04  1.59000000e+00  1.59000000e+00 
 1.60000000e+00  1.48000000e+00  1.60000000e+00  5.49035343e-04  1.60000000e+00  1.60000000e+00 
 1.61000000e+00  1.48000000e+00  1.61000000e+00  5.49292017e-04  1.61000000e+00  1.61000000e+00 
 1.62000000e+00  1.48000000e+00  1.62000000e+00  5.49545201e-04  1.62000000e+00  1.62000000e+00 
 1.63000000e+00  1.48000000e+00  1.63000000e+00  5.49794977e-04  1.63000000e+00  1.63000000e+00 
 1.64000000e+00  1.48000000e+00  1.64000000e+00  5.50041427e-04  1.64000000e+00  1.64000000e+00 
 1.65000000e+00  1.48000000e+00  1.65000000e+00  5.50284630e-04  1.65000000e+00  1.65000000e+00 
 1.66000000e+00  1.48000000e+00  1.66000000e+00  5.50524661e-04  1.66000000e+00  1.66000000e+00 
 1.67000000e+00  1.48000000e+00  1.67000000e+00  5.50761595e-04  1.67000000e+00  1.67000000e+00 
 1.68000000e+00  1.48000000e+00  1.68000000e+00  5.50995503e-04  1.68000000e+00  1.68000000e+00 
 1.69000000e+00  1.48000000e+00  1.69000000e+00  5.51226455e-04  1.69000000e+00  1.69000000e+00 
 1.70000000e+00  1.48000000e+00  1.70000000e+00  5.51454518e-04  1.70000000e+00  1.70000000e+00 
 1.71000000e+00  1.48000000e+00  1.71000000e+00  5.51679758e-04  1.71000000e+00  1.71000000e+00 
 1.72000000e+00  1.48000000e+00  1.72000000e+00  5.51902238e-04  1.72000000e+00  1.72000000e+00 
 1.73000000e+00  1.48000000e+00  1.73000000e+00  5.52122020e-04  1.73000000e+00  1.73000000e+00 
 1.74000000e+00  1.48000000e+00  1.74000000e+00  5.52339165e-04  1.74000000e+00  1.74000000e+00 
 1.75000000e+00  1.48000000e+00  1.75000000e+00  5.52553730e-04  1.75000000e+00  1.75000000e+00 
 1.76000000e+00  1.48000000e+00  1.76000000e+00  5.52765773e-04  1.76000000e+00  1.76000000e+00 
 1.77000000e+00  1.48000000e+00  1.77000000e+00  5.52975348e-04  1.77000000e+00  1.77000000e+00 
 1.78000000e+00  1.48000000e+00  1.78000000e+00  5.53182508e-04  1.78000000e+00  1.78000000e+00 
 1.79000000e+00  1.48000000e+00  1.79000000e+00  5.53387307e-04  1.79000000e+00  1.79000000e+00 
 1.80000000e+00  1.48000000e+00  1.80000000e+00  5.53589794e-04  1.80000000e+00  1.80000000e+00 
 1.81000000e+00  1.48000000e+00  1.81000000e+00  5.53790019e-04  1.81000000e+00  1.81000000e+00 
 1.82000000e+00  1.48000000e+00  1.82000000e+00  5.53988029e-04  1.82000000e+00  1.82000000e+00 
 1.83000000e+00  1.48000000e+00  1.83000000e+00  5.54183872e-04  1.83000000e+00  1.83000000e+00 
 1.84000000e+00  1.48000000e+00  1.84000000e+00  5.54377592e-04  1.84000000e+00  1.84000000e+00 
 1.85000000e+00  1.48000000e+00  1.85000000e+00  5.54569233e-04  1.85000000e+00  1.85000000e+00 
