 0.00000000e+00  3.70000000e-01  0.00000000e+00  0.00000000e+00  0.00000000e+00  0.00000000e+00 
 1.00000000e-02  3.70000000e-01  1.00000000e-02  2.15567238e-11  1.00000000e-02  1.00000000e-02 
 2.00000000e-02  3.70000000e-01  2.00000000e-02  3.87299996e-11  2.00000000e-02  2.00000000e-02 
 3.00000000e-02  3.70000000e-01  3.00000000e-02  5.26451636e-11  3.00000000e-02  3.00000000e-02 
 4.00000000e-02  3.70000000e-01  4.00000000e-02  6.40995558e-11  4.00000000e-02  4.00000000e-02 
 5.00000000e-02  3.70000000e-01  5.00000000e-02  7.36669100e-11  5.00000000e-02  5.00000000e-02 
 6.00000000e-02  3.70000000e-01  6.00000000e-02  8.17666190e-11  6.00000000e-02  6.00000000e-02 
 7.00000000e-02  3.70000000e-01  7.00000000e-02  8.87098940e-11  7.00000000e-02  7.00000000e-02 
 8.00000000e-02  3.70000000e-01  8.00000000e-02  9.47309565e-11  8.00000000e-02  8.00000000e-02 
 9.00000000e-02  3.70000000e-01  9.00000000e-02  1.00008427e-10  9.00000000e-02  9.00000000e-02 
 1.00000000e-01  3.70000000e-01  1.00000000e-01  1.04680208e-10  1.00000000e-01  1.00000000e-01 
 1.10000000e-01  3.70000000e-01  1.10000000e-01  1.08853992e-10  1.10000000e-01  1.10000000e-01 
 1.20000000e-01  3.70000000e-01  1.20000000e-01  1.12614772e-10  1.20000000e-01  1.20000000e-01 
 1.30000000e-01  3.70000000e-01  1.30000000e-01  1.16030295e-10  1.30000000e-01  1.30000000e-01 
 1.40000000e-01  3.70000000e-01  1.40000000e-01  1.19155058e-10  1.40000000e-01  1.40000000e-01 
 1.50000000e-01  3.70000000e-01  1.50000000e-01  1.22033272e-10  1.50000000e-01  1.50000000e-01 
 1.60000000e-01  3.70000000e-01  1.60000000e-01  1.24701093e-10  1.60000000e-01  1.60000000e-01 
 1.70000000e-01  3.70000000e-01  1.70000000e-01  1.27188309e-10  1.70000000e-01  1.70000000e-01 
 1.80000000e-01  3.70000000e-01  1.80000000e-01  1.29519632e-10  1.80000000e-01  1.80000000e-01 
 1.90000000e-01  3.70000000e-01  1.90000000e-01  1.31715696e-10  1.90000000e-01  1.90000000e-01 
 2.00000000e-01  3.70000000e-01  2.00000000e-01  1.33793836e-10  2.00000000e-01  2.00000000e-01 
 2.10000000e-01  3.70000000e-01  2.10000000e-01  1.35768698e-10  2.10000000e-01  2.10000000e-01 
 2.20000000e-01  3.70000000e-01  2.20000000e-01  1.37652724e-10  2.20000000e-01  2.20000000e-01 
 2.30000000e-01  3.70000000e-01  2.30000000e-01  1.39456535e-10  2.30000000e-01  2.30000000e-01 
 2.40000000e-01  3.70000000e-01  2.40000000e-01  1.41189244e-10  2.40000000e-01  2.40000000e-01 
 2.50000000e-01  3.70000000e-01  2.50000000e-01  1.42858703e-10  2.50000000e-01  2.50000000e-01 
 2.60000000e-01  3.70000000e-01  2.60000000e-01  1.44471706e-10  2.60000000e-01  2.60000000e-01 
 2.70000000e-01  3.70000000e-01  2.70000000e-01  1.46034160e-10  2.70000000e-01  2.70000000e-01 
 2.80000000e-01  3.70000000e-01  2.80000000e-01  1.47551212e-10  2.80000000e-01  2.80000000e-01 
 2.90000000e-01  3.70000000e-01  2.90000000e-01  1.49027373e-10  2.90000000e-01  2.90000000e-01 
 3.00000000e-01  3.70000000e-01  3.00000000e-01  1.50466601e-10  3.00000000e-01  3.00000000e-01 
 3.10000000e-01  3.70000000e-01  3.10000000e-01  1.51872387e-10  3.10000000e-01  3.10000000e-01 
 3.20000000e-01  3.70000000e-01  3.20000000e-01  1.53247816e-10  3.20000000e-01  3.20000000e-01 
 3.30000000e-01  3.70000000e-01  3.30000000e-01  1.54595624e-10  3.30000000e-01  3.30000000e-01 
 3.40000000e-01  3.70000000e-01  3.40000000e-01  1.55918245e-10  3.40000000e-01  3.40000000e-01 
 3.50000000e-01  3.70000000e-01  3.50000000e-01  1.57217847e-10  3.50000000e-01  3.50000000e-01 
 3.60000000e-01  3.70000000e-01  3.60000000e-01  1.58496369e-10  3.60000000e-01  3.60000000e-01 
 3.70000000e-01  3.70000000e-01  3.70000000e-01  1.59755551e-10  3.70000000e-01  3.70000000e-01 
 3.80000000e-01  3.70000000e-01  3.80000000e-01  1.60996952e-10  3.80000000e-01  3.80000000e-01 
 3.90000000e-01  3.70000000e-01  3.90000000e-01  1.62221979e-10  3.90000000e-01  3.90000000e-01 
 4.00000000e-01  3.70000000e-01  4.00000000e-01  1.63431901e-10  4.00000000e-01  4.00000000e-01 
 4.10000000e-01  3.70000000e-01  4.10000000e-01  1.64627864e-10  4.10000000e-01  4.10000000e-01 
 4.20000000e-01  3.70000000e-01  4.20000000e-01  1.65810908e-10  4.20000000e-01  4.20000000e-01 
 4.30000000e-01  3.70000000e-01  4.30000000e-01  1.66981977e-10  4.30000000e-01  4.30000000e-01 
 4.40000000e-01  3.70000000e-01  4.40000000e-01  1.68141928e-10  4.40000000e-01  4.40000000e-01 
 4.50000000e-01  3.70000000e-01  4.50000000e-01  1.69291544e-10  4.50000000e-01  4.50000000e-01 
 4.60000000e-01  3.70000000e-01  4.60000000e-01  1.70431539e-10  4.60000000e-01  4.60000000e-01 
 4.70000000e-01  3.70000000e-01  4.70000000e-01  1.71562566e-10  4.70000000e-01  4.70000000e-01 
 4.80000000e-01  3.70000000e-01  4.80000000e-01  1.72685222e-10  4.80000000e-01  4.80000000e-01 
 4.90000000e-01  3.70000000e-01  4.90000000e-01  1.73800056e-10  4.90000000e-01  4.90000000e-01 
 5.00000000e-01  3.70000000e-01  5.00000000e-01  1.74907571e-10  5.00000000e-01  5.00000000e-01 
 5.10000000e-01  3.70000000e-01  5.10000000e-01  1.76008230e-10  5.10000000e-01  5.10000000e-01 
 5.20000000e-01  3.70000000e-01  5.20000000e-01  1.77102461e-10  5.20000000e-01  5.20000000e-01 
 5.30000000e-01  3.70000000e-01  5.30000000e-01  1.78190658e-10  5.30000000e-01  5.30000000e-01 
 5.40000000e-01  3.70000000e-01  5.40000000e-01  1.79273184e-10  5.40000000e-01  5.40000000e-01 
 5.50000000e-01  3.70000000e-01  5.50000000e-01  1.80350375e-10  5.50000000e-01  5.50000000e-01 
 5.60000000e-01  3.70000000e-01  5.60000000e-01  1.81422544e-10  5.60000000e-01  5.60000000e-01 
 5.70000000e-01  3.70000000e-01  5.70000000e-01  1.82489978e-10  5.70000000e-01  5.70000000e-01 
 5.80000000e-01  3.70000000e-01  5.80000000e-01  1.83552947e-10  5.80000000e-01  5.80000000e-01 
 5.90000000e-01  3.70000000e-01  5.90000000e-01  1.84611700e-10  5.90000000e-01  5.90000000e-01 
 6.00000000e-01  3.70000000e-01  6.00000000e-01  1.85666468e-10  6.00000000e-01  6.00000000e-01 
 6.10000000e-01  3.70000000e-01  6.10000000e-01  1.86717467e-10  6.10000000e-01  6.10000000e-01 
 6.20000000e-01  3.70000000e-01  6.20000000e-01  1.87764899e-10  6.20000000e-01  6.20000000e-01 
 6.30000000e-01  3.70000000e-01  6.30000000e-01  1.88808952e-10  6.30000000e-01  6.30000000e-01 
 6.40000000e-01  3.70000000e-01  6.40000000e-01  1.89849801e-10  6.40000000e-01  6.40000000e-01 
 6.50000000e-01  3.70000000e-01  6.50000000e-01  1.90887610e-10  6.50000000e-01  6.50000000e-01 
 6.60000000e-01  3.70000000e-01  6.60000000e-01  1.91922532e-10  6.60000000e-01  6.60000000e-01 
 6.70000000e-01  3.70000000e-01  6.70000000e-01  1.92954712e-10  6.70000000e-01  6.70000000e-01 
 6.80000000e-01  3.70000000e-01  6.80000000e-01  1.93984285e-10  6.80000000e-01  6.80000000e-01 
 6.90000000e-01  3.70000000e-01  6.90000000e-01  1.95011377e-10  6.90000000e-01  6.90000000e-01 
 7.00000000e-01  3.70000000e-01  7.00000000e-01  1.96036107e-10  7.00000000e-01  7.00000000e-01 
 7.10000000e-01  3.70000000e-01  7.10000000e-01  1.97058587e-10  7.10000000e-01  7.10000000e-01 
 7.20000000e-01  3.70000000e-01  7.20000000e-01  1.98078922e-10  7.20000000e-01  7.20000000e-01 
 7.30000000e-01  3.70000000e-01  7.30000000e-01  1.99097210e-10  7.30000000e-01  7.30000000e-01 
 7.40000000e-01  3.70000000e-01  7.40000000e-01  2.00113546e-10  7.40000000e-01  7.40000000e-01 
 7.50000000e-01  3.70000000e-01  7.50000000e-01  2.01128016e-10  7.50000000e-01  7.50000000e-01 
 7.60000000e-01  3.70000000e-01  7.60000000e-01  2.02140705e-10  7.60000000e-01  7.60000000e-01 
 7.70000000e-01  3.70000000e-01  7.70000000e-01  2.03151689e-10  7.70000000e-01  7.70000000e-01 
 7.80000000e-01  3.70000000e-01  7.80000000e-01  2.04161044e-10  7.80000000e-01  7.80000000e-01 
 7.90000000e-01  3.70000000e-01  7.90000000e-01  2.05168839e-10  7.90000000e-01  7.90000000e-01 
 8.00000000e-01  3.70000000e-01  8.00000000e-01  2.06175140e-10  8.00000000e-01  8.00000000e-01 
 8.10000000e-01  3.70000000e-01  8.10000000e-01  2.07180010e-10  8.10000000e-01  8.10000000e-01 
 8.20000000e-01  3.70000000e-01  8.20000000e-01  2.08183509e-10  8.20000000e-01  8.20000000e-01 
 8.30000000e-01  3.70000000e-01  8.30000000e-01  2.09185692e-10  8.30000000e-01  8.30000000e-01 
 8.40000000e-01  3.70000000e-01  8.40000000e-01  2.10186612e-10  8.40000000e-01  8.40000000e-01 
 8.50000000e-01  3.70000000e-01  8.50000000e-01  2.11186321e-10  8.50000000e-01  8.50000000e-01 
 8.60000000e-01  3.70000000e-01  8.60000000e-01  2.12184867e-10  8.60000000e-01  8.60000000e-01 
 8.70000000e-01  3.70000000e-01  8.70000000e-01  2.13182295e-10  8.70000000e-01  8.70000000e-01 
 8.80000000e-01  3.70000000e-01  8.80000000e-01  2.14178648e-10  8.80000000e-01  8.80000000e-01 
 8.90000000e-01  3.70000000e-01  8.90000000e-01  2.15173969e-10  8.90000000e-01  8.90000000e-01 
 9.00000000e-01  3.70000000e-01  9.00000000e-01  2.16168295e-10  9.00000000e-01  9.00000000e-01 
 9.10000000e-01  3.70000000e-01  9.10000000e-01  2.17161665e-10  9.10000000e-01  9.10000000e-01 
 9.20000000e-01  3.70000000e-01  9.20000000e-01  2.18154114e-10  9.20000000e-01  9.20000000e-01 
 9.30000000e-01  3.70000000e-01  9.30000000e-01  2.19145676e-10  9.30000000e-01  9.30000000e-01 
 9.40000000e-01  3.70000000e-01  9.40000000e-01  2.20136384e-10  9.40000000e-01  9.40000000e-01 
 9.50000000e-01  3.70000000e-01  9.50000000e-01  2.21126268e-10  9.50000000e-01  9.50000000e-01 
 9.60000000e-01  3.70000000e-01  9.60000000e-01  2.22115358e-10  9.60000000e-01  9.60000000e-01 
 9.70000000e-01  3.70000000e-01  9.70000000e-01  2.23103682e-10  9.70000000e-01  9.70000000e-01 
 9.80000000e-01  3.70000000e-01  9.80000000e-01  2.24091266e-10  9.80000000e-01  9.80000000e-01 
 9.90000000e-01  3.70000000e-01  9.90000000e-01  2.25078137e-10  9.90000000e-01  9.90000000e-01 
 1.00000000e+00  3.70000000e-01  1.00000000e+00  2.26064319e-10  1.00000000e+00  1.00000000e+00 
 1.01000000e+00  3.70000000e-01  1.01000000e+00  2.27049836e-10  1.01000000e+00  1.01000000e+00 
 1.02000000e+00  3.70000000e-01  1.02000000e+00  2.28034710e-10  1.02000000e+00  1.02000000e+00 
 1.03000000e+00  3.70000000e-01  1.03000000e+00  2.29018962e-10  1.03000000e+00  1.03000000e+00 
 1.04000000e+00  3.70000000e-01  1.04000000e+00  2.30002613e-10  1.04000000e+00  1.04000000e+00 
 1.05000000e+00  3.70000000e-01  1.05000000e+00  2.30985684e-10  1.05000000e+00  1.05000000e+00 
 1.06000000e+00  3.70000000e-01  1.06000000e+00  2.31968192e-10  1.06000000e+00  1.06000000e+00 
 1.07000000e+00  3.70000000e-01  1.07000000e+00  2.32950156e-10  1.07000000e+00  1.07000000e+00 
 1.08000000e+00  3.70000000e-01  1.08000000e+00  2.33931593e-10  1.08000000e+00  1.08000000e+00 
 1.09000000e+00  3.70000000e-01  1.09000000e+00  2.34912521e-10  1.09000000e+00  1.09000000e+00 
 1.10000000e+00  3.70000000e-01  1.10000000e+00  2.35892954e-10  1.10000000e+00  1.10000000e+00 
 1.11000000e+00  3.70000000e-01  1.11000000e+00  2.36872910e-10  1.11000000e+00  1.11000000e+00 
 1.12000000e+00  3.70000000e-01  1.12000000e+00  2.37852401e-10  1.12000000e+00  1.12000000e+00 
 1.13000000e+00  3.70000000e-01  1.13000000e+00  2.38831443e-10  1.13000000e+00  1.13000000e+00 
 1.14000000e+00  3.70000000e-01  1.14000000e+00  2.39810049e-10  1.14000000e+00  1.14000000e+00 
 1.15000000e+00  3.70000000e-01  1.15000000e+00  2.40788232e-10  1.15000000e+00  1.15000000e+00 
 1.16000000e+00  3.70000000e-01  1.16000000e+00  2.41766005e-10  1.16000000e+00  1.16000000e+00 
 1.17000000e+00  3.70000000e-01  1.17000000e+00  2.42743379e-10  1.17000000e+00  1.17000000e+00 
 1.18000000e+00  3.70000000e-01  1.18000000e+00  2.43720368e-10  1.18000000e+00  1.18000000e+00 
 1.19000000e+00  3.70000000e-01  1.19000000e+00  2.44696982e-10  1.19000000e+00  1.19000000e+00 
 1.20000000e+00  3.70000000e-01  1.20000000e+00  2.45673231e-10  1.20000000e+00  1.20000000e+00 
 1.21000000e+00  3.70000000e-01  1.21000000e+00  2.46649127e-10  1.21000000e+00  1.21000000e+00 
 1.22000000e+00  3.70000000e-01  1.22000000e+00  2.47624678e-10  1.22000000e+00  1.22000000e+00 
 1.23000000e+00  3.70000000e-01  1.23000000e+00  2.48599896e-10  1.23000000e+00  1.23000000e+00 
 1.24000000e+00  3.70000000e-01  1.24000000e+00  2.49574790e-10  1.24000000e+00  1.24000000e+00 
 1.25000000e+00  3.70000000e-01  1.25000000e+00  2.50549367e-10  1.25000000e+00  1.25000000e+00 
 1.26000000e+00  3.70000000e-01  1.26000000e+00  2.51523638e-10  1.26000000e+00  1.26000000e+00 
 1.27000000e+00  3.70000000e-01  1.27000000e+00  2.52497610e-10  1.27000000e+00  1.27000000e+00 
 1.28000000e+00  3.70000000e-01  1.28000000e+00  2.53471291e-10  1.28000000e+00  1.28000000e+00 
 1.29000000e+00  3.70000000e-01  1.29000000e+00  2.54444690e-10  1.29000000e+00  1.29000000e+00 
 1.30000000e+00  3.70000000e-01  1.30000000e+00  2.55417814e-10  1.30000000e+00  1.30000000e+00 
 1.31000000e+00  3.70000000e-01  1.31000000e+00  2.56390670e-10  1.31000000e+00  1.31000000e+00 
 1.32000000e+00  3.70000000e-01  1.32000000e+00  2.57363265e-10  1.32000000e+00  1.32000000e+00 
 1.33000000e+00  3.70000000e-01  1.33000000e+00  2.58335607e-10  1.33000000e+00  1.33000000e+00 
 1.34000000e+00  3.70000000e-01  1.34000000e+00  2.59307701e-10  1.34000000e+00  1.34000000e+00 
 1.35000000e+00  3.70000000e-01  1.35000000e+00  2.60279554e-10  1.35000000e+00  1.35000000e+00 
 1.36000000e+00  3.70000000e-01  1.36000000e+00  2.61251172e-10  1.36000000e+00  1.36000000e+00 
 1.37000000e+00  3.70000000e-01  1.37000000e+00  2.62222562e-10  1.37000000e+00  1.37000000e+00 
 1.38000000e+00  3.70000000e-01  1.38000000e+00  2.63193728e-10  1.38000000e+00  1.38000000e+00 
 1.39000000e+00  3.70000000e-01  1.39000000e+00  2.64164677e-10  1.39000000e+00  1.39000000e+00 
 1.40000000e+00  3.70000000e-01  1.40000000e+00  2.65135414e-10  1.40000000e+00  1.40000000e+00 
 1.41000000e+00  3.70000000e-01  1.41000000e+00  2.66105945e-10  1.41000000e+00  1.41000000e+00 
 1.42000000e+00  3.70000000e-01  1.42000000e+00  2.67076273e-10  1.42000000e+00  1.42000000e+00 
 1.43000000e+00  3.70000000e-01  1.43000000e+00  2.68046405e-10  1.43000000e+00  1.43000000e+00 
 1.44000000e+00  3.70000000e-01  1.44000000e+00  2.69016344e-10  1.44000000e+00  1.44000000e+00 
 1.45000000e+00  3.70000000e-01  1.45000000e+00  2.69986096e-10  1.45000000e+00  1.45000000e+00 
 1.46000000e+00  3.70000000e-01  1.46000000e+00  2.70955665e-10  1.46000000e+00  1.46000000e+00 
 1.47000000e+00  3.70000000e-01  1.47000000e+00  2.71925056e-10  1.47000000e+00  1.47000000e+00 
 1.48000000e+00  3.70000000e-01  1.48000000e+00  2.72894272e-10  1.48000000e+00  1.48000000e+00 
 1.49000000e+00  3.70000000e-01  1.49000000e+00  2.73863317e-10  1.49000000e+00  1.49000000e+00 
 1.50000000e+00  3.70000000e-01  1.50000000e+00  2.74832196e-10  1.50000000e+00  1.50000000e+00 
 1.51000000e+00  3.70000000e-01  1.51000000e+00  2.75800913e-10  1.51000000e+00  1.51000000e+00 
 1.52000000e+00  3.70000000e-01  1.52000000e+00  2.76769471e-10  1.52000000e+00  1.52000000e+00 
 1.53000000e+00  3.70000000e-01  1.53000000e+00  2.77737873e-10  1.53000000e+00  1.53000000e+00 
 1.54000000e+00  3.70000000e-01  1.54000000e+00  2.78706124e-10  1.54000000e+00  1.54000000e+00 
 1.55000000e+00  3.70000000e-01  1.55000000e+00  2.79674226e-10  1.55000000e+00  1.55000000e+00 
 1.56000000e+00  3.70000000e-01  1.56000000e+00  2.80642184e-10  1.56000000e+00  1.56000000e+00 
 1.57000000e+00  3.70000000e-01  1.57000000e+00  2.81610000e-10  1.57000000e+00  1.57000000e+00 
 1.58000000e+00  3.70000000e-01  1.58000000e+00  2.82577677e-10  1.58000000e+00  1.58000000e+00 
 1.59000000e+00  3.70000000e-01  1.59000000e+00  2.83545218e-10  1.59000000e+00  1.59000000e+00 
 1.60000000e+00  3.70000000e-01  1.60000000e+00  2.84512627e-10  1.60000000e+00  1.60000000e+00 
 1.61000000e+00  3.70000000e-01  1.61000000e+00  2.85479906e-10  1.61000000e+00  1.61000000e+00 
 1.62000000e+00  3.70000000e-01  1.62000000e+00  2.86447058e-10  1.62000000e+00  1.62000000e+00 
 1.63000000e+00  3.70000000e-01  1.63000000e+00  2.87414086e-10  1.63000000e+00  1.63000000e+00 
 1.64000000e+00  3.70000000e-01  1.64000000e+00  2.88380992e-10  1.64000000e+00  1.64000000e+00 
 1.65000000e+00  3.70000000e-01  1.65000000e+00  2.89347780e-10  1.65000000e+00  1.65000000e+00 
 1.66000000e+00  3.70000000e-01  1.66000000e+00  2.90314450e-10  1.66000000e+00  1.66000000e+00 
 1.67000000e+00  3.70000000e-01  1.67000000e+00  2.91281007e-10  1.67000000e+00  1.67000000e+00 
 1.68000000e+00  3.70000000e-01  1.68000000e+00  2.92247451e-10  1.68000000e+00  1.68000000e+00 
 1.69000000e+00  3.70000000e-01  1.69000000e+00  2.93213787e-10  1.69000000e+00  1.69000000e+00 
 1.70000000e+00  3.70000000e-01  1.70000000e+00  2.94180015e-10  1.70000000e+00  1.70000000e+00 
 1.71000000e+00  3.70000000e-01  1.71000000e+00  2.95146138e-10  1.71000000e+00  1.71000000e+00 
 1.72000000e+00  3.70000000e-01  1.72000000e+00  2.96112158e-10  1.72000000e+00  1.72000000e+00 
 1.73000000e+00  3.70000000e-01  1.73000000e+00  2.97078078e-10  1.73000000e+00  1.73000000e+00 
 1.74000000e+00  3.70000000e-01  1.74000000e+00  2.98043898e-10  1.74000000e+00  1.74000000e+00 
 1.75000000e+00  3.70000000e-01  1.75000000e+00  2.99009622e-10  1.75000000e+00  1.75000000e+00 
 1.76000000e+00  3.70000000e-01  1.76000000e+00  2.99975251e-10  1.76000000e+00  1.76000000e+00 
 1.77000000e+00  3.70000000e-01  1.77000000e+00  3.00940787e-10  1.77000000e+00  1.77000000e+00 
 1.78000000e+00  3.70000000e-01  1.78000000e+00  3.01906232e-10  1.78000000e+00  1.78000000e+00 
 1.79000000e+00  3.70000000e-01  1.79000000e+00  3.02871587e-10  1.79000000e+00  1.79000000e+00 
 1.80000000e+00  3.70000000e-01  1.80000000e+00  3.03836855e-10  1.80000000e+00  1.80000000e+00 
 1.81000000e+00  3.70000000e-01  1.81000000e+00  3.04802037e-10  1.81000000e+00  1.81000000e+00 
 1.82000000e+00  3.70000000e-01  1.82000000e+00  3.05767134e-10  1.82000000e+00  1.82000000e+00 
 1.83000000e+00  3.70000000e-01  1.83000000e+00  3.06732148e-10  1.83000000e+00  1.83000000e+00 
 1.84000000e+00  3.70000000e-01  1.84000000e+00  3.07697082e-10  1.84000000e+00  1.84000000e+00 
 1.85000000e+00  3.70000000e-01  1.85000000e+00  3.08661936e-10  1.85000000e+00  1.85000000e+00 
