 0.00000000e+00 -1.48000000e+00  0.00000000e+00 -0.00000000e+00  0.00000000e+00  0.00000000e+00 
-1.00000000e-02 -1.48000000e+00 -1.00000000e-02 -1.04730737e-06 -1.00000000e-02 -1.00000000e-02 
-2.00000000e-02 -1.48000000e+00 -2.00000000e-02 -2.08059131e-06 -2.00000000e-02 -2.00000000e-02 
-3.00000000e-02 -1.48000000e+00 -3.00000000e-02 -3.09951834e-06 -3.00000000e-02 -3.00000000e-02 
-4.00000000e-02 -1.48000000e+00 -4.00000000e-02 -4.10379347e-06 -4.00000000e-02 -4.00000000e-02 
-5.00000000e-02 -1.48000000e+00 -5.00000000e-02 -5.09314641e-06 -5.00000000e-02 -5.00000000e-02 
-6.00000000e-02 -1.48000000e+00 -6.00000000e-02 -6.06732371e-06 -6.00000000e-02 -6.00000000e-02 
-7.00000000e-02 -1.48000000e+00 -7.00000000e-02 -7.02608408e-06 -7.00000000e-02 -7.00000000e-02 
-8.00000000e-02 -1.48000000e+00 -8.00000000e-02 -7.96919555e-06 -8.00000000e-02 -8.00000000e-02 
-9.00000000e-02 -1.48000000e+00 -9.00000000e-02 -8.89643376e-06 -9.00000000e-02 -9.00000000e-02 
-1.00000000e-01 -1.48000000e+00 -1.00000000e-01 -9.80758100e-06 -1.00000000e-01 -1.00000000e-01 
-1.10000000e-01 -1.48000000e+00 -1.10000000e-01 -1.07024257e-05 -1.10000000e-01 -1.10000000e-01 
-1.20000000e-01 -1.48000000e+00 -1.20000000e-01 -1.15807625e-05 -1.20000000e-01 -1.20000000e-01 
-1.30000000e-01 -1.48000000e+00 -1.30000000e-01 -1.24423923e-05 -1.30000000e-01 -1.30000000e-01 
-1.40000000e-01 -1.48000000e+00 -1.40000000e-01 -1.32871228e-05 -1.40000000e-01 -1.40000000e-01 
-1.50000000e-01 -1.48000000e+00 -1.50000000e-01 -1.41147691e-05 -1.50000000e-01 -1.50000000e-01 
-1.60000000e-01 -1.48000000e+00 -1.60000000e-01 -1.49251549e-05 -1.60000000e-01 -1.60000000e-01 
-1.70000000e-01 -1.48000000e+00 -1.70000000e-01 -1.57181132e-05 -1.70000000e-01 -1.70000000e-01 
-1.80000000e-01 -1.48000000e+00 -1.80000000e-01 -1.64934876e-05 -1.80000000e-01 -1.80000000e-01 
-1.90000000e-01 -1.48000000e+00 -1.90000000e-01 -1.72511342e-05 -1.90000000e-01 -1.90000000e-01 
-2.00000000e-01 -1.48000000e+00 -2.00000000e-01 -1.79909224e-05 -2.00000000e-01 -2.00000000e-01 
-2.10000000e-01 -1.48000000e+00 -2.10000000e-01 -1.87127377e-05 -2.10000000e-01 -2.10000000e-01 
-2.20000000e-01 -1.48000000e+00 -2.20000000e-01 -1.94164829e-05 -2.20000000e-01 -2.20000000e-01 
-2.30000000e-01 -1.48000000e+00 -2.30000000e-01 -2.01020807e-05 -2.30000000e-01 -2.30000000e-01 
-2.40000000e-01 -1.48000000e+00 -2.40000000e-01 -2.07694756e-05 -2.40000000e-01 -2.40000000e-01 
-2.50000000e-01 -1.48000000e+00 -2.50000000e-01 -2.14186369e-05 -2.50000000e-01 -2.50000000e-01 
-2.60000000e-01 -1.48000000e+00 -2.60000000e-01 -2.20495610e-05 -2.60000000e-01 -2.60000000e-01 
-2.70000000e-01 -1.48000000e+00 -2.70000000e-01 -2.26622735e-05 -2.70000000e-01 -2.70000000e-01 
-2.80000000e-01 -1.48000000e+00 -2.80000000e-01 -2.32568330e-05 -2.80000000e-01 -2.80000000e-01 
-2.90000000e-01 -1.48000000e+00 -2.90000000e-01 -2.38333323e-05 -2.90000000e-01 -2.90000000e-01 
-3.00000000e-01 -1.48000000e+00 -3.00000000e-01 -2.43919021e-05 -3.00000000e-01 -3.00000000e-01 
-3.10000000e-01 -1.48000000e+00 -3.10000000e-01 -2.49327124e-05 -3.10000000e-01 -3.10000000e-01 
-3.20000000e-01 -1.48000000e+00 -3.20000000e-01 -2.54559746e-05 -3.20000000e-01 -3.20000000e-01 
-3.30000000e-01 -1.48000000e+00 -3.30000000e-01 -2.59619434e-05 -3.30000000e-01 -3.30000000e-01 
-3.40000000e-01 -1.48000000e+00 -3.40000000e-01 -2.64509174e-05 -3.40000000e-01 -3.40000000e-01 
-3.50000000e-01 -1.48000000e+00 -3.50000000e-01 -2.69232395e-05 -3.50000000e-01 -3.50000000e-01 
-3.60000000e-01 -1.48000000e+00 -3.60000000e-01 -2.73792966e-05 -3.60000000e-01 -3.60000000e-01 
-3.70000000e-01 -1.48000000e+00 -3.70000000e-01 -2.78195186e-05 -3.70000000e-01 -3.70000000e-01 
-3.80000000e-01 -1.48000000e+00 -3.80000000e-01 -2.82443760e-05 -3.80000000e-01 -3.80000000e-01 
-3.90000000e-01 -1.48000000e+00 -3.90000000e-01 -2.86543776e-05 -3.90000000e-01 -3.90000000e-01 
-4.00000000e-01 -1.48000000e+00 -4.00000000e-01 -2.90500663e-05 -4.00000000e-01 -4.00000000e-01 
-4.10000000e-01 -1.48000000e+00 -4.10000000e-01 -2.94320153e-05 -4.10000000e-01 -4.10000000e-01 
-4.20000000e-01 -1.48000000e+00 -4.20000000e-01 -2.98008223e-05 -4.20000000e-01 -4.20000000e-01 
-4.30000000e-01 -1.48000000e+00 -4.30000000e-01 -3.01571047e-05 -4.30000000e-01 -4.30000000e-01 
-4.40000000e-01 -1.48000000e+00 -4.40000000e-01 -3.05014931e-05 -4.40000000e-01 -4.40000000e-01 
-4.50000000e-01 -1.48000000e+00 -4.50000000e-01 -3.08346258e-05 -4.50000000e-01 -4.50000000e-01 
-4.60000000e-01 -1.48000000e+00 -4.60000000e-01 -3.11571425e-05 -4.60000000e-01 -4.60000000e-01 
-4.70000000e-01 -1.48000000e+00 -4.70000000e-01 -3.14696788e-05 -4.70000000e-01 -4.70000000e-01 
-4.80000000e-01 -1.48000000e+00 -4.80000000e-01 -3.17728608e-05 -4.80000000e-01 -4.80000000e-01 
-4.90000000e-01 -1.48000000e+00 -4.90000000e-01 -3.20673002e-05 -4.90000000e-01 -4.90000000e-01 
-5.00000000e-01 -1.48000000e+00 -5.00000000e-01 -3.23535902e-05 -5.00000000e-01 -5.00000000e-01 
-5.10000000e-01 -1.48000000e+00 -5.10000000e-01 -3.26323022e-05 -5.10000000e-01 -5.10000000e-01 
-5.20000000e-01 -1.48000000e+00 -5.20000000e-01 -3.29039828e-05 -5.20000000e-01 -5.20000000e-01 
-5.30000000e-01 -1.48000000e+00 -5.30000000e-01 -3.31691518e-05 -5.30000000e-01 -5.30000000e-01 
-5.40000000e-01 -1.48000000e+00 -5.40000000e-01 -3.34283007e-05 -5.40000000e-01 -5.40000000e-01 
-5.50000000e-01 -1.48000000e+00 -5.50000000e-01 -3.36818922e-05 -5.50000000e-01 -5.50000000e-01 
-5.60000000e-01 -1.48000000e+00 -5.60000000e-01 -3.39303596e-05 -5.60000000e-01 -5.60000000e-01 
-5.70000000e-01 -1.48000000e+00 -5.70000000e-01 -3.41741072e-05 -5.70000000e-01 -5.70000000e-01 
-5.80000000e-01 -1.48000000e+00 -5.80000000e-01 -3.44135107e-05 -5.80000000e-01 -5.80000000e-01 
-5.90000000e-01 -1.48000000e+00 -5.90000000e-01 -3.46489185e-05 -5.90000000e-01 -5.90000000e-01 
-6.00000000e-01 -1.48000000e+00 -6.00000000e-01 -3.48806524e-05 -6.00000000e-01 -6.00000000e-01 
-6.10000000e-01 -1.48000000e+00 -6.10000000e-01 -3.51090090e-05 -6.10000000e-01 -6.10000000e-01 
-6.20000000e-01 -1.48000000e+00 -6.20000000e-01 -3.53342614e-05 -6.20000000e-01 -6.20000000e-01 
-6.30000000e-01 -1.48000000e+00 -6.30000000e-01 -3.55566602e-05 -6.30000000e-01 -6.30000000e-01 
-6.40000000e-01 -1.48000000e+00 -6.40000000e-01 -3.57764354e-05 -6.40000000e-01 -6.40000000e-01 
-6.50000000e-01 -1.48000000e+00 -6.50000000e-01 -3.59937976e-05 -6.50000000e-01 -6.50000000e-01 
-6.60000000e-01 -1.48000000e+00 -6.60000000e-01 -3.62089396e-05 -6.60000000e-01 -6.60000000e-01 
-6.70000000e-01 -1.48000000e+00 -6.70000000e-01 -3.64220377e-05 -6.70000000e-01 -6.70000000e-01 
-6.80000000e-01 -1.48000000e+00 -6.80000000e-01 -3.66332532e-05 -6.80000000e-01 -6.80000000e-01 
-6.90000000e-01 -1.48000000e+00 -6.90000000e-01 -3.68427334e-05 -6.90000000e-01 -6.90000000e-01 
-7.00000000e-01 -1.48000000e+00 -7.00000000e-01 -3.70506131e-05 -7.00000000e-01 -7.00000000e-01 
-7.10000000e-01 -1.48000000e+00 -7.10000000e-01 -3.72570152e-05 -7.10000000e-01 -7.10000000e-01 
-7.20000000e-01 -1.48000000e+00 -7.20000000e-01 -3.74620522e-05 -7.20000000e-01 -7.20000000e-01 
-7.30000000e-01 -1.48000000e+00 -7.30000000e-01 -3.76658271e-05 -7.30000000e-01 -7.30000000e-01 
-7.40000000e-01 -1.48000000e+00 -7.40000000e-01 -3.78684339e-05 -7.40000000e-01 -7.40000000e-01 
-7.50000000e-01 -1.48000000e+00 -7.50000000e-01 -3.80699587e-05 -7.50000000e-01 -7.50000000e-01 
-7.60000000e-01 -1.48000000e+00 -7.60000000e-01 -3.82704803e-05 -7.60000000e-01 -7.60000000e-01 
-7.70000000e-01 -1.48000000e+00 -7.70000000e-01 -3.84700709e-05 -7.70000000e-01 -7.70000000e-01 
-7.80000000e-01 -1.48000000e+00 -7.80000000e-01 -3.86687967e-05 -7.80000000e-01 -7.80000000e-01 
-7.90000000e-01 -1.48000000e+00 -7.90000000e-01 -3.88667184e-05 -7.90000000e-01 -7.90000000e-01 
-8.00000000e-01 -1.48000000e+00 -8.00000000e-01 -3.90638918e-05 -8.00000000e-01 -8.00000000e-01 
-8.10000000e-01 -1.48000000e+00 -8.10000000e-01 -3.92603680e-05 -8.10000000e-01 -8.10000000e-01 
-8.20000000e-01 -1.48000000e+00 -8.20000000e-01 -3.94561942e-05 -8.20000000e-01 -8.20000000e-01 
-8.30000000e-01 -1.48000000e+00 -8.30000000e-01 -3.96514137e-05 -8.30000000e-01 -8.30000000e-01 
-8.40000000e-01 -1.48000000e+00 -8.40000000e-01 -3.98460664e-05 -8.40000000e-01 -8.40000000e-01 
-8.50000000e-01 -1.48000000e+00 -8.50000000e-01 -4.00401890e-05 -8.50000000e-01 -8.50000000e-01 
-8.60000000e-01 -1.48000000e+00 -8.60000000e-01 -4.02338156e-05 -8.60000000e-01 -8.60000000e-01 
-8.70000000e-01 -1.48000000e+00 -8.70000000e-01 -4.04269775e-05 -8.70000000e-01 -8.70000000e-01 
-8.80000000e-01 -1.48000000e+00 -8.80000000e-01 -4.06197036e-05 -8.80000000e-01 -8.80000000e-01 
-8.90000000e-01 -1.48000000e+00 -8.90000000e-01 -4.08120208e-05 -8.90000000e-01 -8.90000000e-01 
-9.00000000e-01 -1.48000000e+00 -9.00000000e-01 -4.10039539e-05 -9.00000000e-01 -9.00000000e-01 
-9.10000000e-01 -1.48000000e+00 -9.10000000e-01 -4.11955259e-05 -9.10000000e-01 -9.10000000e-01 
-9.20000000e-01 -1.48000000e+00 -9.20000000e-01 -4.13867581e-05 -9.20000000e-01 -9.20000000e-01 
-9.30000000e-01 -1.48000000e+00 -9.30000000e-01 -4.15776703e-05 -9.30000000e-01 -9.30000000e-01 
-9.40000000e-01 -1.48000000e+00 -9.40000000e-01 -4.17682810e-05 -9.40000000e-01 -9.40000000e-01 
-9.50000000e-01 -1.48000000e+00 -9.50000000e-01 -4.19586072e-05 -9.50000000e-01 -9.50000000e-01 
-9.60000000e-01 -1.48000000e+00 -9.60000000e-01 -4.21486650e-05 -9.60000000e-01 -9.60000000e-01 
-9.70000000e-01 -1.48000000e+00 -9.70000000e-01 -4.23384691e-05 -9.70000000e-01 -9.70000000e-01 
-9.80000000e-01 -1.48000000e+00 -9.80000000e-01 -4.25280334e-05 -9.80000000e-01 -9.80000000e-01 
-9.90000000e-01 -1.48000000e+00 -9.90000000e-01 -4.27173708e-05 -9.90000000e-01 -9.90000000e-01 
-1.00000000e+00 -1.48000000e+00 -1.00000000e+00 -4.29064934e-05 -1.00000000e+00 -1.00000000e+00 
-1.01000000e+00 -1.48000000e+00 -1.01000000e+00 -4.30954124e-05 -1.01000000e+00 -1.01000000e+00 
-1.02000000e+00 -1.48000000e+00 -1.02000000e+00 -4.32841385e-05 -1.02000000e+00 -1.02000000e+00 
-1.03000000e+00 -1.48000000e+00 -1.03000000e+00 -4.34726815e-05 -1.03000000e+00 -1.03000000e+00 
-1.04000000e+00 -1.48000000e+00 -1.04000000e+00 -4.36610506e-05 -1.04000000e+00 -1.04000000e+00 
-1.05000000e+00 -1.48000000e+00 -1.05000000e+00 -4.38492546e-05 -1.05000000e+00 -1.05000000e+00 
-1.06000000e+00 -1.48000000e+00 -1.06000000e+00 -4.40373016e-05 -1.06000000e+00 -1.06000000e+00 
-1.07000000e+00 -1.48000000e+00 -1.07000000e+00 -4.42251992e-05 -1.07000000e+00 -1.07000000e+00 
-1.08000000e+00 -1.48000000e+00 -1.08000000e+00 -4.44129546e-05 -1.08000000e+00 -1.08000000e+00 
-1.09000000e+00 -1.48000000e+00 -1.09000000e+00 -4.46005747e-05 -1.09000000e+00 -1.09000000e+00 
-1.10000000e+00 -1.48000000e+00 -1.10000000e+00 -4.47880656e-05 -1.10000000e+00 -1.10000000e+00 
-1.11000000e+00 -1.48000000e+00 -1.11000000e+00 -4.49754336e-05 -1.11000000e+00 -1.11000000e+00 
-1.12000000e+00 -1.48000000e+00 -1.12000000e+00 -4.51626841e-05 -1.12000000e+00 -1.12000000e+00 
-1.13000000e+00 -1.48000000e+00 -1.13000000e+00 -4.53498226e-05 -1.13000000e+00 -1.13000000e+00 
-1.14000000e+00 -1.48000000e+00 -1.14000000e+00 -4.55368540e-05 -1.14000000e+00 -1.14000000e+00 
-1.15000000e+00 -1.48000000e+00 -1.15000000e+00 -4.57237831e-05 -1.15000000e+00 -1.15000000e+00 
-1.16000000e+00 -1.48000000e+00 -1.16000000e+00 -4.59106144e-05 -1.16000000e+00 -1.16000000e+00 
-1.17000000e+00 -1.48000000e+00 -1.17000000e+00 -4.60973522e-05 -1.17000000e+00 -1.17000000e+00 
-1.18000000e+00 -1.48000000e+00 -1.18000000e+00 -4.62840004e-05 -1.18000000e+00 -1.18000000e+00 
-1.19000000e+00 -1.48000000e+00 -1.19000000e+00 -4.64705628e-05 -1.19000000e+00 -1.19000000e+00 
-1.20000000e+00 -1.48000000e+00 -1.20000000e+00 -4.66570431e-05 -1.20000000e+00 -1.20000000e+00 
-1.21000000e+00 -1.48000000e+00 -1.21000000e+00 -4.68434447e-05 -1.21000000e+00 -1.21000000e+00 
-1.22000000e+00 -1.48000000e+00 -1.22000000e+00 -4.70297707e-05 -1.22000000e+00 -1.22000000e+00 
-1.23000000e+00 -1.48000000e+00 -1.23000000e+00 -4.72160243e-05 -1.23000000e+00 -1.23000000e+00 
-1.24000000e+00 -1.48000000e+00 -1.24000000e+00 -4.74022084e-05 -1.24000000e+00 -1.24000000e+00 
-1.25000000e+00 -1.48000000e+00 -1.25000000e+00 -4.75883258e-05 -1.25000000e+00 -1.25000000e+00 
-1.26000000e+00 -1.48000000e+00 -1.26000000e+00 -4.77743790e-05 -1.26000000e+00 -1.26000000e+00 
-1.27000000e+00 -1.48000000e+00 -1.27000000e+00 -4.79603706e-05 -1.27000000e+00 -1.27000000e+00 
-1.28000000e+00 -1.48000000e+00 -1.28000000e+00 -4.81463030e-05 -1.28000000e+00 -1.28000000e+00 
-1.29000000e+00 -1.48000000e+00 -1.29000000e+00 -4.83321784e-05 -1.29000000e+00 -1.29000000e+00 
-1.30000000e+00 -1.48000000e+00 -1.30000000e+00 -4.85179990e-05 -1.30000000e+00 -1.30000000e+00 
-1.31000000e+00 -1.48000000e+00 -1.31000000e+00 -4.87037669e-05 -1.31000000e+00 -1.31000000e+00 
-1.32000000e+00 -1.48000000e+00 -1.32000000e+00 -4.88894840e-05 -1.32000000e+00 -1.32000000e+00 
-1.33000000e+00 -1.48000000e+00 -1.33000000e+00 -4.90751521e-05 -1.33000000e+00 -1.33000000e+00 
-1.34000000e+00 -1.48000000e+00 -1.34000000e+00 -4.92607732e-05 -1.34000000e+00 -1.34000000e+00 
-1.35000000e+00 -1.48000000e+00 -1.35000000e+00 -4.94463488e-05 -1.35000000e+00 -1.35000000e+00 
-1.36000000e+00 -1.48000000e+00 -1.36000000e+00 -4.96318806e-05 -1.36000000e+00 -1.36000000e+00 
-1.37000000e+00 -1.48000000e+00 -1.37000000e+00 -4.98173702e-05 -1.37000000e+00 -1.37000000e+00 
-1.38000000e+00 -1.48000000e+00 -1.38000000e+00 -5.00028190e-05 -1.38000000e+00 -1.38000000e+00 
-1.39000000e+00 -1.48000000e+00 -1.39000000e+00 -5.01882285e-05 -1.39000000e+00 -1.39000000e+00 
-1.40000000e+00 -1.48000000e+00 -1.40000000e+00 -5.03736000e-05 -1.40000000e+00 -1.40000000e+00 
-1.41000000e+00 -1.48000000e+00 -1.41000000e+00 -5.05589348e-05 -1.41000000e+00 -1.41000000e+00 
-1.42000000e+00 -1.48000000e+00 -1.42000000e+00 -5.07442342e-05 -1.42000000e+00 -1.42000000e+00 
-1.43000000e+00 -1.48000000e+00 -1.43000000e+00 -5.09294994e-05 -1.43000000e+00 -1.43000000e+00 
-1.44000000e+00 -1.48000000e+00 -1.44000000e+00 -5.11147316e-05 -1.44000000e+00 -1.44000000e+00 
-1.45000000e+00 -1.48000000e+00 -1.45000000e+00 -5.12999317e-05 -1.45000000e+00 -1.45000000e+00 
-1.46000000e+00 -1.48000000e+00 -1.46000000e+00 -5.14851009e-05 -1.46000000e+00 -1.46000000e+00 
-1.47000000e+00 -1.48000000e+00 -1.47000000e+00 -5.16702402e-05 -1.47000000e+00 -1.47000000e+00 
-1.48000000e+00 -1.48000000e+00 -1.48000000e+00 -5.18553505e-05 -1.48000000e+00 -1.48000000e+00 
-1.49000000e+00 -1.48000000e+00 -1.49000000e+00 -5.20404328e-05 -1.49000000e+00 -1.49000000e+00 
-1.50000000e+00 -1.48000000e+00 -1.50000000e+00 -5.22254880e-05 -1.50000000e+00 -1.50000000e+00 
-1.51000000e+00 -1.48000000e+00 -1.51000000e+00 -5.24105169e-05 -1.51000000e+00 -1.51000000e+00 
-1.52000000e+00 -1.48000000e+00 -1.52000000e+00 -5.25955204e-05 -1.52000000e+00 -1.52000000e+00 
-1.53000000e+00 -1.48000000e+00 -1.53000000e+00 -5.27804992e-05 -1.53000000e+00 -1.53000000e+00 
-1.54000000e+00 -1.48000000e+00 -1.54000000e+00 -5.29654542e-05 -1.54000000e+00 -1.54000000e+00 
-1.55000000e+00 -1.48000000e+00 -1.55000000e+00 -5.31503860e-05 -1.55000000e+00 -1.55000000e+00 
-1.56000000e+00 -1.48000000e+00 -1.56000000e+00 -5.33352953e-05 -1.56000000e+00 -1.56000000e+00 
-1.57000000e+00 -1.48000000e+00 -1.57000000e+00 -5.35201829e-05 -1.57000000e+00 -1.57000000e+00 
-1.58000000e+00 -1.48000000e+00 -1.58000000e+00 -5.37050494e-05 -1.58000000e+00 -1.58000000e+00 
-1.59000000e+00 -1.48000000e+00 -1.59000000e+00 -5.38898954e-05 -1.59000000e+00 -1.59000000e+00 
-1.60000000e+00 -1.48000000e+00 -1.60000000e+00 -5.40747215e-05 -1.60000000e+00 -1.60000000e+00 
-1.61000000e+00 -1.48000000e+00 -1.61000000e+00 -5.42595284e-05 -1.61000000e+00 -1.61000000e+00 
-1.62000000e+00 -1.48000000e+00 -1.62000000e+00 -5.44443165e-05 -1.62000000e+00 -1.62000000e+00 
-1.63000000e+00 -1.48000000e+00 -1.63000000e+00 -5.46290865e-05 -1.63000000e+00 -1.63000000e+00 
-1.64000000e+00 -1.48000000e+00 -1.64000000e+00 -5.48138388e-05 -1.64000000e+00 -1.64000000e+00 
-1.65000000e+00 -1.48000000e+00 -1.65000000e+00 -5.49985740e-05 -1.65000000e+00 -1.65000000e+00 
-1.66000000e+00 -1.48000000e+00 -1.66000000e+00 -5.51832926e-05 -1.66000000e+00 -1.66000000e+00 
-1.67000000e+00 -1.48000000e+00 -1.67000000e+00 -5.53679949e-05 -1.67000000e+00 -1.67000000e+00 
-1.68000000e+00 -1.48000000e+00 -1.68000000e+00 -5.55526816e-05 -1.68000000e+00 -1.68000000e+00 
-1.69000000e+00 -1.48000000e+00 -1.69000000e+00 -5.57373530e-05 -1.69000000e+00 -1.69000000e+00 
-1.70000000e+00 -1.48000000e+00 -1.70000000e+00 -5.59220095e-05 -1.70000000e+00 -1.70000000e+00 
-1.71000000e+00 -1.48000000e+00 -1.71000000e+00 -5.61066516e-05 -1.71000000e+00 -1.71000000e+00 
-1.72000000e+00 -1.48000000e+00 -1.72000000e+00 -5.62912797e-05 -1.72000000e+00 -1.72000000e+00 
-1.73000000e+00 -1.48000000e+00 -1.73000000e+00 -5.64758941e-05 -1.73000000e+00 -1.73000000e+00 
-1.74000000e+00 -1.48000000e+00 -1.74000000e+00 -5.66604952e-05 -1.74000000e+00 -1.74000000e+00 
-1.75000000e+00 -1.48000000e+00 -1.75000000e+00 -5.68450834e-05 -1.75000000e+00 -1.75000000e+00 
-1.76000000e+00 -1.48000000e+00 -1.76000000e+00 -5.70296591e-05 -1.76000000e+00 -1.76000000e+00 
-1.77000000e+00 -1.48000000e+00 -1.77000000e+00 -5.72142225e-05 -1.77000000e+00 -1.77000000e+00 
-1.78000000e+00 -1.48000000e+00 -1.78000000e+00 -5.73987740e-05 -1.78000000e+00 -1.78000000e+00 
-1.79000000e+00 -1.48000000e+00 -1.79000000e+00 -5.75833139e-05 -1.79000000e+00 -1.79000000e+00 
-1.80000000e+00 -1.48000000e+00 -1.80000000e+00 -5.77678425e-05 -1.80000000e+00 -1.80000000e+00 
-1.81000000e+00 -1.48000000e+00 -1.81000000e+00 -5.79523602e-05 -1.81000000e+00 -1.81000000e+00 
-1.82000000e+00 -1.48000000e+00 -1.82000000e+00 -5.81368672e-05 -1.82000000e+00 -1.82000000e+00 
-1.83000000e+00 -1.48000000e+00 -1.83000000e+00 -5.83213637e-05 -1.83000000e+00 -1.83000000e+00 
-1.84000000e+00 -1.48000000e+00 -1.84000000e+00 -5.85058501e-05 -1.84000000e+00 -1.84000000e+00 
-1.85000000e+00 -1.48000000e+00 -1.85000000e+00 -5.86903267e-05 -1.85000000e+00 -1.85000000e+00 
