 0.00000000e+00 -1.11000000e+00  0.00000000e+00 -0.00000000e+00  0.00000000e+00  0.00000000e+00 
-1.00000000e-02 -1.11000000e+00 -1.00000000e-02 -3.27455153e-07 -1.00000000e-02 -1.00000000e-02 
-2.00000000e-02 -1.11000000e+00 -2.00000000e-02 -6.30462439e-07 -2.00000000e-02 -2.00000000e-02 
-3.00000000e-02 -1.11000000e+00 -3.00000000e-02 -9.09399088e-07 -3.00000000e-02 -3.00000000e-02 
-4.00000000e-02 -1.11000000e+00 -4.00000000e-02 -1.16502333e-06 -4.00000000e-02 -4.00000000e-02 
-5.00000000e-02 -1.11000000e+00 -5.00000000e-02 -1.39837480e-06 -5.00000000e-02 -5.00000000e-02 
-6.00000000e-02 -1.11000000e+00 -6.00000000e-02 -1.61073385e-06 -6.00000000e-02 -6.00000000e-02 
-7.00000000e-02 -1.11000000e+00 -7.00000000e-02 -1.80358434e-06 -7.00000000e-02 -7.00000000e-02 
-8.00000000e-02 -1.11000000e+00 -8.00000000e-02 -1.97856763e-06 -8.00000000e-02 -8.00000000e-02 
-9.00000000e-02 -1.11000000e+00 -9.00000000e-02 -2.13742640e-06 -9.00000000e-02 -9.00000000e-02 
-1.00000000e-01 -1.11000000e+00 -1.00000000e-01 -2.28194239e-06 -1.00000000e-01 -1.00000000e-01 
-1.10000000e-01 -1.11000000e+00 -1.10000000e-01 -2.41387440e-06 -1.10000000e-01 -1.10000000e-01 
-1.20000000e-01 -1.11000000e+00 -1.20000000e-01 -2.53490321e-06 -1.20000000e-01 -1.20000000e-01 
-1.30000000e-01 -1.11000000e+00 -1.30000000e-01 -2.64658862e-06 -1.30000000e-01 -1.30000000e-01 
-1.40000000e-01 -1.11000000e+00 -1.40000000e-01 -2.75034104e-06 -1.40000000e-01 -1.40000000e-01 
-1.50000000e-01 -1.11000000e+00 -1.50000000e-01 -2.84740758e-06 -1.50000000e-01 -1.50000000e-01 
-1.60000000e-01 -1.11000000e+00 -1.60000000e-01 -2.93887047e-06 -1.60000000e-01 -1.60000000e-01 
-1.70000000e-01 -1.11000000e+00 -1.70000000e-01 -3.02565464e-06 -1.70000000e-01 -1.70000000e-01 
-1.80000000e-01 -1.11000000e+00 -1.80000000e-01 -3.10854112e-06 -1.80000000e-01 -1.80000000e-01 
-1.90000000e-01 -1.11000000e+00 -1.90000000e-01 -3.18818345e-06 -1.90000000e-01 -1.90000000e-01 
-2.00000000e-01 -1.11000000e+00 -2.00000000e-01 -3.26512493e-06 -2.00000000e-01 -2.00000000e-01 
-2.10000000e-01 -1.11000000e+00 -2.10000000e-01 -3.33981519e-06 -2.10000000e-01 -2.10000000e-01 
-2.20000000e-01 -1.11000000e+00 -2.20000000e-01 -3.41262545e-06 -2.20000000e-01 -2.20000000e-01 
-2.30000000e-01 -1.11000000e+00 -2.30000000e-01 -3.48386178e-06 -2.30000000e-01 -2.30000000e-01 
-2.40000000e-01 -1.11000000e+00 -2.40000000e-01 -3.55377660e-06 -2.40000000e-01 -2.40000000e-01 
-2.50000000e-01 -1.11000000e+00 -2.50000000e-01 -3.62257829e-06 -2.50000000e-01 -2.50000000e-01 
-2.60000000e-01 -1.11000000e+00 -2.60000000e-01 -3.69043916e-06 -2.60000000e-01 -2.60000000e-01 
-2.70000000e-01 -1.11000000e+00 -2.70000000e-01 -3.75750204e-06 -2.70000000e-01 -2.70000000e-01 
-2.80000000e-01 -1.11000000e+00 -2.80000000e-01 -3.82388564e-06 -2.80000000e-01 -2.80000000e-01 
-2.90000000e-01 -1.11000000e+00 -2.90000000e-01 -3.88968893e-06 -2.90000000e-01 -2.90000000e-01 
-3.00000000e-01 -1.11000000e+00 -3.00000000e-01 -3.95499468e-06 -3.00000000e-01 -3.00000000e-01 
-3.10000000e-01 -1.11000000e+00 -3.10000000e-01 -4.01987237e-06 -3.10000000e-01 -3.10000000e-01 
-3.20000000e-01 -1.11000000e+00 -3.20000000e-01 -4.08438049e-06 -3.20000000e-01 -3.20000000e-01 
-3.30000000e-01 -1.11000000e+00 -3.30000000e-01 -4.14856847e-06 -3.30000000e-01 -3.30000000e-01 
-3.40000000e-01 -1.11000000e+00 -3.40000000e-01 -4.21247825e-06 -3.40000000e-01 -3.40000000e-01 
-3.50000000e-01 -1.11000000e+00 -3.50000000e-01 -4.27614551e-06 -3.50000000e-01 -3.50000000e-01 
-3.60000000e-01 -1.11000000e+00 -3.60000000e-01 -4.33960069e-06 -3.60000000e-01 -3.60000000e-01 
-3.70000000e-01 -1.11000000e+00 -3.70000000e-01 -4.40286992e-06 -3.70000000e-01 -3.70000000e-01 
-3.80000000e-01 -1.11000000e+00 -3.80000000e-01 -4.46597563e-06 -3.80000000e-01 -3.80000000e-01 
-3.90000000e-01 -1.11000000e+00 -3.90000000e-01 -4.52893716e-06 -3.90000000e-01 -3.90000000e-01 
-4.00000000e-01 -1.11000000e+00 -4.00000000e-01 -4.59177126e-06 -4.00000000e-01 -4.00000000e-01 
-4.10000000e-01 -1.11000000e+00 -4.10000000e-01 -4.65449244e-06 -4.10000000e-01 -4.10000000e-01 
-4.20000000e-01 -1.11000000e+00 -4.20000000e-01 -4.71711335e-06 -4.20000000e-01 -4.20000000e-01 
-4.30000000e-01 -1.11000000e+00 -4.30000000e-01 -4.77964501e-06 -4.30000000e-01 -4.30000000e-01 
-4.40000000e-01 -1.11000000e+00 -4.40000000e-01 -4.84209708e-06 -4.40000000e-01 -4.40000000e-01 
-4.50000000e-01 -1.11000000e+00 -4.50000000e-01 -4.90447801e-06 -4.50000000e-01 -4.50000000e-01 
-4.60000000e-01 -1.11000000e+00 -4.60000000e-01 -4.96679527e-06 -4.60000000e-01 -4.60000000e-01 
-4.70000000e-01 -1.11000000e+00 -4.70000000e-01 -5.02905541e-06 -4.70000000e-01 -4.70000000e-01 
-4.80000000e-01 -1.11000000e+00 -4.80000000e-01 -5.09126424e-06 -4.80000000e-01 -4.80000000e-01 
-4.90000000e-01 -1.11000000e+00 -4.90000000e-01 -5.15342690e-06 -4.90000000e-01 -4.90000000e-01 
-5.00000000e-01 -1.11000000e+00 -5.00000000e-01 -5.21554797e-06 -5.00000000e-01 -5.00000000e-01 
-5.10000000e-01 -1.11000000e+00 -5.10000000e-01 -5.27763149e-06 -5.10000000e-01 -5.10000000e-01 
-5.20000000e-01 -1.11000000e+00 -5.20000000e-01 -5.33968111e-06 -5.20000000e-01 -5.20000000e-01 
-5.30000000e-01 -1.11000000e+00 -5.30000000e-01 -5.40170004e-06 -5.30000000e-01 -5.30000000e-01 
-5.40000000e-01 -1.11000000e+00 -5.40000000e-01 -5.46369119e-06 -5.40000000e-01 -5.40000000e-01 
-5.50000000e-01 -1.11000000e+00 -5.50000000e-01 -5.52565716e-06 -5.50000000e-01 -5.50000000e-01 
-5.60000000e-01 -1.11000000e+00 -5.60000000e-01 -5.58760028e-06 -5.60000000e-01 -5.60000000e-01 
-5.70000000e-01 -1.11000000e+00 -5.70000000e-01 -5.64952265e-06 -5.70000000e-01 -5.70000000e-01 
-5.80000000e-01 -1.11000000e+00 -5.80000000e-01 -5.71142616e-06 -5.80000000e-01 -5.80000000e-01 
-5.90000000e-01 -1.11000000e+00 -5.90000000e-01 -5.77331253e-06 -5.90000000e-01 -5.90000000e-01 
-6.00000000e-01 -1.11000000e+00 -6.00000000e-01 -5.83518329e-06 -6.00000000e-01 -6.00000000e-01 
-6.10000000e-01 -1.11000000e+00 -6.10000000e-01 -5.89703985e-06 -6.10000000e-01 -6.10000000e-01 
-6.20000000e-01 -1.11000000e+00 -6.20000000e-01 -5.95888347e-06 -6.20000000e-01 -6.20000000e-01 
-6.30000000e-01 -1.11000000e+00 -6.30000000e-01 -6.02071531e-06 -6.30000000e-01 -6.30000000e-01 
-6.40000000e-01 -1.11000000e+00 -6.40000000e-01 -6.08253641e-06 -6.40000000e-01 -6.40000000e-01 
-6.50000000e-01 -1.11000000e+00 -6.50000000e-01 -6.14434773e-06 -6.50000000e-01 -6.50000000e-01 
-6.60000000e-01 -1.11000000e+00 -6.60000000e-01 -6.20615015e-06 -6.60000000e-01 -6.60000000e-01 
-6.70000000e-01 -1.11000000e+00 -6.70000000e-01 -6.26794444e-06 -6.70000000e-01 -6.70000000e-01 
-6.80000000e-01 -1.11000000e+00 -6.80000000e-01 -6.32973134e-06 -6.80000000e-01 -6.80000000e-01 
-6.90000000e-01 -1.11000000e+00 -6.90000000e-01 -6.39151151e-06 -6.90000000e-01 -6.90000000e-01 
-7.00000000e-01 -1.11000000e+00 -7.00000000e-01 -6.45328556e-06 -7.00000000e-01 -7.00000000e-01 
-7.10000000e-01 -1.11000000e+00 -7.10000000e-01 -6.51505404e-06 -7.10000000e-01 -7.10000000e-01 
-7.20000000e-01 -1.11000000e+00 -7.20000000e-01 -6.57681747e-06 -7.20000000e-01 -7.20000000e-01 
-7.30000000e-01 -1.11000000e+00 -7.30000000e-01 -6.63857632e-06 -7.30000000e-01 -7.30000000e-01 
-7.40000000e-01 -1.11000000e+00 -7.40000000e-01 -6.70033100e-06 -7.40000000e-01 -7.40000000e-01 
-7.50000000e-01 -1.11000000e+00 -7.50000000e-01 -6.76208193e-06 -7.50000000e-01 -7.50000000e-01 
-7.60000000e-01 -1.11000000e+00 -7.60000000e-01 -6.82382947e-06 -7.60000000e-01 -7.60000000e-01 
-7.70000000e-01 -1.11000000e+00 -7.70000000e-01 -6.88557395e-06 -7.70000000e-01 -7.70000000e-01 
-7.80000000e-01 -1.11000000e+00 -7.80000000e-01 -6.94731568e-06 -7.80000000e-01 -7.80000000e-01 
-7.90000000e-01 -1.11000000e+00 -7.90000000e-01 -7.00905496e-06 -7.90000000e-01 -7.90000000e-01 
-8.00000000e-01 -1.11000000e+00 -8.00000000e-01 -7.07079204e-06 -8.00000000e-01 -8.00000000e-01 
-8.10000000e-01 -1.11000000e+00 -8.10000000e-01 -7.13252717e-06 -8.10000000e-01 -8.10000000e-01 
-8.20000000e-01 -1.11000000e+00 -8.20000000e-01 -7.19426058e-06 -8.20000000e-01 -8.20000000e-01 
-8.30000000e-01 -1.11000000e+00 -8.30000000e-01 -7.25599247e-06 -8.30000000e-01 -8.30000000e-01 
-8.40000000e-01 -1.11000000e+00 -8.40000000e-01 -7.31772304e-06 -8.40000000e-01 -8.40000000e-01 
-8.50000000e-01 -1.11000000e+00 -8.50000000e-01 -7.37945247e-06 -8.50000000e-01 -8.50000000e-01 
-8.60000000e-01 -1.11000000e+00 -8.60000000e-01 -7.44118093e-06 -8.60000000e-01 -8.60000000e-01 
-8.70000000e-01 -1.11000000e+00 -8.70000000e-01 -7.50290856e-06 -8.70000000e-01 -8.70000000e-01 
-8.80000000e-01 -1.11000000e+00 -8.80000000e-01 -7.56463552e-06 -8.80000000e-01 -8.80000000e-01 
-8.90000000e-01 -1.11000000e+00 -8.90000000e-01 -7.62636193e-06 -8.90000000e-01 -8.90000000e-01 
-9.00000000e-01 -1.11000000e+00 -9.00000000e-01 -7.68808792e-06 -9.00000000e-01 -9.00000000e-01 
-9.10000000e-01 -1.11000000e+00 -9.10000000e-01 -7.74981361e-06 -9.10000000e-01 -9.10000000e-01 
-9.20000000e-01 -1.11000000e+00 -9.20000000e-01 -7.81153909e-06 -9.20000000e-01 -9.20000000e-01 
-9.30000000e-01 -1.11000000e+00 -9.30000000e-01 -7.87326447e-06 -9.30000000e-01 -9.30000000e-01 
-9.40000000e-01 -1.11000000e+00 -9.40000000e-01 -7.93498985e-06 -9.40000000e-01 -9.40000000e-01 
-9.50000000e-01 -1.11000000e+00 -9.50000000e-01 -7.99671530e-06 -9.50000000e-01 -9.50000000e-01 
-9.60000000e-01 -1.11000000e+00 -9.60000000e-01 -8.05844091e-06 -9.60000000e-01 -9.60000000e-01 
-9.70000000e-01 -1.11000000e+00 -9.70000000e-01 -8.12016675e-06 -9.70000000e-01 -9.70000000e-01 
-9.80000000e-01 -1.11000000e+00 -9.80000000e-01 -8.18189288e-06 -9.80000000e-01 -9.80000000e-01 
-9.90000000e-01 -1.11000000e+00 -9.90000000e-01 -8.24361939e-06 -9.90000000e-01 -9.90000000e-01 
-1.00000000e+00 -1.11000000e+00 -1.00000000e+00 -8.30534631e-06 -1.00000000e+00 -1.00000000e+00 
-1.01000000e+00 -1.11000000e+00 -1.01000000e+00 -8.36707371e-06 -1.01000000e+00 -1.01000000e+00 
-1.02000000e+00 -1.11000000e+00 -1.02000000e+00 -8.42880165e-06 -1.02000000e+00 -1.02000000e+00 
-1.03000000e+00 -1.11000000e+00 -1.03000000e+00 -8.49053016e-06 -1.03000000e+00 -1.03000000e+00 
-1.04000000e+00 -1.11000000e+00 -1.04000000e+00 -8.55225930e-06 -1.04000000e+00 -1.04000000e+00 
-1.05000000e+00 -1.11000000e+00 -1.05000000e+00 -8.61398910e-06 -1.05000000e+00 -1.05000000e+00 
-1.06000000e+00 -1.11000000e+00 -1.06000000e+00 -8.67571961e-06 -1.06000000e+00 -1.06000000e+00 
-1.07000000e+00 -1.11000000e+00 -1.07000000e+00 -8.73745086e-06 -1.07000000e+00 -1.07000000e+00 
-1.08000000e+00 -1.11000000e+00 -1.08000000e+00 -8.79918288e-06 -1.08000000e+00 -1.08000000e+00 
-1.09000000e+00 -1.11000000e+00 -1.09000000e+00 -8.86091571e-06 -1.09000000e+00 -1.09000000e+00 
-1.10000000e+00 -1.11000000e+00 -1.10000000e+00 -8.92264937e-06 -1.10000000e+00 -1.10000000e+00 
-1.11000000e+00 -1.11000000e+00 -1.11000000e+00 -8.98438389e-06 -1.11000000e+00 -1.11000000e+00 
-1.12000000e+00 -1.11000000e+00 -1.12000000e+00 -9.04611930e-06 -1.12000000e+00 -1.12000000e+00 
-1.13000000e+00 -1.11000000e+00 -1.13000000e+00 -9.10785562e-06 -1.13000000e+00 -1.13000000e+00 
-1.14000000e+00 -1.11000000e+00 -1.14000000e+00 -9.16959287e-06 -1.14000000e+00 -1.14000000e+00 
-1.15000000e+00 -1.11000000e+00 -1.15000000e+00 -9.23133107e-06 -1.15000000e+00 -1.15000000e+00 
-1.16000000e+00 -1.11000000e+00 -1.16000000e+00 -9.29307024e-06 -1.16000000e+00 -1.16000000e+00 
-1.17000000e+00 -1.11000000e+00 -1.17000000e+00 -9.35481039e-06 -1.17000000e+00 -1.17000000e+00 
-1.18000000e+00 -1.11000000e+00 -1.18000000e+00 -9.41655155e-06 -1.18000000e+00 -1.18000000e+00 
-1.19000000e+00 -1.11000000e+00 -1.19000000e+00 -9.47829373e-06 -1.19000000e+00 -1.19000000e+00 
-1.20000000e+00 -1.11000000e+00 -1.20000000e+00 -9.54003694e-06 -1.20000000e+00 -1.20000000e+00 
-1.21000000e+00 -1.11000000e+00 -1.21000000e+00 -9.60178119e-06 -1.21000000e+00 -1.21000000e+00 
-1.22000000e+00 -1.11000000e+00 -1.22000000e+00 -9.66352649e-06 -1.22000000e+00 -1.22000000e+00 
-1.23000000e+00 -1.11000000e+00 -1.23000000e+00 -9.72527286e-06 -1.23000000e+00 -1.23000000e+00 
-1.24000000e+00 -1.11000000e+00 -1.24000000e+00 -9.78702030e-06 -1.24000000e+00 -1.24000000e+00 
-1.25000000e+00 -1.11000000e+00 -1.25000000e+00 -9.84876883e-06 -1.25000000e+00 -1.25000000e+00 
-1.26000000e+00 -1.11000000e+00 -1.26000000e+00 -9.91051845e-06 -1.26000000e+00 -1.26000000e+00 
-1.27000000e+00 -1.11000000e+00 -1.27000000e+00 -9.97226916e-06 -1.27000000e+00 -1.27000000e+00 
-1.28000000e+00 -1.11000000e+00 -1.28000000e+00 -1.00340210e-05 -1.28000000e+00 -1.28000000e+00 
-1.29000000e+00 -1.11000000e+00 -1.29000000e+00 -1.00957739e-05 -1.29000000e+00 -1.29000000e+00 
-1.30000000e+00 -1.11000000e+00 -1.30000000e+00 -1.01575280e-05 -1.30000000e+00 -1.30000000e+00 
-1.31000000e+00 -1.11000000e+00 -1.31000000e+00 -1.02192831e-05 -1.31000000e+00 -1.31000000e+00 
-1.32000000e+00 -1.11000000e+00 -1.32000000e+00 -1.02810394e-05 -1.32000000e+00 -1.32000000e+00 
-1.33000000e+00 -1.11000000e+00 -1.33000000e+00 -1.03427968e-05 -1.33000000e+00 -1.33000000e+00 
-1.34000000e+00 -1.11000000e+00 -1.34000000e+00 -1.04045554e-05 -1.34000000e+00 -1.34000000e+00 
-1.35000000e+00 -1.11000000e+00 -1.35000000e+00 -1.04663151e-05 -1.35000000e+00 -1.35000000e+00 
-1.36000000e+00 -1.11000000e+00 -1.36000000e+00 -1.05280759e-05 -1.36000000e+00 -1.36000000e+00 
-1.37000000e+00 -1.11000000e+00 -1.37000000e+00 -1.05898379e-05 -1.37000000e+00 -1.37000000e+00 
-1.38000000e+00 -1.11000000e+00 -1.38000000e+00 -1.06516010e-05 -1.38000000e+00 -1.38000000e+00 
-1.39000000e+00 -1.11000000e+00 -1.39000000e+00 -1.07133652e-05 -1.39000000e+00 -1.39000000e+00 
-1.40000000e+00 -1.11000000e+00 -1.40000000e+00 -1.07751306e-05 -1.40000000e+00 -1.40000000e+00 
-1.41000000e+00 -1.11000000e+00 -1.41000000e+00 -1.08368971e-05 -1.41000000e+00 -1.41000000e+00 
-1.42000000e+00 -1.11000000e+00 -1.42000000e+00 -1.08986648e-05 -1.42000000e+00 -1.42000000e+00 
-1.43000000e+00 -1.11000000e+00 -1.43000000e+00 -1.09604336e-05 -1.43000000e+00 -1.43000000e+00 
-1.44000000e+00 -1.11000000e+00 -1.44000000e+00 -1.10222036e-05 -1.44000000e+00 -1.44000000e+00 
-1.45000000e+00 -1.11000000e+00 -1.45000000e+00 -1.10839747e-05 -1.45000000e+00 -1.45000000e+00 
-1.46000000e+00 -1.11000000e+00 -1.46000000e+00 -1.11457469e-05 -1.46000000e+00 -1.46000000e+00 
-1.47000000e+00 -1.11000000e+00 -1.47000000e+00 -1.12075203e-05 -1.47000000e+00 -1.47000000e+00 
-1.48000000e+00 -1.11000000e+00 -1.48000000e+00 -1.12692949e-05 -1.48000000e+00 -1.48000000e+00 
-1.49000000e+00 -1.11000000e+00 -1.49000000e+00 -1.13310705e-05 -1.49000000e+00 -1.49000000e+00 
-1.50000000e+00 -1.11000000e+00 -1.50000000e+00 -1.13928473e-05 -1.50000000e+00 -1.50000000e+00 
-1.51000000e+00 -1.11000000e+00 -1.51000000e+00 -1.14546253e-05 -1.51000000e+00 -1.51000000e+00 
-1.52000000e+00 -1.11000000e+00 -1.52000000e+00 -1.15164043e-05 -1.52000000e+00 -1.52000000e+00 
-1.53000000e+00 -1.11000000e+00 -1.53000000e+00 -1.15781845e-05 -1.53000000e+00 -1.53000000e+00 
-1.54000000e+00 -1.11000000e+00 -1.54000000e+00 -1.16399659e-05 -1.54000000e+00 -1.54000000e+00 
-1.55000000e+00 -1.11000000e+00 -1.55000000e+00 -1.17017483e-05 -1.55000000e+00 -1.55000000e+00 
-1.56000000e+00 -1.11000000e+00 -1.56000000e+00 -1.17635319e-05 -1.56000000e+00 -1.56000000e+00 
-1.57000000e+00 -1.11000000e+00 -1.57000000e+00 -1.18253166e-05 -1.57000000e+00 -1.57000000e+00 
-1.58000000e+00 -1.11000000e+00 -1.58000000e+00 -1.18871025e-05 -1.58000000e+00 -1.58000000e+00 
-1.59000000e+00 -1.11000000e+00 -1.59000000e+00 -1.19488894e-05 -1.59000000e+00 -1.59000000e+00 
-1.60000000e+00 -1.11000000e+00 -1.60000000e+00 -1.20106775e-05 -1.60000000e+00 -1.60000000e+00 
-1.61000000e+00 -1.11000000e+00 -1.61000000e+00 -1.20724667e-05 -1.61000000e+00 -1.61000000e+00 
-1.62000000e+00 -1.11000000e+00 -1.62000000e+00 -1.21342570e-05 -1.62000000e+00 -1.62000000e+00 
-1.63000000e+00 -1.11000000e+00 -1.63000000e+00 -1.21960483e-05 -1.63000000e+00 -1.63000000e+00 
-1.64000000e+00 -1.11000000e+00 -1.64000000e+00 -1.22578408e-05 -1.64000000e+00 -1.64000000e+00 
-1.65000000e+00 -1.11000000e+00 -1.65000000e+00 -1.23196344e-05 -1.65000000e+00 -1.65000000e+00 
-1.66000000e+00 -1.11000000e+00 -1.66000000e+00 -1.23814291e-05 -1.66000000e+00 -1.66000000e+00 
-1.67000000e+00 -1.11000000e+00 -1.67000000e+00 -1.24432249e-05 -1.67000000e+00 -1.67000000e+00 
-1.68000000e+00 -1.11000000e+00 -1.68000000e+00 -1.25050218e-05 -1.68000000e+00 -1.68000000e+00 
-1.69000000e+00 -1.11000000e+00 -1.69000000e+00 -1.25668198e-05 -1.69000000e+00 -1.69000000e+00 
-1.70000000e+00 -1.11000000e+00 -1.70000000e+00 -1.26286188e-05 -1.70000000e+00 -1.70000000e+00 
-1.71000000e+00 -1.11000000e+00 -1.71000000e+00 -1.26904190e-05 -1.71000000e+00 -1.71000000e+00 
-1.72000000e+00 -1.11000000e+00 -1.72000000e+00 -1.27522202e-05 -1.72000000e+00 -1.72000000e+00 
-1.73000000e+00 -1.11000000e+00 -1.73000000e+00 -1.28140225e-05 -1.73000000e+00 -1.73000000e+00 
-1.74000000e+00 -1.11000000e+00 -1.74000000e+00 -1.28758259e-05 -1.74000000e+00 -1.74000000e+00 
-1.75000000e+00 -1.11000000e+00 -1.75000000e+00 -1.29376303e-05 -1.75000000e+00 -1.75000000e+00 
-1.76000000e+00 -1.11000000e+00 -1.76000000e+00 -1.29994358e-05 -1.76000000e+00 -1.76000000e+00 
-1.77000000e+00 -1.11000000e+00 -1.77000000e+00 -1.30612423e-05 -1.77000000e+00 -1.77000000e+00 
-1.78000000e+00 -1.11000000e+00 -1.78000000e+00 -1.31230499e-05 -1.78000000e+00 -1.78000000e+00 
-1.79000000e+00 -1.11000000e+00 -1.79000000e+00 -1.31848586e-05 -1.79000000e+00 -1.79000000e+00 
-1.80000000e+00 -1.11000000e+00 -1.80000000e+00 -1.32466683e-05 -1.80000000e+00 -1.80000000e+00 
-1.81000000e+00 -1.11000000e+00 -1.81000000e+00 -1.33084791e-05 -1.81000000e+00 -1.81000000e+00 
-1.82000000e+00 -1.11000000e+00 -1.82000000e+00 -1.33702909e-05 -1.82000000e+00 -1.82000000e+00 
-1.83000000e+00 -1.11000000e+00 -1.83000000e+00 -1.34321037e-05 -1.83000000e+00 -1.83000000e+00 
-1.84000000e+00 -1.11000000e+00 -1.84000000e+00 -1.34939176e-05 -1.84000000e+00 -1.84000000e+00 
-1.85000000e+00 -1.11000000e+00 -1.85000000e+00 -1.35557325e-05 -1.85000000e+00 -1.85000000e+00 
