 0.00000000e+00 -1.85000000e+00  0.00000000e+00 -0.00000000e+00  0.00000000e+00  0.00000000e+00 
-1.00000000e-02 -1.85000000e+00 -1.00000000e-02 -1.29092426e-06 -1.00000000e-02 -1.00000000e-02 
-2.00000000e-02 -1.85000000e+00 -2.00000000e-02 -2.57318337e-06 -2.00000000e-02 -2.00000000e-02 
-3.00000000e-02 -1.85000000e+00 -3.00000000e-02 -3.84664514e-06 -3.00000000e-02 -3.00000000e-02 
-4.00000000e-02 -1.85000000e+00 -4.00000000e-02 -5.11118281e-06 -4.00000000e-02 -4.00000000e-02 
-5.00000000e-02 -1.85000000e+00 -5.00000000e-02 -6.36667374e-06 -5.00000000e-02 -5.00000000e-02 
-6.00000000e-02 -1.85000000e+00 -6.00000000e-02 -7.61299842e-06 -6.00000000e-02 -6.00000000e-02 
-7.00000000e-02 -1.85000000e+00 -7.00000000e-02 -8.85003967e-06 -7.00000000e-02 -7.00000000e-02 
-8.00000000e-02 -1.85000000e+00 -8.00000000e-02 -1.00776821e-05 -8.00000000e-02 -8.00000000e-02 
-9.00000000e-02 -1.85000000e+00 -9.00000000e-02 -1.12958117e-05 -9.00000000e-02 -9.00000000e-02 
-1.00000000e-01 -1.85000000e+00 -1.00000000e-01 -1.25043153e-05 -1.00000000e-01 -1.00000000e-01 
-1.10000000e-01 -1.85000000e+00 -1.10000000e-01 -1.37030805e-05 -1.10000000e-01 -1.10000000e-01 
-1.20000000e-01 -1.85000000e+00 -1.20000000e-01 -1.48919953e-05 -1.20000000e-01 -1.20000000e-01 
-1.30000000e-01 -1.85000000e+00 -1.30000000e-01 -1.60709479e-05 -1.30000000e-01 -1.30000000e-01 
-1.40000000e-01 -1.85000000e+00 -1.40000000e-01 -1.72398268e-05 -1.40000000e-01 -1.40000000e-01 
-1.50000000e-01 -1.85000000e+00 -1.50000000e-01 -1.83985202e-05 -1.50000000e-01 -1.50000000e-01 
-1.60000000e-01 -1.85000000e+00 -1.60000000e-01 -1.95469166e-05 -1.60000000e-01 -1.60000000e-01 
-1.70000000e-01 -1.85000000e+00 -1.70000000e-01 -2.06849039e-05 -1.70000000e-01 -1.70000000e-01 
-1.80000000e-01 -1.85000000e+00 -1.80000000e-01 -2.18123702e-05 -1.80000000e-01 -1.80000000e-01 
-1.90000000e-01 -1.85000000e+00 -1.90000000e-01 -2.29292030e-05 -1.90000000e-01 -1.90000000e-01 
-2.00000000e-01 -1.85000000e+00 -2.00000000e-01 -2.40352898e-05 -2.00000000e-01 -2.00000000e-01 
-2.10000000e-01 -1.85000000e+00 -2.10000000e-01 -2.51305178e-05 -2.10000000e-01 -2.10000000e-01 
-2.20000000e-01 -1.85000000e+00 -2.20000000e-01 -2.62147737e-05 -2.20000000e-01 -2.20000000e-01 
-2.30000000e-01 -1.85000000e+00 -2.30000000e-01 -2.72879444e-05 -2.30000000e-01 -2.30000000e-01 
-2.40000000e-01 -1.85000000e+00 -2.40000000e-01 -2.83499162e-05 -2.40000000e-01 -2.40000000e-01 
-2.50000000e-01 -1.85000000e+00 -2.50000000e-01 -2.94005756e-05 -2.50000000e-01 -2.50000000e-01 
-2.60000000e-01 -1.85000000e+00 -2.60000000e-01 -3.04398088e-05 -2.60000000e-01 -2.60000000e-01 
-2.70000000e-01 -1.85000000e+00 -2.70000000e-01 -3.14675020e-05 -2.70000000e-01 -2.70000000e-01 
-2.80000000e-01 -1.85000000e+00 -2.80000000e-01 -3.24835418e-05 -2.80000000e-01 -2.80000000e-01 
-2.90000000e-01 -1.85000000e+00 -2.90000000e-01 -3.34878147e-05 -2.90000000e-01 -2.90000000e-01 
-3.00000000e-01 -1.85000000e+00 -3.00000000e-01 -3.44802076e-05 -3.00000000e-01 -3.00000000e-01 
-3.10000000e-01 -1.85000000e+00 -3.10000000e-01 -3.54606080e-05 -3.10000000e-01 -3.10000000e-01 
-3.20000000e-01 -1.85000000e+00 -3.20000000e-01 -3.64289040e-05 -3.20000000e-01 -3.20000000e-01 
-3.30000000e-01 -1.85000000e+00 -3.30000000e-01 -3.73849846e-05 -3.30000000e-01 -3.30000000e-01 
-3.40000000e-01 -1.85000000e+00 -3.40000000e-01 -3.83287396e-05 -3.40000000e-01 -3.40000000e-01 
-3.50000000e-01 -1.85000000e+00 -3.50000000e-01 -3.92600603e-05 -3.50000000e-01 -3.50000000e-01 
-3.60000000e-01 -1.85000000e+00 -3.60000000e-01 -4.01788395e-05 -3.60000000e-01 -3.60000000e-01 
-3.70000000e-01 -1.85000000e+00 -3.70000000e-01 -4.10849719e-05 -3.70000000e-01 -3.70000000e-01 
-3.80000000e-01 -1.85000000e+00 -3.80000000e-01 -4.19783540e-05 -3.80000000e-01 -3.80000000e-01 
-3.90000000e-01 -1.85000000e+00 -3.90000000e-01 -4.28588851e-05 -3.90000000e-01 -3.90000000e-01 
-4.00000000e-01 -1.85000000e+00 -4.00000000e-01 -4.37264672e-05 -4.00000000e-01 -4.00000000e-01 
-4.10000000e-01 -1.85000000e+00 -4.10000000e-01 -4.45810057e-05 -4.10000000e-01 -4.10000000e-01 
-4.20000000e-01 -1.85000000e+00 -4.20000000e-01 -4.54224094e-05 -4.20000000e-01 -4.20000000e-01 
-4.30000000e-01 -1.85000000e+00 -4.30000000e-01 -4.62505918e-05 -4.30000000e-01 -4.30000000e-01 
-4.40000000e-01 -1.85000000e+00 -4.40000000e-01 -4.70654706e-05 -4.40000000e-01 -4.40000000e-01 
-4.50000000e-01 -1.85000000e+00 -4.50000000e-01 -4.78669692e-05 -4.50000000e-01 -4.50000000e-01 
-4.60000000e-01 -1.85000000e+00 -4.60000000e-01 -4.86550167e-05 -4.60000000e-01 -4.60000000e-01 
-4.70000000e-01 -1.85000000e+00 -4.70000000e-01 -4.94295490e-05 -4.70000000e-01 -4.70000000e-01 
-4.80000000e-01 -1.85000000e+00 -4.80000000e-01 -5.01905092e-05 -4.80000000e-01 -4.80000000e-01 
-4.90000000e-01 -1.85000000e+00 -4.90000000e-01 -5.09378483e-05 -4.90000000e-01 -4.90000000e-01 
-5.00000000e-01 -1.85000000e+00 -5.00000000e-01 -5.16715263e-05 -5.00000000e-01 -5.00000000e-01 
-5.10000000e-01 -1.85000000e+00 -5.10000000e-01 -5.23915129e-05 -5.10000000e-01 -5.10000000e-01 
-5.20000000e-01 -1.85000000e+00 -5.20000000e-01 -5.30977880e-05 -5.20000000e-01 -5.20000000e-01 
-5.30000000e-01 -1.85000000e+00 -5.30000000e-01 -5.37903434e-05 -5.30000000e-01 -5.30000000e-01 
-5.40000000e-01 -1.85000000e+00 -5.40000000e-01 -5.44691827e-05 -5.40000000e-01 -5.40000000e-01 
-5.50000000e-01 -1.85000000e+00 -5.50000000e-01 -5.51343230e-05 -5.50000000e-01 -5.50000000e-01 
-5.60000000e-01 -1.85000000e+00 -5.60000000e-01 -5.57857954e-05 -5.60000000e-01 -5.60000000e-01 
-5.70000000e-01 -1.85000000e+00 -5.70000000e-01 -5.64236462e-05 -5.70000000e-01 -5.70000000e-01 
-5.80000000e-01 -1.85000000e+00 -5.80000000e-01 -5.70479373e-05 -5.80000000e-01 -5.80000000e-01 
-5.90000000e-01 -1.85000000e+00 -5.90000000e-01 -5.76587474e-05 -5.90000000e-01 -5.90000000e-01 
-6.00000000e-01 -1.85000000e+00 -6.00000000e-01 -5.82561728e-05 -6.00000000e-01 -6.00000000e-01 
-6.10000000e-01 -1.85000000e+00 -6.10000000e-01 -5.88403277e-05 -6.10000000e-01 -6.10000000e-01 
-6.20000000e-01 -1.85000000e+00 -6.20000000e-01 -5.94113450e-05 -6.20000000e-01 -6.20000000e-01 
-6.30000000e-01 -1.85000000e+00 -6.30000000e-01 -5.99693765e-05 -6.30000000e-01 -6.30000000e-01 
-6.40000000e-01 -1.85000000e+00 -6.40000000e-01 -6.05145936e-05 -6.40000000e-01 -6.40000000e-01 
-6.50000000e-01 -1.85000000e+00 -6.50000000e-01 -6.10471869e-05 -6.50000000e-01 -6.50000000e-01 
-6.60000000e-01 -1.85000000e+00 -6.60000000e-01 -6.15673663e-05 -6.60000000e-01 -6.60000000e-01 
-6.70000000e-01 -1.85000000e+00 -6.70000000e-01 -6.20753606e-05 -6.70000000e-01 -6.70000000e-01 
-6.80000000e-01 -1.85000000e+00 -6.80000000e-01 -6.25714173e-05 -6.80000000e-01 -6.80000000e-01 
-6.90000000e-01 -1.85000000e+00 -6.90000000e-01 -6.30558014e-05 -6.90000000e-01 -6.90000000e-01 
-7.00000000e-01 -1.85000000e+00 -7.00000000e-01 -6.35287948e-05 -7.00000000e-01 -7.00000000e-01 
-7.10000000e-01 -1.85000000e+00 -7.10000000e-01 -6.39906947e-05 -7.10000000e-01 -7.10000000e-01 
-7.20000000e-01 -1.85000000e+00 -7.20000000e-01 -6.44418129e-05 -7.20000000e-01 -7.20000000e-01 
-7.30000000e-01 -1.85000000e+00 -7.30000000e-01 -6.48824735e-05 -7.30000000e-01 -7.30000000e-01 
-7.40000000e-01 -1.85000000e+00 -7.40000000e-01 -6.53130118e-05 -7.40000000e-01 -7.40000000e-01 
-7.50000000e-01 -1.85000000e+00 -7.50000000e-01 -6.57337722e-05 -7.50000000e-01 -7.50000000e-01 
-7.60000000e-01 -1.85000000e+00 -7.60000000e-01 -6.61451061e-05 -7.60000000e-01 -7.60000000e-01 
-7.70000000e-01 -1.85000000e+00 -7.70000000e-01 -6.65473705e-05 -7.70000000e-01 -7.70000000e-01 
-7.80000000e-01 -1.85000000e+00 -7.80000000e-01 -6.69409253e-05 -7.80000000e-01 -7.80000000e-01 
-7.90000000e-01 -1.85000000e+00 -7.90000000e-01 -6.73261320e-05 -7.90000000e-01 -7.90000000e-01 
-8.00000000e-01 -1.85000000e+00 -8.00000000e-01 -6.77033512e-05 -8.00000000e-01 -8.00000000e-01 
-8.10000000e-01 -1.85000000e+00 -8.10000000e-01 -6.80729415e-05 -8.10000000e-01 -8.10000000e-01 
-8.20000000e-01 -1.85000000e+00 -8.20000000e-01 -6.84352569e-05 -8.20000000e-01 -8.20000000e-01 
-8.30000000e-01 -1.85000000e+00 -8.30000000e-01 -6.87906462e-05 -8.30000000e-01 -8.30000000e-01 
-8.40000000e-01 -1.85000000e+00 -8.40000000e-01 -6.91394506e-05 -8.40000000e-01 -8.40000000e-01 
-8.50000000e-01 -1.85000000e+00 -8.50000000e-01 -6.94820033e-05 -8.50000000e-01 -8.50000000e-01 
-8.60000000e-01 -1.85000000e+00 -8.60000000e-01 -6.98186280e-05 -8.60000000e-01 -8.60000000e-01 
-8.70000000e-01 -1.85000000e+00 -8.70000000e-01 -7.01496382e-05 -8.70000000e-01 -8.70000000e-01 
-8.80000000e-01 -1.85000000e+00 -8.80000000e-01 -7.04753363e-05 -8.80000000e-01 -8.80000000e-01 
-8.90000000e-01 -1.85000000e+00 -8.90000000e-01 -7.07960131e-05 -8.90000000e-01 -8.90000000e-01 
-9.00000000e-01 -1.85000000e+00 -9.00000000e-01 -7.11119476e-05 -9.00000000e-01 -9.00000000e-01 
-9.10000000e-01 -1.85000000e+00 -9.10000000e-01 -7.14234065e-05 -9.10000000e-01 -9.10000000e-01 
-9.20000000e-01 -1.85000000e+00 -9.20000000e-01 -7.17306442e-05 -9.20000000e-01 -9.20000000e-01 
-9.30000000e-01 -1.85000000e+00 -9.30000000e-01 -7.20339028e-05 -9.30000000e-01 -9.30000000e-01 
-9.40000000e-01 -1.85000000e+00 -9.40000000e-01 -7.23334123e-05 -9.40000000e-01 -9.40000000e-01 
-9.50000000e-01 -1.85000000e+00 -9.50000000e-01 -7.26293905e-05 -9.50000000e-01 -9.50000000e-01 
-9.60000000e-01 -1.85000000e+00 -9.60000000e-01 -7.29220436e-05 -9.60000000e-01 -9.60000000e-01 
-9.70000000e-01 -1.85000000e+00 -9.70000000e-01 -7.32115665e-05 -9.70000000e-01 -9.70000000e-01 
-9.80000000e-01 -1.85000000e+00 -9.80000000e-01 -7.34981428e-05 -9.80000000e-01 -9.80000000e-01 
-9.90000000e-01 -1.85000000e+00 -9.90000000e-01 -7.37819456e-05 -9.90000000e-01 -9.90000000e-01 
-1.00000000e+00 -1.85000000e+00 -1.00000000e+00 -7.40631379e-05 -1.00000000e+00 -1.00000000e+00 
-1.01000000e+00 -1.85000000e+00 -1.01000000e+00 -7.43418728e-05 -1.01000000e+00 -1.01000000e+00 
-1.02000000e+00 -1.85000000e+00 -1.02000000e+00 -7.46182941e-05 -1.02000000e+00 -1.02000000e+00 
-1.03000000e+00 -1.85000000e+00 -1.03000000e+00 -7.48925371e-05 -1.03000000e+00 -1.03000000e+00 
-1.04000000e+00 -1.85000000e+00 -1.04000000e+00 -7.51647285e-05 -1.04000000e+00 -1.04000000e+00 
-1.05000000e+00 -1.85000000e+00 -1.05000000e+00 -7.54349872e-05 -1.05000000e+00 -1.05000000e+00 
-1.06000000e+00 -1.85000000e+00 -1.06000000e+00 -7.57034245e-05 -1.06000000e+00 -1.06000000e+00 
-1.07000000e+00 -1.85000000e+00 -1.07000000e+00 -7.59701450e-05 -1.07000000e+00 -1.07000000e+00 
-1.08000000e+00 -1.85000000e+00 -1.08000000e+00 -7.62352464e-05 -1.08000000e+00 -1.08000000e+00 
-1.09000000e+00 -1.85000000e+00 -1.09000000e+00 -7.64988206e-05 -1.09000000e+00 -1.09000000e+00 
-1.10000000e+00 -1.85000000e+00 -1.10000000e+00 -7.67609533e-05 -1.10000000e+00 -1.10000000e+00 
-1.11000000e+00 -1.85000000e+00 -1.11000000e+00 -7.70217251e-05 -1.11000000e+00 -1.11000000e+00 
-1.12000000e+00 -1.85000000e+00 -1.12000000e+00 -7.72812113e-05 -1.12000000e+00 -1.12000000e+00 
-1.13000000e+00 -1.85000000e+00 -1.13000000e+00 -7.75394826e-05 -1.13000000e+00 -1.13000000e+00 
-1.14000000e+00 -1.85000000e+00 -1.14000000e+00 -7.77966051e-05 -1.14000000e+00 -1.14000000e+00 
-1.15000000e+00 -1.85000000e+00 -1.15000000e+00 -7.80526409e-05 -1.15000000e+00 -1.15000000e+00 
-1.16000000e+00 -1.85000000e+00 -1.16000000e+00 -7.83076482e-05 -1.16000000e+00 -1.16000000e+00 
-1.17000000e+00 -1.85000000e+00 -1.17000000e+00 -7.85616815e-05 -1.17000000e+00 -1.17000000e+00 
-1.18000000e+00 -1.85000000e+00 -1.18000000e+00 -7.88147919e-05 -1.18000000e+00 -1.18000000e+00 
-1.19000000e+00 -1.85000000e+00 -1.19000000e+00 -7.90670276e-05 -1.19000000e+00 -1.19000000e+00 
-1.20000000e+00 -1.85000000e+00 -1.20000000e+00 -7.93184335e-05 -1.20000000e+00 -1.20000000e+00 
-1.21000000e+00 -1.85000000e+00 -1.21000000e+00 -7.95690521e-05 -1.21000000e+00 -1.21000000e+00 
-1.22000000e+00 -1.85000000e+00 -1.22000000e+00 -7.98189230e-05 -1.22000000e+00 -1.22000000e+00 
-1.23000000e+00 -1.85000000e+00 -1.23000000e+00 -8.00680837e-05 -1.23000000e+00 -1.23000000e+00 
-1.24000000e+00 -1.85000000e+00 -1.24000000e+00 -8.03165693e-05 -1.24000000e+00 -1.24000000e+00 
-1.25000000e+00 -1.85000000e+00 -1.25000000e+00 -8.05644128e-05 -1.25000000e+00 -1.25000000e+00 
-1.26000000e+00 -1.85000000e+00 -1.26000000e+00 -8.08116455e-05 -1.26000000e+00 -1.26000000e+00 
-1.27000000e+00 -1.85000000e+00 -1.27000000e+00 -8.10582966e-05 -1.27000000e+00 -1.27000000e+00 
-1.28000000e+00 -1.85000000e+00 -1.28000000e+00 -8.13043936e-05 -1.28000000e+00 -1.28000000e+00 
-1.29000000e+00 -1.85000000e+00 -1.29000000e+00 -8.15499627e-05 -1.29000000e+00 -1.29000000e+00 
-1.30000000e+00 -1.85000000e+00 -1.30000000e+00 -8.17950283e-05 -1.30000000e+00 -1.30000000e+00 
-1.31000000e+00 -1.85000000e+00 -1.31000000e+00 -8.20396136e-05 -1.31000000e+00 -1.31000000e+00 
-1.32000000e+00 -1.85000000e+00 -1.32000000e+00 -8.22837404e-05 -1.32000000e+00 -1.32000000e+00 
-1.33000000e+00 -1.85000000e+00 -1.33000000e+00 -8.25274294e-05 -1.33000000e+00 -1.33000000e+00 
-1.34000000e+00 -1.85000000e+00 -1.34000000e+00 -8.27707000e-05 -1.34000000e+00 -1.34000000e+00 
-1.35000000e+00 -1.85000000e+00 -1.35000000e+00 -8.30135707e-05 -1.35000000e+00 -1.35000000e+00 
-1.36000000e+00 -1.85000000e+00 -1.36000000e+00 -8.32560589e-05 -1.36000000e+00 -1.36000000e+00 
-1.37000000e+00 -1.85000000e+00 -1.37000000e+00 -8.34981812e-05 -1.37000000e+00 -1.37000000e+00 
-1.38000000e+00 -1.85000000e+00 -1.38000000e+00 -8.37399530e-05 -1.38000000e+00 -1.38000000e+00 
-1.39000000e+00 -1.85000000e+00 -1.39000000e+00 -8.39813892e-05 -1.39000000e+00 -1.39000000e+00 
-1.40000000e+00 -1.85000000e+00 -1.40000000e+00 -8.42225039e-05 -1.40000000e+00 -1.40000000e+00 
-1.41000000e+00 -1.85000000e+00 -1.41000000e+00 -8.44633103e-05 -1.41000000e+00 -1.41000000e+00 
-1.42000000e+00 -1.85000000e+00 -1.42000000e+00 -8.47038210e-05 -1.42000000e+00 -1.42000000e+00 
-1.43000000e+00 -1.85000000e+00 -1.43000000e+00 -8.49440479e-05 -1.43000000e+00 -1.43000000e+00 
-1.44000000e+00 -1.85000000e+00 -1.44000000e+00 -8.51840025e-05 -1.44000000e+00 -1.44000000e+00 
-1.45000000e+00 -1.85000000e+00 -1.45000000e+00 -8.54236956e-05 -1.45000000e+00 -1.45000000e+00 
-1.46000000e+00 -1.85000000e+00 -1.46000000e+00 -8.56631373e-05 -1.46000000e+00 -1.46000000e+00 
-1.47000000e+00 -1.85000000e+00 -1.47000000e+00 -8.59023375e-05 -1.47000000e+00 -1.47000000e+00 
-1.48000000e+00 -1.85000000e+00 -1.48000000e+00 -8.61413055e-05 -1.48000000e+00 -1.48000000e+00 
-1.49000000e+00 -1.85000000e+00 -1.49000000e+00 -8.63800500e-05 -1.49000000e+00 -1.49000000e+00 
-1.50000000e+00 -1.85000000e+00 -1.50000000e+00 -8.66185794e-05 -1.50000000e+00 -1.50000000e+00 
-1.51000000e+00 -1.85000000e+00 -1.51000000e+00 -8.68569019e-05 -1.51000000e+00 -1.51000000e+00 
-1.52000000e+00 -1.85000000e+00 -1.52000000e+00 -8.70950250e-05 -1.52000000e+00 -1.52000000e+00 
-1.53000000e+00 -1.85000000e+00 -1.53000000e+00 -8.73329560e-05 -1.53000000e+00 -1.53000000e+00 
-1.54000000e+00 -1.85000000e+00 -1.54000000e+00 -8.75707019e-05 -1.54000000e+00 -1.54000000e+00 
-1.55000000e+00 -1.85000000e+00 -1.55000000e+00 -8.78082693e-05 -1.55000000e+00 -1.55000000e+00 
-1.56000000e+00 -1.85000000e+00 -1.56000000e+00 -8.80456644e-05 -1.56000000e+00 -1.56000000e+00 
-1.57000000e+00 -1.85000000e+00 -1.57000000e+00 -8.82828935e-05 -1.57000000e+00 -1.57000000e+00 
-1.58000000e+00 -1.85000000e+00 -1.58000000e+00 -8.85199622e-05 -1.58000000e+00 -1.58000000e+00 
-1.59000000e+00 -1.85000000e+00 -1.59000000e+00 -8.87568760e-05 -1.59000000e+00 -1.59000000e+00 
-1.60000000e+00 -1.85000000e+00 -1.60000000e+00 -8.89936404e-05 -1.60000000e+00 -1.60000000e+00 
-1.61000000e+00 -1.85000000e+00 -1.61000000e+00 -8.92302602e-05 -1.61000000e+00 -1.61000000e+00 
-1.62000000e+00 -1.85000000e+00 -1.62000000e+00 -8.94667403e-05 -1.62000000e+00 -1.62000000e+00 
-1.63000000e+00 -1.85000000e+00 -1.63000000e+00 -8.97030855e-05 -1.63000000e+00 -1.63000000e+00 
-1.64000000e+00 -1.85000000e+00 -1.64000000e+00 -8.99393000e-05 -1.64000000e+00 -1.64000000e+00 
-1.65000000e+00 -1.85000000e+00 -1.65000000e+00 -9.01753882e-05 -1.65000000e+00 -1.65000000e+00 
-1.66000000e+00 -1.85000000e+00 -1.66000000e+00 -9.04113542e-05 -1.66000000e+00 -1.66000000e+00 
-1.67000000e+00 -1.85000000e+00 -1.67000000e+00 -9.06472018e-05 -1.67000000e+00 -1.67000000e+00 
-1.68000000e+00 -1.85000000e+00 -1.68000000e+00 -9.08829348e-05 -1.68000000e+00 -1.68000000e+00 
-1.69000000e+00 -1.85000000e+00 -1.69000000e+00 -9.11185568e-05 -1.69000000e+00 -1.69000000e+00 
-1.70000000e+00 -1.85000000e+00 -1.70000000e+00 -9.13540712e-05 -1.70000000e+00 -1.70000000e+00 
-1.71000000e+00 -1.85000000e+00 -1.71000000e+00 -9.15894814e-05 -1.71000000e+00 -1.71000000e+00 
-1.72000000e+00 -1.85000000e+00 -1.72000000e+00 -9.18247906e-05 -1.72000000e+00 -1.72000000e+00 
-1.73000000e+00 -1.85000000e+00 -1.73000000e+00 -9.20600017e-05 -1.73000000e+00 -1.73000000e+00 
-1.74000000e+00 -1.85000000e+00 -1.74000000e+00 -9.22951178e-05 -1.74000000e+00 -1.74000000e+00 
-1.75000000e+00 -1.85000000e+00 -1.75000000e+00 -9.25301417e-05 -1.75000000e+00 -1.75000000e+00 
-1.76000000e+00 -1.85000000e+00 -1.76000000e+00 -9.27650761e-05 -1.76000000e+00 -1.76000000e+00 
-1.77000000e+00 -1.85000000e+00 -1.77000000e+00 -9.29999237e-05 -1.77000000e+00 -1.77000000e+00 
-1.78000000e+00 -1.85000000e+00 -1.78000000e+00 -9.32346869e-05 -1.78000000e+00 -1.78000000e+00 
-1.79000000e+00 -1.85000000e+00 -1.79000000e+00 -9.34693682e-05 -1.79000000e+00 -1.79000000e+00 
-1.80000000e+00 -1.85000000e+00 -1.80000000e+00 -9.37039699e-05 -1.80000000e+00 -1.80000000e+00 
-1.81000000e+00 -1.85000000e+00 -1.81000000e+00 -9.39384942e-05 -1.81000000e+00 -1.81000000e+00 
-1.82000000e+00 -1.85000000e+00 -1.82000000e+00 -9.41729434e-05 -1.82000000e+00 -1.82000000e+00 
-1.83000000e+00 -1.85000000e+00 -1.83000000e+00 -9.44073196e-05 -1.83000000e+00 -1.83000000e+00 
-1.84000000e+00 -1.85000000e+00 -1.84000000e+00 -9.46416247e-05 -1.84000000e+00 -1.84000000e+00 
-1.85000000e+00 -1.85000000e+00 -1.85000000e+00 -9.48758607e-05 -1.85000000e+00 -1.85000000e+00 
