 0.00000000e+00 -7.40000000e-01  0.00000000e+00 -0.00000000e+00  0.00000000e+00  0.00000000e+00 
-1.00000000e-02 -7.40000000e-01 -1.00000000e-02 -4.92590156e-10 -1.00000000e-02 -1.00000000e-02 
-2.00000000e-02 -7.40000000e-01 -2.00000000e-02 -9.20650550e-10 -2.00000000e-02 -2.00000000e-02 
-3.00000000e-02 -7.40000000e-01 -3.00000000e-02 -1.30723231e-09 -3.00000000e-02 -3.00000000e-02 
-4.00000000e-02 -7.40000000e-01 -4.00000000e-02 -1.66671545e-09 -4.00000000e-02 -4.00000000e-02 
-5.00000000e-02 -7.40000000e-01 -5.00000000e-02 -2.00796813e-09 -5.00000000e-02 -5.00000000e-02 
-6.00000000e-02 -7.40000000e-01 -6.00000000e-02 -2.33657035e-09 -6.00000000e-02 -6.00000000e-02 
-7.00000000e-02 -7.40000000e-01 -7.00000000e-02 -2.65613331e-09 -7.00000000e-02 -7.00000000e-02 
-8.00000000e-02 -7.40000000e-01 -8.00000000e-02 -2.96906401e-09 -8.00000000e-02 -8.00000000e-02 
-9.00000000e-02 -7.40000000e-01 -9.00000000e-02 -3.27701279e-09 -9.00000000e-02 -9.00000000e-02 
-1.00000000e-01 -7.40000000e-01 -1.00000000e-01 -3.58114112e-09 -1.00000000e-01 -1.00000000e-01 
-1.10000000e-01 -7.40000000e-01 -1.10000000e-01 -3.88228588e-09 -1.10000000e-01 -1.10000000e-01 
-1.20000000e-01 -7.40000000e-01 -1.20000000e-01 -4.18106303e-09 -1.20000000e-01 -1.20000000e-01 
-1.30000000e-01 -7.40000000e-01 -1.30000000e-01 -4.47793463e-09 -1.30000000e-01 -1.30000000e-01 
-1.40000000e-01 -7.40000000e-01 -1.40000000e-01 -4.77325325e-09 -1.40000000e-01 -1.40000000e-01 
-1.50000000e-01 -7.40000000e-01 -1.50000000e-01 -5.06729208e-09 -1.50000000e-01 -1.50000000e-01 
-1.60000000e-01 -7.40000000e-01 -1.60000000e-01 -5.36026571e-09 -1.60000000e-01 -1.60000000e-01 
-1.70000000e-01 -7.40000000e-01 -1.70000000e-01 -5.65234484e-09 -1.70000000e-01 -1.70000000e-01 
-1.80000000e-01 -7.40000000e-01 -1.80000000e-01 -5.94366679e-09 -1.80000000e-01 -1.80000000e-01 
-1.90000000e-01 -7.40000000e-01 -1.90000000e-01 -6.23434316e-09 -1.90000000e-01 -1.90000000e-01 
-2.00000000e-01 -7.40000000e-01 -2.00000000e-01 -6.52446552e-09 -2.00000000e-01 -2.00000000e-01 
-2.10000000e-01 -7.40000000e-01 -2.10000000e-01 -6.81410961e-09 -2.10000000e-01 -2.10000000e-01 
-2.20000000e-01 -7.40000000e-01 -2.20000000e-01 -7.10333861e-09 -2.20000000e-01 -2.20000000e-01 
-2.30000000e-01 -7.40000000e-01 -2.30000000e-01 -7.39220560e-09 -2.30000000e-01 -2.30000000e-01 
-2.40000000e-01 -7.40000000e-01 -2.40000000e-01 -7.68075544e-09 -2.40000000e-01 -2.40000000e-01 
-2.50000000e-01 -7.40000000e-01 -2.50000000e-01 -7.96902632e-09 -2.50000000e-01 -2.50000000e-01 
-2.60000000e-01 -7.40000000e-01 -2.60000000e-01 -8.25705090e-09 -2.60000000e-01 -2.60000000e-01 
-2.70000000e-01 -7.40000000e-01 -2.70000000e-01 -8.54485729e-09 -2.70000000e-01 -2.70000000e-01 
-2.80000000e-01 -7.40000000e-01 -2.80000000e-01 -8.83246979e-09 -2.80000000e-01 -2.80000000e-01 
-2.90000000e-01 -7.40000000e-01 -2.90000000e-01 -9.11990948e-09 -2.90000000e-01 -2.90000000e-01 
-3.00000000e-01 -7.40000000e-01 -3.00000000e-01 -9.40719479e-09 -3.00000000e-01 -3.00000000e-01 
-3.10000000e-01 -7.40000000e-01 -3.10000000e-01 -9.69434181e-09 -3.10000000e-01 -3.10000000e-01 
-3.20000000e-01 -7.40000000e-01 -3.20000000e-01 -9.98136473e-09 -3.20000000e-01 -3.20000000e-01 
-3.30000000e-01 -7.40000000e-01 -3.30000000e-01 -1.02682760e-08 -3.30000000e-01 -3.30000000e-01 
-3.40000000e-01 -7.40000000e-01 -3.40000000e-01 -1.05550868e-08 -3.40000000e-01 -3.40000000e-01 
-3.50000000e-01 -7.40000000e-01 -3.50000000e-01 -1.08418068e-08 -3.50000000e-01 -3.50000000e-01 
-3.60000000e-01 -7.40000000e-01 -3.60000000e-01 -1.11284448e-08 -3.60000000e-01 -3.60000000e-01 
-3.70000000e-01 -7.40000000e-01 -3.70000000e-01 -1.14150087e-08 -3.70000000e-01 -3.70000000e-01 
-3.80000000e-01 -7.40000000e-01 -3.80000000e-01 -1.17015054e-08 -3.80000000e-01 -3.80000000e-01 
-3.90000000e-01 -7.40000000e-01 -3.90000000e-01 -1.19879412e-08 -3.90000000e-01 -3.90000000e-01 
-4.00000000e-01 -7.40000000e-01 -4.00000000e-01 -1.22743217e-08 -4.00000000e-01 -4.00000000e-01 
-4.10000000e-01 -7.40000000e-01 -4.10000000e-01 -1.25606521e-08 -4.10000000e-01 -4.10000000e-01 
-4.20000000e-01 -7.40000000e-01 -4.20000000e-01 -1.28469370e-08 -4.20000000e-01 -4.20000000e-01 
-4.30000000e-01 -7.40000000e-01 -4.30000000e-01 -1.31331804e-08 -4.30000000e-01 -4.30000000e-01 
-4.40000000e-01 -7.40000000e-01 -4.40000000e-01 -1.34193863e-08 -4.40000000e-01 -4.40000000e-01 
-4.50000000e-01 -7.40000000e-01 -4.50000000e-01 -1.37055579e-08 -4.50000000e-01 -4.50000000e-01 
-4.60000000e-01 -7.40000000e-01 -4.60000000e-01 -1.39916986e-08 -4.60000000e-01 -4.60000000e-01 
-4.70000000e-01 -7.40000000e-01 -4.70000000e-01 -1.42778111e-08 -4.70000000e-01 -4.70000000e-01 
-4.80000000e-01 -7.40000000e-01 -4.80000000e-01 -1.45638979e-08 -4.80000000e-01 -4.80000000e-01 
-4.90000000e-01 -7.40000000e-01 -4.90000000e-01 -1.48499616e-08 -4.90000000e-01 -4.90000000e-01 
-5.00000000e-01 -7.40000000e-01 -5.00000000e-01 -1.51360043e-08 -5.00000000e-01 -5.00000000e-01 
-5.10000000e-01 -7.40000000e-01 -5.10000000e-01 -1.54220280e-08 -5.10000000e-01 -5.10000000e-01 
-5.20000000e-01 -7.40000000e-01 -5.20000000e-01 -1.57080346e-08 -5.20000000e-01 -5.20000000e-01 
-5.30000000e-01 -7.40000000e-01 -5.30000000e-01 -1.59940257e-08 -5.30000000e-01 -5.30000000e-01 
-5.40000000e-01 -7.40000000e-01 -5.40000000e-01 -1.62800028e-08 -5.40000000e-01 -5.40000000e-01 
-5.50000000e-01 -7.40000000e-01 -5.50000000e-01 -1.65659675e-08 -5.50000000e-01 -5.50000000e-01 
-5.60000000e-01 -7.40000000e-01 -5.60000000e-01 -1.68519211e-08 -5.60000000e-01 -5.60000000e-01 
-5.70000000e-01 -7.40000000e-01 -5.70000000e-01 -1.71378647e-08 -5.70000000e-01 -5.70000000e-01 
-5.80000000e-01 -7.40000000e-01 -5.80000000e-01 -1.74237996e-08 -5.80000000e-01 -5.80000000e-01 
-5.90000000e-01 -7.40000000e-01 -5.90000000e-01 -1.77097267e-08 -5.90000000e-01 -5.90000000e-01 
-6.00000000e-01 -7.40000000e-01 -6.00000000e-01 -1.79956470e-08 -6.00000000e-01 -6.00000000e-01 
-6.10000000e-01 -7.40000000e-01 -6.10000000e-01 -1.82815615e-08 -6.10000000e-01 -6.10000000e-01 
-6.20000000e-01 -7.40000000e-01 -6.20000000e-01 -1.85674710e-08 -6.20000000e-01 -6.20000000e-01 
-6.30000000e-01 -7.40000000e-01 -6.30000000e-01 -1.88533762e-08 -6.30000000e-01 -6.30000000e-01 
-6.40000000e-01 -7.40000000e-01 -6.40000000e-01 -1.91392779e-08 -6.40000000e-01 -6.40000000e-01 
-6.50000000e-01 -7.40000000e-01 -6.50000000e-01 -1.94251767e-08 -6.50000000e-01 -6.50000000e-01 
-6.60000000e-01 -7.40000000e-01 -6.60000000e-01 -1.97110732e-08 -6.60000000e-01 -6.60000000e-01 
-6.70000000e-01 -7.40000000e-01 -6.70000000e-01 -1.99969681e-08 -6.70000000e-01 -6.70000000e-01 
-6.80000000e-01 -7.40000000e-01 -6.80000000e-01 -2.02828619e-08 -6.80000000e-01 -6.80000000e-01 
-6.90000000e-01 -7.40000000e-01 -6.90000000e-01 -2.05687551e-08 -6.90000000e-01 -6.90000000e-01 
-7.00000000e-01 -7.40000000e-01 -7.00000000e-01 -2.08546481e-08 -7.00000000e-01 -7.00000000e-01 
-7.10000000e-01 -7.40000000e-01 -7.10000000e-01 -2.11405414e-08 -7.10000000e-01 -7.10000000e-01 
-7.20000000e-01 -7.40000000e-01 -7.20000000e-01 -2.14264355e-08 -7.20000000e-01 -7.20000000e-01 
-7.30000000e-01 -7.40000000e-01 -7.30000000e-01 -2.17123306e-08 -7.30000000e-01 -7.30000000e-01 
-7.40000000e-01 -7.40000000e-01 -7.40000000e-01 -2.19982271e-08 -7.40000000e-01 -7.40000000e-01 
-7.50000000e-01 -7.40000000e-01 -7.50000000e-01 -2.22841254e-08 -7.50000000e-01 -7.50000000e-01 
-7.60000000e-01 -7.40000000e-01 -7.60000000e-01 -2.25700258e-08 -7.60000000e-01 -7.60000000e-01 
-7.70000000e-01 -7.40000000e-01 -7.70000000e-01 -2.28559286e-08 -7.70000000e-01 -7.70000000e-01 
-7.80000000e-01 -7.40000000e-01 -7.80000000e-01 -2.31418340e-08 -7.80000000e-01 -7.80000000e-01 
-7.90000000e-01 -7.40000000e-01 -7.90000000e-01 -2.34277423e-08 -7.90000000e-01 -7.90000000e-01 
-8.00000000e-01 -7.40000000e-01 -8.00000000e-01 -2.37136537e-08 -8.00000000e-01 -8.00000000e-01 
-8.10000000e-01 -7.40000000e-01 -8.10000000e-01 -2.39995686e-08 -8.10000000e-01 -8.10000000e-01 
-8.20000000e-01 -7.40000000e-01 -8.20000000e-01 -2.42854869e-08 -8.20000000e-01 -8.20000000e-01 
-8.30000000e-01 -7.40000000e-01 -8.30000000e-01 -2.45714091e-08 -8.30000000e-01 -8.30000000e-01 
-8.40000000e-01 -7.40000000e-01 -8.40000000e-01 -2.48573352e-08 -8.40000000e-01 -8.40000000e-01 
-8.50000000e-01 -7.40000000e-01 -8.50000000e-01 -2.51432654e-08 -8.50000000e-01 -8.50000000e-01 
-8.60000000e-01 -7.40000000e-01 -8.60000000e-01 -2.54291999e-08 -8.60000000e-01 -8.60000000e-01 
-8.70000000e-01 -7.40000000e-01 -8.70000000e-01 -2.57151388e-08 -8.70000000e-01 -8.70000000e-01 
-8.80000000e-01 -7.40000000e-01 -8.80000000e-01 -2.60010822e-08 -8.80000000e-01 -8.80000000e-01 
-8.90000000e-01 -7.40000000e-01 -8.90000000e-01 -2.62870304e-08 -8.90000000e-01 -8.90000000e-01 
-9.00000000e-01 -7.40000000e-01 -9.00000000e-01 -2.65729834e-08 -9.00000000e-01 -9.00000000e-01 
-9.10000000e-01 -7.40000000e-01 -9.10000000e-01 -2.68589413e-08 -9.10000000e-01 -9.10000000e-01 
-9.20000000e-01 -7.40000000e-01 -9.20000000e-01 -2.71449042e-08 -9.20000000e-01 -9.20000000e-01 
-9.30000000e-01 -7.40000000e-01 -9.30000000e-01 -2.74308723e-08 -9.30000000e-01 -9.30000000e-01 
-9.40000000e-01 -7.40000000e-01 -9.40000000e-01 -2.77168456e-08 -9.40000000e-01 -9.40000000e-01 
-9.50000000e-01 -7.40000000e-01 -9.50000000e-01 -2.80028243e-08 -9.50000000e-01 -9.50000000e-01 
-9.60000000e-01 -7.40000000e-01 -9.60000000e-01 -2.82888083e-08 -9.60000000e-01 -9.60000000e-01 
-9.70000000e-01 -7.40000000e-01 -9.70000000e-01 -2.85747978e-08 -9.70000000e-01 -9.70000000e-01 
-9.80000000e-01 -7.40000000e-01 -9.80000000e-01 -2.88607928e-08 -9.80000000e-01 -9.80000000e-01 
-9.90000000e-01 -7.40000000e-01 -9.90000000e-01 -2.91467934e-08 -9.90000000e-01 -9.90000000e-01 
-1.00000000e+00 -7.40000000e-01 -1.00000000e+00 -2.94327997e-08 -1.00000000e+00 -1.00000000e+00 
-1.01000000e+00 -7.40000000e-01 -1.01000000e+00 -2.97188117e-08 -1.01000000e+00 -1.01000000e+00 
-1.02000000e+00 -7.40000000e-01 -1.02000000e+00 -3.00048295e-08 -1.02000000e+00 -1.02000000e+00 
-1.03000000e+00 -7.40000000e-01 -1.03000000e+00 -3.02908532e-08 -1.03000000e+00 -1.03000000e+00 
-1.04000000e+00 -7.40000000e-01 -1.04000000e+00 -3.05768826e-08 -1.04000000e+00 -1.04000000e+00 
-1.05000000e+00 -7.40000000e-01 -1.05000000e+00 -3.08629180e-08 -1.05000000e+00 -1.05000000e+00 
-1.06000000e+00 -7.40000000e-01 -1.06000000e+00 -3.11489593e-08 -1.06000000e+00 -1.06000000e+00 
-1.07000000e+00 -7.40000000e-01 -1.07000000e+00 -3.14350066e-08 -1.07000000e+00 -1.07000000e+00 
-1.08000000e+00 -7.40000000e-01 -1.08000000e+00 -3.17210600e-08 -1.08000000e+00 -1.08000000e+00 
-1.09000000e+00 -7.40000000e-01 -1.09000000e+00 -3.20071193e-08 -1.09000000e+00 -1.09000000e+00 
-1.10000000e+00 -7.40000000e-01 -1.10000000e+00 -3.22931847e-08 -1.10000000e+00 -1.10000000e+00 
-1.11000000e+00 -7.40000000e-01 -1.11000000e+00 -3.25792562e-08 -1.11000000e+00 -1.11000000e+00 
-1.12000000e+00 -7.40000000e-01 -1.12000000e+00 -3.28653338e-08 -1.12000000e+00 -1.12000000e+00 
-1.13000000e+00 -7.40000000e-01 -1.13000000e+00 -3.31514176e-08 -1.13000000e+00 -1.13000000e+00 
-1.14000000e+00 -7.40000000e-01 -1.14000000e+00 -3.34375074e-08 -1.14000000e+00 -1.14000000e+00 
-1.15000000e+00 -7.40000000e-01 -1.15000000e+00 -3.37236035e-08 -1.15000000e+00 -1.15000000e+00 
-1.16000000e+00 -7.40000000e-01 -1.16000000e+00 -3.40097057e-08 -1.16000000e+00 -1.16000000e+00 
-1.17000000e+00 -7.40000000e-01 -1.17000000e+00 -3.42958141e-08 -1.17000000e+00 -1.17000000e+00 
-1.18000000e+00 -7.40000000e-01 -1.18000000e+00 -3.45819287e-08 -1.18000000e+00 -1.18000000e+00 
-1.19000000e+00 -7.40000000e-01 -1.19000000e+00 -3.48680495e-08 -1.19000000e+00 -1.19000000e+00 
-1.20000000e+00 -7.40000000e-01 -1.20000000e+00 -3.51541766e-08 -1.20000000e+00 -1.20000000e+00 
-1.21000000e+00 -7.40000000e-01 -1.21000000e+00 -3.54403098e-08 -1.21000000e+00 -1.21000000e+00 
-1.22000000e+00 -7.40000000e-01 -1.22000000e+00 -3.57264492e-08 -1.22000000e+00 -1.22000000e+00 
-1.23000000e+00 -7.40000000e-01 -1.23000000e+00 -3.60125949e-08 -1.23000000e+00 -1.23000000e+00 
-1.24000000e+00 -7.40000000e-01 -1.24000000e+00 -3.62987468e-08 -1.24000000e+00 -1.24000000e+00 
-1.25000000e+00 -7.40000000e-01 -1.25000000e+00 -3.65849050e-08 -1.25000000e+00 -1.25000000e+00 
-1.26000000e+00 -7.40000000e-01 -1.26000000e+00 -3.68710693e-08 -1.26000000e+00 -1.26000000e+00 
-1.27000000e+00 -7.40000000e-01 -1.27000000e+00 -3.71572399e-08 -1.27000000e+00 -1.27000000e+00 
-1.28000000e+00 -7.40000000e-01 -1.28000000e+00 -3.74434167e-08 -1.28000000e+00 -1.28000000e+00 
-1.29000000e+00 -7.40000000e-01 -1.29000000e+00 -3.77295998e-08 -1.29000000e+00 -1.29000000e+00 
-1.30000000e+00 -7.40000000e-01 -1.30000000e+00 -3.80157890e-08 -1.30000000e+00 -1.30000000e+00 
-1.31000000e+00 -7.40000000e-01 -1.31000000e+00 -3.83019845e-08 -1.31000000e+00 -1.31000000e+00 
-1.32000000e+00 -7.40000000e-01 -1.32000000e+00 -3.85881861e-08 -1.32000000e+00 -1.32000000e+00 
-1.33000000e+00 -7.40000000e-01 -1.33000000e+00 -3.88743940e-08 -1.33000000e+00 -1.33000000e+00 
-1.34000000e+00 -7.40000000e-01 -1.34000000e+00 -3.91606080e-08 -1.34000000e+00 -1.34000000e+00 
-1.35000000e+00 -7.40000000e-01 -1.35000000e+00 -3.94468283e-08 -1.35000000e+00 -1.35000000e+00 
-1.36000000e+00 -7.40000000e-01 -1.36000000e+00 -3.97330547e-08 -1.36000000e+00 -1.36000000e+00 
-1.37000000e+00 -7.40000000e-01 -1.37000000e+00 -4.00192873e-08 -1.37000000e+00 -1.37000000e+00 
-1.38000000e+00 -7.40000000e-01 -1.38000000e+00 -4.03055260e-08 -1.38000000e+00 -1.38000000e+00 
-1.39000000e+00 -7.40000000e-01 -1.39000000e+00 -4.05917709e-08 -1.39000000e+00 -1.39000000e+00 
-1.40000000e+00 -7.40000000e-01 -1.40000000e+00 -4.08780219e-08 -1.40000000e+00 -1.40000000e+00 
-1.41000000e+00 -7.40000000e-01 -1.41000000e+00 -4.11642791e-08 -1.41000000e+00 -1.41000000e+00 
-1.42000000e+00 -7.40000000e-01 -1.42000000e+00 -4.14505423e-08 -1.42000000e+00 -1.42000000e+00 
-1.43000000e+00 -7.40000000e-01 -1.43000000e+00 -4.17368117e-08 -1.43000000e+00 -1.43000000e+00 
-1.44000000e+00 -7.40000000e-01 -1.44000000e+00 -4.20230872e-08 -1.44000000e+00 -1.44000000e+00 
-1.45000000e+00 -7.40000000e-01 -1.45000000e+00 -4.23093687e-08 -1.45000000e+00 -1.45000000e+00 
-1.46000000e+00 -7.40000000e-01 -1.46000000e+00 -4.25956563e-08 -1.46000000e+00 -1.46000000e+00 
-1.47000000e+00 -7.40000000e-01 -1.47000000e+00 -4.28819500e-08 -1.47000000e+00 -1.47000000e+00 
-1.48000000e+00 -7.40000000e-01 -1.48000000e+00 -4.31682497e-08 -1.48000000e+00 -1.48000000e+00 
-1.49000000e+00 -7.40000000e-01 -1.49000000e+00 -4.34545554e-08 -1.49000000e+00 -1.49000000e+00 
-1.50000000e+00 -7.40000000e-01 -1.50000000e+00 -4.37408671e-08 -1.50000000e+00 -1.50000000e+00 
-1.51000000e+00 -7.40000000e-01 -1.51000000e+00 -4.40271849e-08 -1.51000000e+00 -1.51000000e+00 
-1.52000000e+00 -7.40000000e-01 -1.52000000e+00 -4.43135086e-08 -1.52000000e+00 -1.52000000e+00 
-1.53000000e+00 -7.40000000e-01 -1.53000000e+00 -4.45998383e-08 -1.53000000e+00 -1.53000000e+00 
-1.54000000e+00 -7.40000000e-01 -1.54000000e+00 -4.48861739e-08 -1.54000000e+00 -1.54000000e+00 
-1.55000000e+00 -7.40000000e-01 -1.55000000e+00 -4.51725155e-08 -1.55000000e+00 -1.55000000e+00 
-1.56000000e+00 -7.40000000e-01 -1.56000000e+00 -4.54588630e-08 -1.56000000e+00 -1.56000000e+00 
-1.57000000e+00 -7.40000000e-01 -1.57000000e+00 -4.57452164e-08 -1.57000000e+00 -1.57000000e+00 
-1.58000000e+00 -7.40000000e-01 -1.58000000e+00 -4.60315757e-08 -1.58000000e+00 -1.58000000e+00 
-1.59000000e+00 -7.40000000e-01 -1.59000000e+00 -4.63179409e-08 -1.59000000e+00 -1.59000000e+00 
-1.60000000e+00 -7.40000000e-01 -1.60000000e+00 -4.66043120e-08 -1.60000000e+00 -1.60000000e+00 
-1.61000000e+00 -7.40000000e-01 -1.61000000e+00 -4.68906889e-08 -1.61000000e+00 -1.61000000e+00 
-1.62000000e+00 -7.40000000e-01 -1.62000000e+00 -4.71770716e-08 -1.62000000e+00 -1.62000000e+00 
-1.63000000e+00 -7.40000000e-01 -1.63000000e+00 -4.74634602e-08 -1.63000000e+00 -1.63000000e+00 
-1.64000000e+00 -7.40000000e-01 -1.64000000e+00 -4.77498545e-08 -1.64000000e+00 -1.64000000e+00 
-1.65000000e+00 -7.40000000e-01 -1.65000000e+00 -4.80362547e-08 -1.65000000e+00 -1.65000000e+00 
-1.66000000e+00 -7.40000000e-01 -1.66000000e+00 -4.83226606e-08 -1.66000000e+00 -1.66000000e+00 
-1.67000000e+00 -7.40000000e-01 -1.67000000e+00 -4.86090722e-08 -1.67000000e+00 -1.67000000e+00 
-1.68000000e+00 -7.40000000e-01 -1.68000000e+00 -4.88954896e-08 -1.68000000e+00 -1.68000000e+00 
-1.69000000e+00 -7.40000000e-01 -1.69000000e+00 -4.91819127e-08 -1.69000000e+00 -1.69000000e+00 
-1.70000000e+00 -7.40000000e-01 -1.70000000e+00 -4.94683415e-08 -1.70000000e+00 -1.70000000e+00 
-1.71000000e+00 -7.40000000e-01 -1.71000000e+00 -4.97547760e-08 -1.71000000e+00 -1.71000000e+00 
-1.72000000e+00 -7.40000000e-01 -1.72000000e+00 -5.00412162e-08 -1.72000000e+00 -1.72000000e+00 
-1.73000000e+00 -7.40000000e-01 -1.73000000e+00 -5.03276620e-08 -1.73000000e+00 -1.73000000e+00 
-1.74000000e+00 -7.40000000e-01 -1.74000000e+00 -5.06141134e-08 -1.74000000e+00 -1.74000000e+00 
-1.75000000e+00 -7.40000000e-01 -1.75000000e+00 -5.09005705e-08 -1.75000000e+00 -1.75000000e+00 
-1.76000000e+00 -7.40000000e-01 -1.76000000e+00 -5.11870332e-08 -1.76000000e+00 -1.76000000e+00 
-1.77000000e+00 -7.40000000e-01 -1.77000000e+00 -5.14735014e-08 -1.77000000e+00 -1.77000000e+00 
-1.78000000e+00 -7.40000000e-01 -1.78000000e+00 -5.17599752e-08 -1.78000000e+00 -1.78000000e+00 
-1.79000000e+00 -7.40000000e-01 -1.79000000e+00 -5.20464546e-08 -1.79000000e+00 -1.79000000e+00 
-1.80000000e+00 -7.40000000e-01 -1.80000000e+00 -5.23329395e-08 -1.80000000e+00 -1.80000000e+00 
-1.81000000e+00 -7.40000000e-01 -1.81000000e+00 -5.26194300e-08 -1.81000000e+00 -1.81000000e+00 
-1.82000000e+00 -7.40000000e-01 -1.82000000e+00 -5.29059259e-08 -1.82000000e+00 -1.82000000e+00 
-1.83000000e+00 -7.40000000e-01 -1.83000000e+00 -5.31924273e-08 -1.83000000e+00 -1.83000000e+00 
-1.84000000e+00 -7.40000000e-01 -1.84000000e+00 -5.34789342e-08 -1.84000000e+00 -1.84000000e+00 
-1.85000000e+00 -7.40000000e-01 -1.85000000e+00 -5.37654465e-08 -1.85000000e+00 -1.85000000e+00 
