 0.00000000e+00  7.40000000e-01  0.00000000e+00  0.00000000e+00  0.00000000e+00  0.00000000e+00 
 1.00000000e-02  7.40000000e-01  1.00000000e-02  1.17428655e-06  1.00000000e-02  1.00000000e-02 
 2.00000000e-02  7.40000000e-01  2.00000000e-02  2.17883535e-06  2.00000000e-02  2.00000000e-02 
 3.00000000e-02  7.40000000e-01  3.00000000e-02  3.02638789e-06  3.00000000e-02  3.00000000e-02 
 4.00000000e-02  7.40000000e-01  4.00000000e-02  3.74013515e-06  4.00000000e-02  4.00000000e-02 
 5.00000000e-02  7.40000000e-01  5.00000000e-02  4.34342845e-06  5.00000000e-02  5.00000000e-02 
 6.00000000e-02  7.40000000e-01  6.00000000e-02  4.85680014e-06  6.00000000e-02  6.00000000e-02 
 7.00000000e-02  7.40000000e-01  7.00000000e-02  5.29732636e-06  7.00000000e-02  7.00000000e-02 
 8.00000000e-02  7.40000000e-01  8.00000000e-02  5.67883041e-06  8.00000000e-02  8.00000000e-02 
 9.00000000e-02  7.40000000e-01  9.00000000e-02  6.01235611e-06  9.00000000e-02  9.00000000e-02 
 1.00000000e-01  7.40000000e-01  1.00000000e-01  6.30667964e-06  1.00000000e-01  1.00000000e-01 
 1.10000000e-01  7.40000000e-01  1.10000000e-01  6.56877100e-06  1.10000000e-01  1.10000000e-01 
 1.20000000e-01  7.40000000e-01  1.20000000e-01  6.80417898e-06  1.20000000e-01  1.20000000e-01 
 1.30000000e-01  7.40000000e-01  1.30000000e-01  7.01733988e-06  1.30000000e-01  1.30000000e-01 
 1.40000000e-01  7.40000000e-01  1.40000000e-01  7.21181988e-06  1.40000000e-01  1.40000000e-01 
 1.50000000e-01  7.40000000e-01  1.50000000e-01  7.39050330e-06  1.50000000e-01  1.50000000e-01 
 1.60000000e-01  7.40000000e-01  1.60000000e-01  7.55573818e-06  1.60000000e-01  1.60000000e-01 
 1.70000000e-01  7.40000000e-01  1.70000000e-01  7.70944866e-06  1.70000000e-01  1.70000000e-01 
 1.80000000e-01  7.40000000e-01  1.80000000e-01  7.85322194e-06  1.80000000e-01  1.80000000e-01 
 1.90000000e-01  7.40000000e-01  1.90000000e-01  7.98837589e-06  1.90000000e-01  1.90000000e-01 
 2.00000000e-01  7.40000000e-01  2.00000000e-01  8.11601162e-06  2.00000000e-01  2.00000000e-01 
 2.10000000e-01  7.40000000e-01  2.10000000e-01  8.23705484e-06  2.10000000e-01  2.10000000e-01 
 2.20000000e-01  7.40000000e-01  2.20000000e-01  8.35228835e-06  2.20000000e-01  2.20000000e-01 
 2.30000000e-01  7.40000000e-01  2.30000000e-01  8.46237786e-06  2.30000000e-01  2.30000000e-01 
 2.40000000e-01  7.40000000e-01  2.40000000e-01  8.56789255e-06  2.40000000e-01  2.40000000e-01 
 2.50000000e-01  7.40000000e-01  2.50000000e-01  8.66932158e-06  2.50000000e-01  2.50000000e-01 
 2.60000000e-01  7.40000000e-01  2.60000000e-01  8.76708738e-06  2.60000000e-01  2.60000000e-01 
 2.70000000e-01  7.40000000e-01  2.70000000e-01  8.86155649e-06  2.70000000e-01  2.70000000e-01 
 2.80000000e-01  7.40000000e-01  2.80000000e-01  8.95304834e-06  2.80000000e-01  2.80000000e-01 
 2.90000000e-01  7.40000000e-01  2.90000000e-01  9.04184247e-06  2.90000000e-01  2.90000000e-01 
 3.00000000e-01  7.40000000e-01  3.00000000e-01  9.12818452e-06  3.00000000e-01  3.00000000e-01 
 3.10000000e-01  7.40000000e-01  3.10000000e-01  9.21229115e-06  3.10000000e-01  3.10000000e-01 
 3.20000000e-01  7.40000000e-01  3.20000000e-01  9.29435417e-06  3.20000000e-01  3.20000000e-01 
 3.30000000e-01  7.40000000e-01  3.30000000e-01  9.37454395e-06  3.30000000e-01  3.30000000e-01 
 3.40000000e-01  7.40000000e-01  3.40000000e-01  9.45301235e-06  3.40000000e-01  3.40000000e-01 
 3.50000000e-01  7.40000000e-01  3.50000000e-01  9.52989511e-06  3.50000000e-01  3.50000000e-01 
 3.60000000e-01  7.40000000e-01  3.60000000e-01  9.60531399e-06  3.60000000e-01  3.60000000e-01 
 3.70000000e-01  7.40000000e-01  3.70000000e-01  9.67937845e-06  3.70000000e-01  3.70000000e-01 
 3.80000000e-01  7.40000000e-01  3.80000000e-01  9.75218723e-06  3.80000000e-01  3.80000000e-01 
 3.90000000e-01  7.40000000e-01  3.90000000e-01  9.82382958e-06  3.90000000e-01  3.90000000e-01 
 4.00000000e-01  7.40000000e-01  4.00000000e-01  9.89438639e-06  4.00000000e-01  4.00000000e-01 
 4.10000000e-01  7.40000000e-01  4.10000000e-01  9.96393116e-06  4.10000000e-01  4.10000000e-01 
 4.20000000e-01  7.40000000e-01  4.20000000e-01  1.00325308e-05  4.20000000e-01  4.20000000e-01 
 4.30000000e-01  7.40000000e-01  4.30000000e-01  1.01002464e-05  4.30000000e-01  4.30000000e-01 
 4.40000000e-01  7.40000000e-01  4.40000000e-01  1.01671339e-05  4.40000000e-01  4.40000000e-01 
 4.50000000e-01  7.40000000e-01  4.50000000e-01  1.02332443e-05  4.50000000e-01  4.50000000e-01 
 4.60000000e-01  7.40000000e-01  4.60000000e-01  1.02986248e-05  4.60000000e-01  4.60000000e-01 
 4.70000000e-01  7.40000000e-01  4.70000000e-01  1.03633184e-05  4.70000000e-01  4.70000000e-01 
 4.80000000e-01  7.40000000e-01  4.80000000e-01  1.04273651e-05  4.80000000e-01  4.80000000e-01 
 4.90000000e-01  7.40000000e-01  4.90000000e-01  1.04908016e-05  4.90000000e-01  4.90000000e-01 
 5.00000000e-01  7.40000000e-01  5.00000000e-01  1.05536619e-05  5.00000000e-01  5.00000000e-01 
 5.10000000e-01  7.40000000e-01  5.10000000e-01  1.06159775e-05  5.10000000e-01  5.10000000e-01 
 5.20000000e-01  7.40000000e-01  5.20000000e-01  1.06777776e-05  5.20000000e-01  5.20000000e-01 
 5.30000000e-01  7.40000000e-01  5.30000000e-01  1.07390892e-05  5.30000000e-01  5.30000000e-01 
 5.40000000e-01  7.40000000e-01  5.40000000e-01  1.07999376e-05  5.40000000e-01  5.40000000e-01 
 5.50000000e-01  7.40000000e-01  5.50000000e-01  1.08603463e-05  5.50000000e-01  5.50000000e-01 
 5.60000000e-01  7.40000000e-01  5.60000000e-01  1.09203372e-05  5.60000000e-01  5.60000000e-01 
 5.70000000e-01  7.40000000e-01  5.70000000e-01  1.09799307e-05  5.70000000e-01  5.70000000e-01 
 5.80000000e-01  7.40000000e-01  5.80000000e-01  1.10391461e-05  5.80000000e-01  5.80000000e-01 
 5.90000000e-01  7.40000000e-01  5.90000000e-01  1.10980010e-05  5.90000000e-01  5.90000000e-01 
 6.00000000e-01  7.40000000e-01  6.00000000e-01  1.11565125e-05  6.00000000e-01  6.00000000e-01 
 6.10000000e-01  7.40000000e-01  6.10000000e-01  1.12146961e-05  6.10000000e-01  6.10000000e-01 
 6.20000000e-01  7.40000000e-01  6.20000000e-01  1.12725668e-05  6.20000000e-01  6.20000000e-01 
 6.30000000e-01  7.40000000e-01  6.30000000e-01  1.13301383e-05  6.30000000e-01  6.30000000e-01 
 6.40000000e-01  7.40000000e-01  6.40000000e-01  1.13874237e-05  6.40000000e-01  6.40000000e-01 
 6.50000000e-01  7.40000000e-01  6.50000000e-01  1.14444355e-05  6.50000000e-01  6.50000000e-01 
 6.60000000e-01  7.40000000e-01  6.60000000e-01  1.15011852e-05  6.60000000e-01  6.60000000e-01 
 6.70000000e-01  7.40000000e-01  6.70000000e-01  1.15576837e-05  6.70000000e-01  6.70000000e-01 
 6.80000000e-01  7.40000000e-01  6.80000000e-01  1.16139415e-05  6.80000000e-01  6.80000000e-01 
 6.90000000e-01  7.40000000e-01  6.90000000e-01  1.16699683e-05  6.90000000e-01  6.90000000e-01 
 7.00000000e-01  7.40000000e-01  7.00000000e-01  1.17257734e-05  7.00000000e-01  7.00000000e-01 
 7.10000000e-01  7.40000000e-01  7.10000000e-01  1.17813656e-05  7.10000000e-01  7.10000000e-01 
 7.20000000e-01  7.40000000e-01  7.20000000e-01  1.18367532e-05  7.20000000e-01  7.20000000e-01 
 7.30000000e-01  7.40000000e-01  7.30000000e-01  1.18919441e-05  7.30000000e-01  7.30000000e-01 
 7.40000000e-01  7.40000000e-01  7.40000000e-01  1.19469458e-05  7.40000000e-01  7.40000000e-01 
 7.50000000e-01  7.40000000e-01  7.50000000e-01  1.20017654e-05  7.50000000e-01  7.50000000e-01 
 7.60000000e-01  7.40000000e-01  7.60000000e-01  1.20564097e-05  7.60000000e-01  7.60000000e-01 
 7.70000000e-01  7.40000000e-01  7.70000000e-01  1.21108851e-05  7.70000000e-01  7.70000000e-01 
 7.80000000e-01  7.40000000e-01  7.80000000e-01  1.21651977e-05  7.80000000e-01  7.80000000e-01 
 7.90000000e-01  7.40000000e-01  7.90000000e-01  1.22193534e-05  7.90000000e-01  7.90000000e-01 
 8.00000000e-01  7.40000000e-01  8.00000000e-01  1.22733577e-05  8.00000000e-01  8.00000000e-01 
 8.10000000e-01  7.40000000e-01  8.10000000e-01  1.23272159e-05  8.10000000e-01  8.10000000e-01 
 8.20000000e-01  7.40000000e-01  8.20000000e-01  1.23809332e-05  8.20000000e-01  8.20000000e-01 
 8.30000000e-01  7.40000000e-01  8.30000000e-01  1.24345143e-05  8.30000000e-01  8.30000000e-01 
 8.40000000e-01  7.40000000e-01  8.40000000e-01  1.24879638e-05  8.40000000e-01  8.40000000e-01 
 8.50000000e-01  7.40000000e-01  8.50000000e-01  1.25412862e-05  8.50000000e-01  8.50000000e-01 
 8.60000000e-01  7.40000000e-01  8.60000000e-01  1.25944857e-05  8.60000000e-01  8.60000000e-01 
 8.70000000e-01  7.40000000e-01  8.70000000e-01  1.26475663e-05  8.70000000e-01  8.70000000e-01 
 8.80000000e-01  7.40000000e-01  8.80000000e-01  1.27005319e-05  8.80000000e-01  8.80000000e-01 
 8.90000000e-01  7.40000000e-01  8.90000000e-01  1.27533862e-05  8.90000000e-01  8.90000000e-01 
 9.00000000e-01  7.40000000e-01  9.00000000e-01  1.28061328e-05  9.00000000e-01  9.00000000e-01 
 9.10000000e-01  7.40000000e-01  9.10000000e-01  1.28587750e-05  9.10000000e-01  9.10000000e-01 
 9.20000000e-01  7.40000000e-01  9.20000000e-01  1.29113162e-05  9.20000000e-01  9.20000000e-01 
 9.30000000e-01  7.40000000e-01  9.30000000e-01  1.29637594e-05  9.30000000e-01  9.30000000e-01 
 9.40000000e-01  7.40000000e-01  9.40000000e-01  1.30161077e-05  9.40000000e-01  9.40000000e-01 
 9.50000000e-01  7.40000000e-01  9.50000000e-01  1.30683640e-05  9.50000000e-01  9.50000000e-01 
 9.60000000e-01  7.40000000e-01  9.60000000e-01  1.31205310e-05  9.60000000e-01  9.60000000e-01 
 9.70000000e-01  7.40000000e-01  9.70000000e-01  1.31726115e-05  9.70000000e-01  9.70000000e-01 
 9.80000000e-01  7.40000000e-01  9.80000000e-01  1.32246079e-05  9.80000000e-01  9.80000000e-01 
 9.90000000e-01  7.40000000e-01  9.90000000e-01  1.32765229e-05  9.90000000e-01  9.90000000e-01 
 1.00000000e+00  7.40000000e-01  1.00000000e+00  1.33283586e-05  1.00000000e+00  1.00000000e+00 
 1.01000000e+00  7.40000000e-01  1.01000000e+00  1.33801176e-05  1.01000000e+00  1.01000000e+00 
 1.02000000e+00  7.40000000e-01  1.02000000e+00  1.34318019e-05  1.02000000e+00  1.02000000e+00 
 1.03000000e+00  7.40000000e-01  1.03000000e+00  1.34834137e-05  1.03000000e+00  1.03000000e+00 
 1.04000000e+00  7.40000000e-01  1.04000000e+00  1.35349550e-05  1.04000000e+00  1.04000000e+00 
 1.05000000e+00  7.40000000e-01  1.05000000e+00  1.35864279e-05  1.05000000e+00  1.05000000e+00 
 1.06000000e+00  7.40000000e-01  1.06000000e+00  1.36378342e-05  1.06000000e+00  1.06000000e+00 
 1.07000000e+00  7.40000000e-01  1.07000000e+00  1.36891758e-05  1.07000000e+00  1.07000000e+00 
 1.08000000e+00  7.40000000e-01  1.08000000e+00  1.37404544e-05  1.08000000e+00  1.08000000e+00 
 1.09000000e+00  7.40000000e-01  1.09000000e+00  1.37916719e-05  1.09000000e+00  1.09000000e+00 
 1.10000000e+00  7.40000000e-01  1.10000000e+00  1.38428297e-05  1.10000000e+00  1.10000000e+00 
 1.11000000e+00  7.40000000e-01  1.11000000e+00  1.38939297e-05  1.11000000e+00  1.11000000e+00 
 1.12000000e+00  7.40000000e-01  1.12000000e+00  1.39449732e-05  1.12000000e+00  1.12000000e+00 
 1.13000000e+00  7.40000000e-01  1.13000000e+00  1.39959618e-05  1.13000000e+00  1.13000000e+00 
 1.14000000e+00  7.40000000e-01  1.14000000e+00  1.40468970e-05  1.14000000e+00  1.14000000e+00 
 1.15000000e+00  7.40000000e-01  1.15000000e+00  1.40977801e-05  1.15000000e+00  1.15000000e+00 
 1.16000000e+00  7.40000000e-01  1.16000000e+00  1.41486126e-05  1.16000000e+00  1.16000000e+00 
 1.17000000e+00  7.40000000e-01  1.17000000e+00  1.41993957e-05  1.17000000e+00  1.17000000e+00 
 1.18000000e+00  7.40000000e-01  1.18000000e+00  1.42501306e-05  1.18000000e+00  1.18000000e+00 
 1.19000000e+00  7.40000000e-01  1.19000000e+00  1.43008188e-05  1.19000000e+00  1.19000000e+00 
 1.20000000e+00  7.40000000e-01  1.20000000e+00  1.43514612e-05  1.20000000e+00  1.20000000e+00 
 1.21000000e+00  7.40000000e-01  1.21000000e+00  1.44020592e-05  1.21000000e+00  1.21000000e+00 
 1.22000000e+00  7.40000000e-01  1.22000000e+00  1.44526138e-05  1.22000000e+00  1.22000000e+00 
 1.23000000e+00  7.40000000e-01  1.23000000e+00  1.45031261e-05  1.23000000e+00  1.23000000e+00 
 1.24000000e+00  7.40000000e-01  1.24000000e+00  1.45535971e-05  1.24000000e+00  1.24000000e+00 
 1.25000000e+00  7.40000000e-01  1.25000000e+00  1.46040280e-05  1.25000000e+00  1.25000000e+00 
 1.26000000e+00  7.40000000e-01  1.26000000e+00  1.46544196e-05  1.26000000e+00  1.26000000e+00 
 1.27000000e+00  7.40000000e-01  1.27000000e+00  1.47047730e-05  1.27000000e+00  1.27000000e+00 
 1.28000000e+00  7.40000000e-01  1.28000000e+00  1.47550891e-05  1.28000000e+00  1.28000000e+00 
 1.29000000e+00  7.40000000e-01  1.29000000e+00  1.48053687e-05  1.29000000e+00  1.29000000e+00 
 1.30000000e+00  7.40000000e-01  1.30000000e+00  1.48556129e-05  1.30000000e+00  1.30000000e+00 
 1.31000000e+00  7.40000000e-01  1.31000000e+00  1.49058224e-05  1.31000000e+00  1.31000000e+00 
 1.32000000e+00  7.40000000e-01  1.32000000e+00  1.49559981e-05  1.32000000e+00  1.32000000e+00 
 1.33000000e+00  7.40000000e-01  1.33000000e+00  1.50061407e-05  1.33000000e+00  1.33000000e+00 
 1.34000000e+00  7.40000000e-01  1.34000000e+00  1.50562511e-05  1.34000000e+00  1.34000000e+00 
 1.35000000e+00  7.40000000e-01  1.35000000e+00  1.51063301e-05  1.35000000e+00  1.35000000e+00 
 1.36000000e+00  7.40000000e-01  1.36000000e+00  1.51563784e-05  1.36000000e+00  1.36000000e+00 
 1.37000000e+00  7.40000000e-01  1.37000000e+00  1.52063966e-05  1.37000000e+00  1.37000000e+00 
 1.38000000e+00  7.40000000e-01  1.38000000e+00  1.52563856e-05  1.38000000e+00  1.38000000e+00 
 1.39000000e+00  7.40000000e-01  1.39000000e+00  1.53063460e-05  1.39000000e+00  1.39000000e+00 
 1.40000000e+00  7.40000000e-01  1.40000000e+00  1.53562785e-05  1.40000000e+00  1.40000000e+00 
 1.41000000e+00  7.40000000e-01  1.41000000e+00  1.54061837e-05  1.41000000e+00  1.41000000e+00 
 1.42000000e+00  7.40000000e-01  1.42000000e+00  1.54560622e-05  1.42000000e+00  1.42000000e+00 
 1.43000000e+00  7.40000000e-01  1.43000000e+00  1.55059147e-05  1.43000000e+00  1.43000000e+00 
 1.44000000e+00  7.40000000e-01  1.44000000e+00  1.55557418e-05  1.44000000e+00  1.44000000e+00 
 1.45000000e+00  7.40000000e-01  1.45000000e+00  1.56055441e-05  1.45000000e+00  1.45000000e+00 
 1.46000000e+00  7.40000000e-01  1.46000000e+00  1.56553220e-05  1.46000000e+00  1.46000000e+00 
 1.47000000e+00  7.40000000e-01  1.47000000e+00  1.57050763e-05  1.47000000e+00  1.47000000e+00 
 1.48000000e+00  7.40000000e-01  1.48000000e+00  1.57548074e-05  1.48000000e+00  1.48000000e+00 
 1.49000000e+00  7.40000000e-01  1.49000000e+00  1.58045159e-05  1.49000000e+00  1.49000000e+00 
 1.50000000e+00  7.40000000e-01  1.50000000e+00  1.58542022e-05  1.50000000e+00  1.50000000e+00 
 1.51000000e+00  7.40000000e-01  1.51000000e+00  1.59038669e-05  1.51000000e+00  1.51000000e+00 
 1.52000000e+00  7.40000000e-01  1.52000000e+00  1.59535105e-05  1.52000000e+00  1.52000000e+00 
 1.53000000e+00  7.40000000e-01  1.53000000e+00  1.60031334e-05  1.53000000e+00  1.53000000e+00 
 1.54000000e+00  7.40000000e-01  1.54000000e+00  1.60527361e-05  1.54000000e+00  1.54000000e+00 
 1.55000000e+00  7.40000000e-01  1.55000000e+00  1.61023192e-05  1.55000000e+00  1.55000000e+00 
 1.56000000e+00  7.40000000e-01  1.56000000e+00  1.61518829e-05  1.56000000e+00  1.56000000e+00 
 1.57000000e+00  7.40000000e-01  1.57000000e+00  1.62014277e-05  1.57000000e+00  1.57000000e+00 
 1.58000000e+00  7.40000000e-01  1.58000000e+00  1.62509542e-05  1.58000000e+00  1.58000000e+00 
 1.59000000e+00  7.40000000e-01  1.59000000e+00  1.63004626e-05  1.59000000e+00  1.59000000e+00 
 1.60000000e+00  7.40000000e-01  1.60000000e+00  1.63499535e-05  1.60000000e+00  1.60000000e+00 
 1.61000000e+00  7.40000000e-01  1.61000000e+00  1.63994271e-05  1.61000000e+00  1.61000000e+00 
 1.62000000e+00  7.40000000e-01  1.62000000e+00  1.64488839e-05  1.62000000e+00  1.62000000e+00 
 1.63000000e+00  7.40000000e-01  1.63000000e+00  1.64983243e-05  1.63000000e+00  1.63000000e+00 
 1.64000000e+00  7.40000000e-01  1.64000000e+00  1.65477486e-05  1.64000000e+00  1.64000000e+00 
 1.65000000e+00  7.40000000e-01  1.65000000e+00  1.65971572e-05  1.65000000e+00  1.65000000e+00 
 1.66000000e+00  7.40000000e-01  1.66000000e+00  1.66465505e-05  1.66000000e+00  1.66000000e+00 
 1.67000000e+00  7.40000000e-01  1.67000000e+00  1.66959287e-05  1.67000000e+00  1.67000000e+00 
 1.68000000e+00  7.40000000e-01  1.68000000e+00  1.67452923e-05  1.68000000e+00  1.68000000e+00 
 1.69000000e+00  7.40000000e-01  1.69000000e+00  1.67946416e-05  1.69000000e+00  1.69000000e+00 
 1.70000000e+00  7.40000000e-01  1.70000000e+00  1.68439768e-05  1.70000000e+00  1.70000000e+00 
 1.71000000e+00  7.40000000e-01  1.71000000e+00  1.68932984e-05  1.71000000e+00  1.71000000e+00 
 1.72000000e+00  7.40000000e-01  1.72000000e+00  1.69426066e-05  1.72000000e+00  1.72000000e+00 
 1.73000000e+00  7.40000000e-01  1.73000000e+00  1.69919018e-05  1.73000000e+00  1.73000000e+00 
 1.74000000e+00  7.40000000e-01  1.74000000e+00  1.70411842e-05  1.74000000e+00  1.74000000e+00 
 1.75000000e+00  7.40000000e-01  1.75000000e+00  1.70904541e-05  1.75000000e+00  1.75000000e+00 
 1.76000000e+00  7.40000000e-01  1.76000000e+00  1.71397119e-05  1.76000000e+00  1.76000000e+00 
 1.77000000e+00  7.40000000e-01  1.77000000e+00  1.71889578e-05  1.77000000e+00  1.77000000e+00 
 1.78000000e+00  7.40000000e-01  1.78000000e+00  1.72381920e-05  1.78000000e+00  1.78000000e+00 
 1.79000000e+00  7.40000000e-01  1.79000000e+00  1.72874150e-05  1.79000000e+00  1.79000000e+00 
 1.80000000e+00  7.40000000e-01  1.80000000e+00  1.73366269e-05  1.80000000e+00  1.80000000e+00 
 1.81000000e+00  7.40000000e-01  1.81000000e+00  1.73858280e-05  1.81000000e+00  1.81000000e+00 
 1.82000000e+00  7.40000000e-01  1.82000000e+00  1.74350186e-05  1.82000000e+00  1.82000000e+00 
 1.83000000e+00  7.40000000e-01  1.83000000e+00  1.74841989e-05  1.83000000e+00  1.83000000e+00 
 1.84000000e+00  7.40000000e-01  1.84000000e+00  1.75333692e-05  1.84000000e+00  1.84000000e+00 
 1.85000000e+00  7.40000000e-01  1.85000000e+00  1.75825298e-05  1.85000000e+00  1.85000000e+00 
