 0.00000000e+00  1.11000000e+00  0.00000000e+00  0.00000000e+00  0.00000000e+00  0.00000000e+00 
 1.00000000e-02  1.11000000e+00  1.00000000e-02  1.73806004e-05  1.00000000e-02  1.00000000e-02 
 2.00000000e-02  1.11000000e+00  2.00000000e-02  3.40007016e-05  2.00000000e-02  2.00000000e-02 
 3.00000000e-02  1.11000000e+00  3.00000000e-02  4.97609268e-05  3.00000000e-02  3.00000000e-02 
 4.00000000e-02  1.11000000e+00  4.00000000e-02  6.46148758e-05  4.00000000e-02  4.00000000e-02 
 5.00000000e-02  1.11000000e+00  5.00000000e-02  7.85473102e-05  5.00000000e-02  5.00000000e-02 
 6.00000000e-02  1.11000000e+00  6.00000000e-02  9.15635472e-05  6.00000000e-02  6.00000000e-02 
 7.00000000e-02  1.11000000e+00  7.00000000e-02  1.03683508e-04  7.00000000e-02  7.00000000e-02 
 8.00000000e-02  1.11000000e+00  8.00000000e-02  1.14937878e-04  8.00000000e-02  8.00000000e-02 
 9.00000000e-02  1.11000000e+00  9.00000000e-02  1.25365279e-04  9.00000000e-02  9.00000000e-02 
 1.00000000e-01  1.11000000e+00  1.00000000e-01  1.35009986e-04  1.00000000e-01  1.00000000e-01 
 1.10000000e-01  1.11000000e+00  1.10000000e-01  1.43919958e-04  1.10000000e-01  1.10000000e-01 
 1.20000000e-01  1.11000000e+00  1.20000000e-01  1.52145150e-04  1.20000000e-01  1.20000000e-01 
 1.30000000e-01  1.11000000e+00  1.30000000e-01  1.59736057e-04  1.30000000e-01  1.30000000e-01 
 1.40000000e-01  1.11000000e+00  1.40000000e-01  1.66742528e-04  1.40000000e-01  1.40000000e-01 
 1.50000000e-01  1.11000000e+00  1.50000000e-01  1.73212828e-04  1.50000000e-01  1.50000000e-01 
 1.60000000e-01  1.11000000e+00  1.60000000e-01  1.79192948e-04  1.60000000e-01  1.60000000e-01 
 1.70000000e-01  1.11000000e+00  1.70000000e-01  1.84726140e-04  1.70000000e-01  1.70000000e-01 
 1.80000000e-01  1.11000000e+00  1.80000000e-01  1.89852638e-04  1.80000000e-01  1.80000000e-01 
 1.90000000e-01  1.11000000e+00  1.90000000e-01  1.94609546e-04  1.90000000e-01  1.90000000e-01 
 2.00000000e-01  1.11000000e+00  2.00000000e-01  1.99030832e-04  2.00000000e-01  2.00000000e-01 
 2.10000000e-01  1.11000000e+00  2.10000000e-01  2.03147425e-04  2.10000000e-01  2.10000000e-01 
 2.20000000e-01  1.11000000e+00  2.20000000e-01  2.06987355e-04  2.20000000e-01  2.20000000e-01 
 2.30000000e-01  1.11000000e+00  2.30000000e-01  2.10575951e-04  2.30000000e-01  2.30000000e-01 
 2.40000000e-01  1.11000000e+00  2.40000000e-01  2.13936038e-04  2.40000000e-01  2.40000000e-01 
 2.50000000e-01  1.11000000e+00  2.50000000e-01  2.17088154e-04  2.50000000e-01  2.50000000e-01 
 2.60000000e-01  1.11000000e+00  2.60000000e-01  2.20050760e-04  2.60000000e-01  2.60000000e-01 
 2.70000000e-01  1.11000000e+00  2.70000000e-01  2.22840444e-04  2.70000000e-01  2.70000000e-01 
 2.80000000e-01  1.11000000e+00  2.80000000e-01  2.25472108e-04  2.80000000e-01  2.80000000e-01 
 2.90000000e-01  1.11000000e+00  2.90000000e-01  2.27959144e-04  2.90000000e-01  2.90000000e-01 
 3.00000000e-01  1.11000000e+00  3.00000000e-01  2.30313596e-04  3.00000000e-01  3.00000000e-01 
 3.10000000e-01  1.11000000e+00  3.10000000e-01  2.32546305e-04  3.10000000e-01  3.10000000e-01 
 3.20000000e-01  1.11000000e+00  3.20000000e-01  2.34667035e-04  3.20000000e-01  3.20000000e-01 
 3.30000000e-01  1.11000000e+00  3.30000000e-01  2.36684597e-04  3.30000000e-01  3.30000000e-01 
 3.40000000e-01  1.11000000e+00  3.40000000e-01  2.38606949e-04  3.40000000e-01  3.40000000e-01 
 3.50000000e-01  1.11000000e+00  3.50000000e-01  2.40441288e-04  3.50000000e-01  3.50000000e-01 
 3.60000000e-01  1.11000000e+00  3.60000000e-01  2.42194133e-04  3.60000000e-01  3.60000000e-01 
 3.70000000e-01  1.11000000e+00  3.70000000e-01  2.43871400e-04  3.70000000e-01  3.70000000e-01 
 3.80000000e-01  1.11000000e+00  3.80000000e-01  2.45478462e-04  3.80000000e-01  3.80000000e-01 
 3.90000000e-01  1.11000000e+00  3.90000000e-01  2.47020211e-04  3.90000000e-01  3.90000000e-01 
 4.00000000e-01  1.11000000e+00  4.00000000e-01  2.48501105e-04  4.00000000e-01  4.00000000e-01 
 4.10000000e-01  1.11000000e+00  4.10000000e-01  2.49925213e-04  4.10000000e-01  4.10000000e-01 
 4.20000000e-01  1.11000000e+00  4.20000000e-01  2.51296256e-04  4.20000000e-01  4.20000000e-01 
 4.30000000e-01  1.11000000e+00  4.30000000e-01  2.52617642e-04  4.30000000e-01  4.30000000e-01 
 4.40000000e-01  1.11000000e+00  4.40000000e-01  2.53892497e-04  4.40000000e-01  4.40000000e-01 
 4.50000000e-01  1.11000000e+00  4.50000000e-01  2.55123690e-04  4.50000000e-01  4.50000000e-01 
 4.60000000e-01  1.11000000e+00  4.60000000e-01  2.56313863e-04  4.60000000e-01  4.60000000e-01 
 4.70000000e-01  1.11000000e+00  4.70000000e-01  2.57465449e-04  4.70000000e-01  4.70000000e-01 
 4.80000000e-01  1.11000000e+00  4.80000000e-01  2.58580693e-04  4.80000000e-01  4.80000000e-01 
 4.90000000e-01  1.11000000e+00  4.90000000e-01  2.59661668e-04  4.90000000e-01  4.90000000e-01 
 5.00000000e-01  1.11000000e+00  5.00000000e-01  2.60710294e-04  5.00000000e-01  5.00000000e-01 
 5.10000000e-01  1.11000000e+00  5.10000000e-01  2.61728346e-04  5.10000000e-01  5.10000000e-01 
 5.20000000e-01  1.11000000e+00  5.20000000e-01  2.62717475e-04  5.20000000e-01  5.20000000e-01 
 5.30000000e-01  1.11000000e+00  5.30000000e-01  2.63679211e-04  5.30000000e-01  5.30000000e-01 
 5.40000000e-01  1.11000000e+00  5.40000000e-01  2.64614978e-04  5.40000000e-01  5.40000000e-01 
 5.50000000e-01  1.11000000e+00  5.50000000e-01  2.65526103e-04  5.50000000e-01  5.50000000e-01 
 5.60000000e-01  1.11000000e+00  5.60000000e-01  2.66413821e-04  5.60000000e-01  5.60000000e-01 
 5.70000000e-01  1.11000000e+00  5.70000000e-01  2.67279286e-04  5.70000000e-01  5.70000000e-01 
 5.80000000e-01  1.11000000e+00  5.80000000e-01  2.68123576e-04  5.80000000e-01  5.80000000e-01 
 5.90000000e-01  1.11000000e+00  5.90000000e-01  2.68947698e-04  5.90000000e-01  5.90000000e-01 
 6.00000000e-01  1.11000000e+00  6.00000000e-01  2.69752597e-04  6.00000000e-01  6.00000000e-01 
 6.10000000e-01  1.11000000e+00  6.10000000e-01  2.70539157e-04  6.10000000e-01  6.10000000e-01 
 6.20000000e-01  1.11000000e+00  6.20000000e-01  2.71308209e-04  6.20000000e-01  6.20000000e-01 
 6.30000000e-01  1.11000000e+00  6.30000000e-01  2.72060532e-04  6.30000000e-01  6.30000000e-01 
 6.40000000e-01  1.11000000e+00  6.40000000e-01  2.72796859e-04  6.40000000e-01  6.40000000e-01 
 6.50000000e-01  1.11000000e+00  6.50000000e-01  2.73517881e-04  6.50000000e-01  6.50000000e-01 
 6.60000000e-01  1.11000000e+00  6.60000000e-01  2.74224246e-04  6.60000000e-01  6.60000000e-01 
 6.70000000e-01  1.11000000e+00  6.70000000e-01  2.74916568e-04  6.70000000e-01  6.70000000e-01 
 6.80000000e-01  1.11000000e+00  6.80000000e-01  2.75595424e-04  6.80000000e-01  6.80000000e-01 
 6.90000000e-01  1.11000000e+00  6.90000000e-01  2.76261359e-04  6.90000000e-01  6.90000000e-01 
 7.00000000e-01  1.11000000e+00  7.00000000e-01  2.76914891e-04  7.00000000e-01  7.00000000e-01 
 7.10000000e-01  1.11000000e+00  7.10000000e-01  2.77556505e-04  7.10000000e-01  7.10000000e-01 
 7.20000000e-01  1.11000000e+00  7.20000000e-01  2.78186665e-04  7.20000000e-01  7.20000000e-01 
 7.30000000e-01  1.11000000e+00  7.30000000e-01  2.78805808e-04  7.30000000e-01  7.30000000e-01 
 7.40000000e-01  1.11000000e+00  7.40000000e-01  2.79414348e-04  7.40000000e-01  7.40000000e-01 
 7.50000000e-01  1.11000000e+00  7.50000000e-01  2.80012680e-04  7.50000000e-01  7.50000000e-01 
 7.60000000e-01  1.11000000e+00  7.60000000e-01  2.80601176e-04  7.60000000e-01  7.60000000e-01 
 7.70000000e-01  1.11000000e+00  7.70000000e-01  2.81180192e-04  7.70000000e-01  7.70000000e-01 
 7.80000000e-01  1.11000000e+00  7.80000000e-01  2.81750065e-04  7.80000000e-01  7.80000000e-01 
 7.90000000e-01  1.11000000e+00  7.90000000e-01  2.82311116e-04  7.90000000e-01  7.90000000e-01 
 8.00000000e-01  1.11000000e+00  8.00000000e-01  2.82863652e-04  8.00000000e-01  8.00000000e-01 
 8.10000000e-01  1.11000000e+00  8.10000000e-01  2.83407962e-04  8.10000000e-01  8.10000000e-01 
 8.20000000e-01  1.11000000e+00  8.20000000e-01  2.83944325e-04  8.20000000e-01  8.20000000e-01 
 8.30000000e-01  1.11000000e+00  8.30000000e-01  2.84473005e-04  8.30000000e-01  8.30000000e-01 
 8.40000000e-01  1.11000000e+00  8.40000000e-01  2.84994255e-04  8.40000000e-01  8.40000000e-01 
 8.50000000e-01  1.11000000e+00  8.50000000e-01  2.85508317e-04  8.50000000e-01  8.50000000e-01 
 8.60000000e-01  1.11000000e+00  8.60000000e-01  2.86015420e-04  8.60000000e-01  8.60000000e-01 
 8.70000000e-01  1.11000000e+00  8.70000000e-01  2.86515785e-04  8.70000000e-01  8.70000000e-01 
 8.80000000e-01  1.11000000e+00  8.80000000e-01  2.87009623e-04  8.80000000e-01  8.80000000e-01 
 8.90000000e-01  1.11000000e+00  8.90000000e-01  2.87497135e-04  8.90000000e-01  8.90000000e-01 
 9.00000000e-01  1.11000000e+00  9.00000000e-01  2.87978514e-04  9.00000000e-01  9.00000000e-01 
 9.10000000e-01  1.11000000e+00  9.10000000e-01  2.88453946e-04  9.10000000e-01  9.10000000e-01 
 9.20000000e-01  1.11000000e+00  9.20000000e-01  2.88923607e-04  9.20000000e-01  9.20000000e-01 
 9.30000000e-01  1.11000000e+00  9.30000000e-01  2.89387668e-04  9.30000000e-01  9.30000000e-01 
 9.40000000e-01  1.11000000e+00  9.40000000e-01  2.89846292e-04  9.40000000e-01  9.40000000e-01 
 9.50000000e-01  1.11000000e+00  9.50000000e-01  2.90299635e-04  9.50000000e-01  9.50000000e-01 
 9.60000000e-01  1.11000000e+00  9.60000000e-01  2.90747847e-04  9.60000000e-01  9.60000000e-01 
 9.70000000e-01  1.11000000e+00  9.70000000e-01  2.91191073e-04  9.70000000e-01  9.70000000e-01 
 9.80000000e-01  1.11000000e+00  9.80000000e-01  2.91629452e-04  9.80000000e-01  9.80000000e-01 
 9.90000000e-01  1.11000000e+00  9.90000000e-01  2.92063116e-04  9.90000000e-01  9.90000000e-01 
 1.00000000e+00  1.11000000e+00  1.00000000e+00  2.92492195e-04  1.00000000e+00  1.00000000e+00 
 1.01000000e+00  1.11000000e+00  1.01000000e+00  2.92916811e-04  1.01000000e+00  1.01000000e+00 
 1.02000000e+00  1.11000000e+00  1.02000000e+00  2.93337085e-04  1.02000000e+00  1.02000000e+00 
 1.03000000e+00  1.11000000e+00  1.03000000e+00  2.93753129e-04  1.03000000e+00  1.03000000e+00 
 1.04000000e+00  1.11000000e+00  1.04000000e+00  2.94165055e-04  1.04000000e+00  1.04000000e+00 
 1.05000000e+00  1.11000000e+00  1.05000000e+00  2.94572968e-04  1.05000000e+00  1.05000000e+00 
 1.06000000e+00  1.11000000e+00  1.06000000e+00  2.94976971e-04  1.06000000e+00  1.06000000e+00 
 1.07000000e+00  1.11000000e+00  1.07000000e+00  2.95377164e-04  1.07000000e+00  1.07000000e+00 
 1.08000000e+00  1.11000000e+00  1.08000000e+00  2.95773641e-04  1.08000000e+00  1.08000000e+00 
 1.09000000e+00  1.11000000e+00  1.09000000e+00  2.96166494e-04  1.09000000e+00  1.09000000e+00 
 1.10000000e+00  1.11000000e+00  1.10000000e+00  2.96555813e-04  1.10000000e+00  1.10000000e+00 
 1.11000000e+00  1.11000000e+00  1.11000000e+00  2.96941683e-04  1.11000000e+00  1.11000000e+00 
 1.12000000e+00  1.11000000e+00  1.12000000e+00  2.97324187e-04  1.12000000e+00  1.12000000e+00 
 1.13000000e+00  1.11000000e+00  1.13000000e+00  2.97703406e-04  1.13000000e+00  1.13000000e+00 
 1.14000000e+00  1.11000000e+00  1.14000000e+00  2.98079416e-04  1.14000000e+00  1.14000000e+00 
 1.15000000e+00  1.11000000e+00  1.15000000e+00  2.98452293e-04  1.15000000e+00  1.15000000e+00 
 1.16000000e+00  1.11000000e+00  1.16000000e+00  2.98822110e-04  1.16000000e+00  1.16000000e+00 
 1.17000000e+00  1.11000000e+00  1.17000000e+00  2.99188936e-04  1.17000000e+00  1.17000000e+00 
 1.18000000e+00  1.11000000e+00  1.18000000e+00  2.99552839e-04  1.18000000e+00  1.18000000e+00 
 1.19000000e+00  1.11000000e+00  1.19000000e+00  2.99913886e-04  1.19000000e+00  1.19000000e+00 
 1.20000000e+00  1.11000000e+00  1.20000000e+00  3.00272139e-04  1.20000000e+00  1.20000000e+00 
 1.21000000e+00  1.11000000e+00  1.21000000e+00  3.00627661e-04  1.21000000e+00  1.21000000e+00 
 1.22000000e+00  1.11000000e+00  1.22000000e+00  3.00980512e-04  1.22000000e+00  1.22000000e+00 
 1.23000000e+00  1.11000000e+00  1.23000000e+00  3.01330749e-04  1.23000000e+00  1.23000000e+00 
 1.24000000e+00  1.11000000e+00  1.24000000e+00  3.01678428e-04  1.24000000e+00  1.24000000e+00 
 1.25000000e+00  1.11000000e+00  1.25000000e+00  3.02023605e-04  1.25000000e+00  1.25000000e+00 
 1.26000000e+00  1.11000000e+00  1.26000000e+00  3.02366332e-04  1.26000000e+00  1.26000000e+00 
 1.27000000e+00  1.11000000e+00  1.27000000e+00  3.02706661e-04  1.27000000e+00  1.27000000e+00 
 1.28000000e+00  1.11000000e+00  1.28000000e+00  3.03044641e-04  1.28000000e+00  1.28000000e+00 
 1.29000000e+00  1.11000000e+00  1.29000000e+00  3.03380320e-04  1.29000000e+00  1.29000000e+00 
 1.30000000e+00  1.11000000e+00  1.30000000e+00  3.03713746e-04  1.30000000e+00  1.30000000e+00 
 1.31000000e+00  1.11000000e+00  1.31000000e+00  3.04044965e-04  1.31000000e+00  1.31000000e+00 
 1.32000000e+00  1.11000000e+00  1.32000000e+00  3.04374020e-04  1.32000000e+00  1.32000000e+00 
 1.33000000e+00  1.11000000e+00  1.33000000e+00  3.04700955e-04  1.33000000e+00  1.33000000e+00 
 1.34000000e+00  1.11000000e+00  1.34000000e+00  3.05025812e-04  1.34000000e+00  1.34000000e+00 
 1.35000000e+00  1.11000000e+00  1.35000000e+00  3.05348631e-04  1.35000000e+00  1.35000000e+00 
 1.36000000e+00  1.11000000e+00  1.36000000e+00  3.05669452e-04  1.36000000e+00  1.36000000e+00 
 1.37000000e+00  1.11000000e+00  1.37000000e+00  3.05988314e-04  1.37000000e+00  1.37000000e+00 
 1.38000000e+00  1.11000000e+00  1.38000000e+00  3.06305254e-04  1.38000000e+00  1.38000000e+00 
 1.39000000e+00  1.11000000e+00  1.39000000e+00  3.06620309e-04  1.39000000e+00  1.39000000e+00 
 1.40000000e+00  1.11000000e+00  1.40000000e+00  3.06933514e-04  1.40000000e+00  1.40000000e+00 
 1.41000000e+00  1.11000000e+00  1.41000000e+00  3.07244903e-04  1.41000000e+00  1.41000000e+00 
 1.42000000e+00  1.11000000e+00  1.42000000e+00  3.07554511e-04  1.42000000e+00  1.42000000e+00 
 1.43000000e+00  1.11000000e+00  1.43000000e+00  3.07862370e-04  1.43000000e+00  1.43000000e+00 
 1.44000000e+00  1.11000000e+00  1.44000000e+00  3.08168512e-04  1.44000000e+00  1.44000000e+00 
 1.45000000e+00  1.11000000e+00  1.45000000e+00  3.08472968e-04  1.45000000e+00  1.45000000e+00 
 1.46000000e+00  1.11000000e+00  1.46000000e+00  3.08775769e-04  1.46000000e+00  1.46000000e+00 
 1.47000000e+00  1.11000000e+00  1.47000000e+00  3.09076945e-04  1.47000000e+00  1.47000000e+00 
 1.48000000e+00  1.11000000e+00  1.48000000e+00  3.09376523e-04  1.48000000e+00  1.48000000e+00 
 1.49000000e+00  1.11000000e+00  1.49000000e+00  3.09674532e-04  1.49000000e+00  1.49000000e+00 
 1.50000000e+00  1.11000000e+00  1.50000000e+00  3.09971000e-04  1.50000000e+00  1.50000000e+00 
 1.51000000e+00  1.11000000e+00  1.51000000e+00  3.10265953e-04  1.51000000e+00  1.51000000e+00 
 1.52000000e+00  1.11000000e+00  1.52000000e+00  3.10559418e-04  1.52000000e+00  1.52000000e+00 
 1.53000000e+00  1.11000000e+00  1.53000000e+00  3.10851420e-04  1.53000000e+00  1.53000000e+00 
 1.54000000e+00  1.11000000e+00  1.54000000e+00  3.11141983e-04  1.54000000e+00  1.54000000e+00 
 1.55000000e+00  1.11000000e+00  1.55000000e+00  3.11431133e-04  1.55000000e+00  1.55000000e+00 
 1.56000000e+00  1.11000000e+00  1.56000000e+00  3.11718892e-04  1.56000000e+00  1.56000000e+00 
 1.57000000e+00  1.11000000e+00  1.57000000e+00  3.12005284e-04  1.57000000e+00  1.57000000e+00 
 1.58000000e+00  1.11000000e+00  1.58000000e+00  3.12290332e-04  1.58000000e+00  1.58000000e+00 
 1.59000000e+00  1.11000000e+00  1.59000000e+00  3.12574057e-04  1.59000000e+00  1.59000000e+00 
 1.60000000e+00  1.11000000e+00  1.60000000e+00  3.12856481e-04  1.60000000e+00  1.60000000e+00 
 1.61000000e+00  1.11000000e+00  1.61000000e+00  3.13137626e-04  1.61000000e+00  1.61000000e+00 
 1.62000000e+00  1.11000000e+00  1.62000000e+00  3.13417512e-04  1.62000000e+00  1.62000000e+00 
 1.63000000e+00  1.11000000e+00  1.63000000e+00  3.13696159e-04  1.63000000e+00  1.63000000e+00 
 1.64000000e+00  1.11000000e+00  1.64000000e+00  3.13973586e-04  1.64000000e+00  1.64000000e+00 
 1.65000000e+00  1.11000000e+00  1.65000000e+00  3.14249814e-04  1.65000000e+00  1.65000000e+00 
 1.66000000e+00  1.11000000e+00  1.66000000e+00  3.14524861e-04  1.66000000e+00  1.66000000e+00 
 1.67000000e+00  1.11000000e+00  1.67000000e+00  3.14798745e-04  1.67000000e+00  1.67000000e+00 
 1.68000000e+00  1.11000000e+00  1.68000000e+00  3.15071485e-04  1.68000000e+00  1.68000000e+00 
 1.69000000e+00  1.11000000e+00  1.69000000e+00  3.15343098e-04  1.69000000e+00  1.69000000e+00 
 1.70000000e+00  1.11000000e+00  1.70000000e+00  3.15613601e-04  1.70000000e+00  1.70000000e+00 
 1.71000000e+00  1.11000000e+00  1.71000000e+00  3.15883012e-04  1.71000000e+00  1.71000000e+00 
 1.72000000e+00  1.11000000e+00  1.72000000e+00  3.16151347e-04  1.72000000e+00  1.72000000e+00 
 1.73000000e+00  1.11000000e+00  1.73000000e+00  3.16418622e-04  1.73000000e+00  1.73000000e+00 
 1.74000000e+00  1.11000000e+00  1.74000000e+00  3.16684854e-04  1.74000000e+00  1.74000000e+00 
 1.75000000e+00  1.11000000e+00  1.75000000e+00  3.16950058e-04  1.75000000e+00  1.75000000e+00 
 1.76000000e+00  1.11000000e+00  1.76000000e+00  3.17214249e-04  1.76000000e+00  1.76000000e+00 
 1.77000000e+00  1.11000000e+00  1.77000000e+00  3.17477442e-04  1.77000000e+00  1.77000000e+00 
 1.78000000e+00  1.11000000e+00  1.78000000e+00  3.17739652e-04  1.78000000e+00  1.78000000e+00 
 1.79000000e+00  1.11000000e+00  1.79000000e+00  3.18000894e-04  1.79000000e+00  1.79000000e+00 
 1.80000000e+00  1.11000000e+00  1.80000000e+00  3.18261181e-04  1.80000000e+00  1.80000000e+00 
 1.81000000e+00  1.11000000e+00  1.81000000e+00  3.18520528e-04  1.81000000e+00  1.81000000e+00 
 1.82000000e+00  1.11000000e+00  1.82000000e+00  3.18778948e-04  1.82000000e+00  1.82000000e+00 
 1.83000000e+00  1.11000000e+00  1.83000000e+00  3.19036455e-04  1.83000000e+00  1.83000000e+00 
 1.84000000e+00  1.11000000e+00  1.84000000e+00  3.19293062e-04  1.84000000e+00  1.84000000e+00 
 1.85000000e+00  1.11000000e+00  1.85000000e+00  3.19548781e-04  1.85000000e+00  1.85000000e+00 
