 0.00000000e+00  1.85000000e+00  0.00000000e+00  0.00000000e+00  0.00000000e+00  0.00000000e+00 
 1.00000000e-02  1.85000000e+00  1.00000000e-02  3.64448909e-05  1.00000000e-02  1.00000000e-02 
 2.00000000e-02  1.85000000e+00  2.00000000e-02  7.20972169e-05  2.00000000e-02  2.00000000e-02 
 3.00000000e-02  1.85000000e+00  3.00000000e-02  1.06895289e-04  3.00000000e-02  3.00000000e-02 
 4.00000000e-02  1.85000000e+00  4.00000000e-02  1.40790722e-04  4.00000000e-02  4.00000000e-02 
 5.00000000e-02  1.85000000e+00  5.00000000e-02  1.73744705e-04  5.00000000e-02  5.00000000e-02 
 6.00000000e-02  1.85000000e+00  6.00000000e-02  2.05725678e-04  6.00000000e-02  6.00000000e-02 
 7.00000000e-02  1.85000000e+00  7.00000000e-02  2.36707884e-04  7.00000000e-02  7.00000000e-02 
 8.00000000e-02  1.85000000e+00  8.00000000e-02  2.66670487e-04  8.00000000e-02  8.00000000e-02 
 9.00000000e-02  1.85000000e+00  9.00000000e-02  2.95597075e-04  9.00000000e-02  9.00000000e-02 
 1.00000000e-01  1.85000000e+00  1.00000000e-01  3.23475417e-04  1.00000000e-01  1.00000000e-01 
 1.10000000e-01  1.85000000e+00  1.10000000e-01  3.50297400e-04  1.10000000e-01  1.10000000e-01 
 1.20000000e-01  1.85000000e+00  1.20000000e-01  3.76059058e-04  1.20000000e-01  1.20000000e-01 
 1.30000000e-01  1.85000000e+00  1.30000000e-01  4.00760659e-04  1.30000000e-01  1.30000000e-01 
 1.40000000e-01  1.85000000e+00  1.40000000e-01  4.24406793e-04  1.40000000e-01  1.40000000e-01 
 1.50000000e-01  1.85000000e+00  1.50000000e-01  4.47006429e-04  1.50000000e-01  1.50000000e-01 
 1.60000000e-01  1.85000000e+00  1.60000000e-01  4.68572906e-04  1.60000000e-01  1.60000000e-01 
 1.70000000e-01  1.85000000e+00  1.70000000e-01  4.89123837e-04  1.70000000e-01  1.70000000e-01 
 1.80000000e-01  1.85000000e+00  1.80000000e-01  5.08680927e-04  1.80000000e-01  1.80000000e-01 
 1.90000000e-01  1.85000000e+00  1.90000000e-01  5.27269682e-04  1.90000000e-01  1.90000000e-01 
 2.00000000e-01  1.85000000e+00  2.00000000e-01  5.44919033e-04  2.00000000e-01  2.00000000e-01 
 2.10000000e-01  1.85000000e+00  2.10000000e-01  5.61660881e-04  2.10000000e-01  2.10000000e-01 
 2.20000000e-01  1.85000000e+00  2.20000000e-01  5.77529587e-04  2.20000000e-01  2.20000000e-01 
 2.30000000e-01  1.85000000e+00  2.30000000e-01  5.92561433e-04  2.30000000e-01  2.30000000e-01 
 2.40000000e-01  1.85000000e+00  2.40000000e-01  6.06794065e-04  2.40000000e-01  2.40000000e-01 
 2.50000000e-01  1.85000000e+00  2.50000000e-01  6.20265965e-04  2.50000000e-01  2.50000000e-01 
 2.60000000e-01  1.85000000e+00  2.60000000e-01  6.33015938e-04  2.60000000e-01  2.60000000e-01 
 2.70000000e-01  1.85000000e+00  2.70000000e-01  6.45082663e-04  2.70000000e-01  2.70000000e-01 
 2.80000000e-01  1.85000000e+00  2.80000000e-01  6.56504288e-04  2.80000000e-01  2.80000000e-01 
 2.90000000e-01  1.85000000e+00  2.90000000e-01  6.67318098e-04  2.90000000e-01  2.90000000e-01 
 3.00000000e-01  1.85000000e+00  3.00000000e-01  6.77560235e-04  3.00000000e-01  3.00000000e-01 
 3.10000000e-01  1.85000000e+00  3.10000000e-01  6.87265494e-04  3.10000000e-01  3.10000000e-01 
 3.20000000e-01  1.85000000e+00  3.20000000e-01  6.96467158e-04  3.20000000e-01  3.20000000e-01 
 3.30000000e-01  1.85000000e+00  3.30000000e-01  7.05196899e-04  3.30000000e-01  3.30000000e-01 
 3.40000000e-01  1.85000000e+00  3.40000000e-01  7.13484717e-04  3.40000000e-01  3.40000000e-01 
 3.50000000e-01  1.85000000e+00  3.50000000e-01  7.21358913e-04  3.50000000e-01  3.50000000e-01 
 3.60000000e-01  1.85000000e+00  3.60000000e-01  7.28846097e-04  3.60000000e-01  3.60000000e-01 
 3.70000000e-01  1.85000000e+00  3.70000000e-01  7.35971220e-04  3.70000000e-01  3.70000000e-01 
 3.80000000e-01  1.85000000e+00  3.80000000e-01  7.42757616e-04  3.80000000e-01  3.80000000e-01 
 3.90000000e-01  1.85000000e+00  3.90000000e-01  7.49227073e-04  3.90000000e-01  3.90000000e-01 
 4.00000000e-01  1.85000000e+00  4.00000000e-01  7.55399894e-04  4.00000000e-01  4.00000000e-01 
 4.10000000e-01  1.85000000e+00  4.10000000e-01  7.61294984e-04  4.10000000e-01  4.10000000e-01 
 4.20000000e-01  1.85000000e+00  4.20000000e-01  7.66929921e-04  4.20000000e-01  4.20000000e-01 
 4.30000000e-01  1.85000000e+00  4.30000000e-01  7.72321043e-04  4.30000000e-01  4.30000000e-01 
 4.40000000e-01  1.85000000e+00  4.40000000e-01  7.77483523e-04  4.40000000e-01  4.40000000e-01 
 4.50000000e-01  1.85000000e+00  4.50000000e-01  7.82431455e-04  4.50000000e-01  4.50000000e-01 
 4.60000000e-01  1.85000000e+00  4.60000000e-01  7.87177921e-04  4.60000000e-01  4.60000000e-01 
 4.70000000e-01  1.85000000e+00  4.70000000e-01  7.91735071e-04  4.70000000e-01  4.70000000e-01 
 4.80000000e-01  1.85000000e+00  4.80000000e-01  7.96114185e-04  4.80000000e-01  4.80000000e-01 
 4.90000000e-01  1.85000000e+00  4.90000000e-01  8.00325743e-04  4.90000000e-01  4.90000000e-01 
 5.00000000e-01  1.85000000e+00  5.00000000e-01  8.04379481e-04  5.00000000e-01  5.00000000e-01 
 5.10000000e-01  1.85000000e+00  5.10000000e-01  8.08284450e-04  5.10000000e-01  5.10000000e-01 
 5.20000000e-01  1.85000000e+00  5.20000000e-01  8.12049068e-04  5.20000000e-01  5.20000000e-01 
 5.30000000e-01  1.85000000e+00  5.30000000e-01  8.15681168e-04  5.30000000e-01  5.30000000e-01 
 5.40000000e-01  1.85000000e+00  5.40000000e-01  8.19188044e-04  5.40000000e-01  5.40000000e-01 
 5.50000000e-01  1.85000000e+00  5.50000000e-01  8.22576489e-04  5.50000000e-01  5.50000000e-01 
 5.60000000e-01  1.85000000e+00  5.60000000e-01  8.25852841e-04  5.60000000e-01  5.60000000e-01 
 5.70000000e-01  1.85000000e+00  5.70000000e-01  8.29023009e-04  5.70000000e-01  5.70000000e-01 
 5.80000000e-01  1.85000000e+00  5.80000000e-01  8.32092512e-04  5.80000000e-01  5.80000000e-01 
 5.90000000e-01  1.85000000e+00  5.90000000e-01  8.35066506e-04  5.90000000e-01  5.90000000e-01 
 6.00000000e-01  1.85000000e+00  6.00000000e-01  8.37949813e-04  6.00000000e-01  6.00000000e-01 
 6.10000000e-01  1.85000000e+00  6.10000000e-01  8.40746942e-04  6.10000000e-01  6.10000000e-01 
 6.20000000e-01  1.85000000e+00  6.20000000e-01  8.43462120e-04  6.20000000e-01  6.20000000e-01 
 6.30000000e-01  1.85000000e+00  6.30000000e-01  8.46099305e-04  6.30000000e-01  6.30000000e-01 
 6.40000000e-01  1.85000000e+00  6.40000000e-01  8.48662211e-04  6.40000000e-01  6.40000000e-01 
 6.50000000e-01  1.85000000e+00  6.50000000e-01  8.51154323e-04  6.50000000e-01  6.50000000e-01 
 6.60000000e-01  1.85000000e+00  6.60000000e-01  8.53578915e-04  6.60000000e-01  6.60000000e-01 
 6.70000000e-01  1.85000000e+00  6.70000000e-01  8.55939065e-04  6.70000000e-01  6.70000000e-01 
 6.80000000e-01  1.85000000e+00  6.80000000e-01  8.58237669e-04  6.80000000e-01  6.80000000e-01 
 6.90000000e-01  1.85000000e+00  6.90000000e-01  8.60477452e-04  6.90000000e-01  6.90000000e-01 
 7.00000000e-01  1.85000000e+00  7.00000000e-01  8.62660984e-04  7.00000000e-01  7.00000000e-01 
 7.10000000e-01  1.85000000e+00  7.10000000e-01  8.64790686e-04  7.10000000e-01  7.10000000e-01 
 7.20000000e-01  1.85000000e+00  7.20000000e-01  8.66868843e-04  7.20000000e-01  7.20000000e-01 
 7.30000000e-01  1.85000000e+00  7.30000000e-01  8.68897612e-04  7.30000000e-01  7.30000000e-01 
 7.40000000e-01  1.85000000e+00  7.40000000e-01  8.70879032e-04  7.40000000e-01  7.40000000e-01 
 7.50000000e-01  1.85000000e+00  7.50000000e-01  8.72815032e-04  7.50000000e-01  7.50000000e-01 
 7.60000000e-01  1.85000000e+00  7.60000000e-01  8.74707435e-04  7.60000000e-01  7.60000000e-01 
 7.70000000e-01  1.85000000e+00  7.70000000e-01  8.76557969e-04  7.70000000e-01  7.70000000e-01 
 7.80000000e-01  1.85000000e+00  7.80000000e-01  8.78368269e-04  7.80000000e-01  7.80000000e-01 
 7.90000000e-01  1.85000000e+00  7.90000000e-01  8.80139888e-04  7.90000000e-01  7.90000000e-01 
 8.00000000e-01  1.85000000e+00  8.00000000e-01  8.81874297e-04  8.00000000e-01  8.00000000e-01 
 8.10000000e-01  1.85000000e+00  8.10000000e-01  8.83572895e-04  8.10000000e-01  8.10000000e-01 
 8.20000000e-01  1.85000000e+00  8.20000000e-01  8.85237007e-04  8.20000000e-01  8.20000000e-01 
 8.30000000e-01  1.85000000e+00  8.30000000e-01  8.86867897e-04  8.30000000e-01  8.30000000e-01 
 8.40000000e-01  1.85000000e+00  8.40000000e-01  8.88466763e-04  8.40000000e-01  8.40000000e-01 
 8.50000000e-01  1.85000000e+00  8.50000000e-01  8.90034749e-04  8.50000000e-01  8.50000000e-01 
 8.60000000e-01  1.85000000e+00  8.60000000e-01  8.91572941e-04  8.60000000e-01  8.60000000e-01 
 8.70000000e-01  1.85000000e+00  8.70000000e-01  8.93082375e-04  8.70000000e-01  8.70000000e-01 
 8.80000000e-01  1.85000000e+00  8.80000000e-01  8.94564040e-04  8.80000000e-01  8.80000000e-01 
 8.90000000e-01  1.85000000e+00  8.90000000e-01  8.96018876e-04  8.90000000e-01  8.90000000e-01 
 9.00000000e-01  1.85000000e+00  9.00000000e-01  8.97447782e-04  9.00000000e-01  9.00000000e-01 
 9.10000000e-01  1.85000000e+00  9.10000000e-01  8.98851618e-04  9.10000000e-01  9.10000000e-01 
 9.20000000e-01  1.85000000e+00  9.20000000e-01  9.00231203e-04  9.20000000e-01  9.20000000e-01 
 9.30000000e-01  1.85000000e+00  9.30000000e-01  9.01587320e-04  9.30000000e-01  9.30000000e-01 
 9.40000000e-01  1.85000000e+00  9.40000000e-01  9.02920719e-04  9.40000000e-01  9.40000000e-01 
 9.50000000e-01  1.85000000e+00  9.50000000e-01  9.04232118e-04  9.50000000e-01  9.50000000e-01 
 9.60000000e-01  1.85000000e+00  9.60000000e-01  9.05522202e-04  9.60000000e-01  9.60000000e-01 
 9.70000000e-01  1.85000000e+00  9.70000000e-01  9.06791628e-04  9.70000000e-01  9.70000000e-01 
 9.80000000e-01  1.85000000e+00  9.80000000e-01  9.08041027e-04  9.80000000e-01  9.80000000e-01 
 9.90000000e-01  1.85000000e+00  9.90000000e-01  9.09271003e-04  9.90000000e-01  9.90000000e-01 
 1.00000000e+00  1.85000000e+00  1.00000000e+00  9.10482133e-04  1.00000000e+00  1.00000000e+00 
 1.01000000e+00  1.85000000e+00  1.01000000e+00  9.11674974e-04  1.01000000e+00  1.01000000e+00 
 1.02000000e+00  1.85000000e+00  1.02000000e+00  9.12850059e-04  1.02000000e+00  1.02000000e+00 
 1.03000000e+00  1.85000000e+00  1.03000000e+00  9.14007899e-04  1.03000000e+00  1.03000000e+00 
 1.04000000e+00  1.85000000e+00  1.04000000e+00  9.15148987e-04  1.04000000e+00  1.04000000e+00 
 1.05000000e+00  1.85000000e+00  1.05000000e+00  9.16273795e-04  1.05000000e+00  1.05000000e+00 
 1.06000000e+00  1.85000000e+00  1.06000000e+00  9.17382777e-04  1.06000000e+00  1.06000000e+00 
 1.07000000e+00  1.85000000e+00  1.07000000e+00  9.18476371e-04  1.07000000e+00  1.07000000e+00 
 1.08000000e+00  1.85000000e+00  1.08000000e+00  9.19554997e-04  1.08000000e+00  1.08000000e+00 
 1.09000000e+00  1.85000000e+00  1.09000000e+00  9.20619061e-04  1.09000000e+00  1.09000000e+00 
 1.10000000e+00  1.85000000e+00  1.10000000e+00  9.21668950e-04  1.10000000e+00  1.10000000e+00 
 1.11000000e+00  1.85000000e+00  1.11000000e+00  9.22705042e-04  1.11000000e+00  1.11000000e+00 
 1.12000000e+00  1.85000000e+00  1.12000000e+00  9.23727698e-04  1.12000000e+00  1.12000000e+00 
 1.13000000e+00  1.85000000e+00  1.13000000e+00  9.24737267e-04  1.13000000e+00  1.13000000e+00 
 1.14000000e+00  1.85000000e+00  1.14000000e+00  9.25734085e-04  1.14000000e+00  1.14000000e+00 
 1.15000000e+00  1.85000000e+00  1.15000000e+00  9.26718476e-04  1.15000000e+00  1.15000000e+00 
 1.16000000e+00  1.85000000e+00  1.16000000e+00  9.27690754e-04  1.16000000e+00  1.16000000e+00 
 1.17000000e+00  1.85000000e+00  1.17000000e+00  9.28651222e-04  1.17000000e+00  1.17000000e+00 
 1.18000000e+00  1.85000000e+00  1.18000000e+00  9.29600169e-04  1.18000000e+00  1.18000000e+00 
 1.19000000e+00  1.85000000e+00  1.19000000e+00  9.30537880e-04  1.19000000e+00  1.19000000e+00 
 1.20000000e+00  1.85000000e+00  1.20000000e+00  9.31464626e-04  1.20000000e+00  1.20000000e+00 
 1.21000000e+00  1.85000000e+00  1.21000000e+00  9.32380669e-04  1.21000000e+00  1.21000000e+00 
 1.22000000e+00  1.85000000e+00  1.22000000e+00  9.33286266e-04  1.22000000e+00  1.22000000e+00 
 1.23000000e+00  1.85000000e+00  1.23000000e+00  9.34181662e-04  1.23000000e+00  1.23000000e+00 
 1.24000000e+00  1.85000000e+00  1.24000000e+00  9.35067095e-04  1.24000000e+00  1.24000000e+00 
 1.25000000e+00  1.85000000e+00  1.25000000e+00  9.35942795e-04  1.25000000e+00  1.25000000e+00 
 1.26000000e+00  1.85000000e+00  1.26000000e+00  9.36808987e-04  1.26000000e+00  1.26000000e+00 
 1.27000000e+00  1.85000000e+00  1.27000000e+00  9.37665885e-04  1.27000000e+00  1.27000000e+00 
 1.28000000e+00  1.85000000e+00  1.28000000e+00  9.38513698e-04  1.28000000e+00  1.28000000e+00 
 1.29000000e+00  1.85000000e+00  1.29000000e+00  9.39352631e-04  1.29000000e+00  1.29000000e+00 
 1.30000000e+00  1.85000000e+00  1.30000000e+00  9.40182878e-04  1.30000000e+00  1.30000000e+00 
 1.31000000e+00  1.85000000e+00  1.31000000e+00  9.41004631e-04  1.31000000e+00  1.31000000e+00 
 1.32000000e+00  1.85000000e+00  1.32000000e+00  9.41818074e-04  1.32000000e+00  1.32000000e+00 
 1.33000000e+00  1.85000000e+00  1.33000000e+00  9.42623386e-04  1.33000000e+00  1.33000000e+00 
 1.34000000e+00  1.85000000e+00  1.34000000e+00  9.43420741e-04  1.34000000e+00  1.34000000e+00 
 1.35000000e+00  1.85000000e+00  1.35000000e+00  9.44210307e-04  1.35000000e+00  1.35000000e+00 
 1.36000000e+00  1.85000000e+00  1.36000000e+00  9.44992247e-04  1.36000000e+00  1.36000000e+00 
 1.37000000e+00  1.85000000e+00  1.37000000e+00  9.45766721e-04  1.37000000e+00  1.37000000e+00 
 1.38000000e+00  1.85000000e+00  1.38000000e+00  9.46533883e-04  1.38000000e+00  1.38000000e+00 
 1.39000000e+00  1.85000000e+00  1.39000000e+00  9.47293882e-04  1.39000000e+00  1.39000000e+00 
 1.40000000e+00  1.85000000e+00  1.40000000e+00  9.48046864e-04  1.40000000e+00  1.40000000e+00 
 1.41000000e+00  1.85000000e+00  1.41000000e+00  9.48792970e-04  1.41000000e+00  1.41000000e+00 
 1.42000000e+00  1.85000000e+00  1.42000000e+00  9.49532337e-04  1.42000000e+00  1.42000000e+00 
 1.43000000e+00  1.85000000e+00  1.43000000e+00  9.50265100e-04  1.43000000e+00  1.43000000e+00 
 1.44000000e+00  1.85000000e+00  1.44000000e+00  9.50991388e-04  1.44000000e+00  1.44000000e+00 
 1.45000000e+00  1.85000000e+00  1.45000000e+00  9.51711327e-04  1.45000000e+00  1.45000000e+00 
 1.46000000e+00  1.85000000e+00  1.46000000e+00  9.52425040e-04  1.46000000e+00  1.46000000e+00 
 1.47000000e+00  1.85000000e+00  1.47000000e+00  9.53132647e-04  1.47000000e+00  1.47000000e+00 
 1.48000000e+00  1.85000000e+00  1.48000000e+00  9.53834265e-04  1.48000000e+00  1.48000000e+00 
 1.49000000e+00  1.85000000e+00  1.49000000e+00  9.54530005e-04  1.49000000e+00  1.49000000e+00 
 1.50000000e+00  1.85000000e+00  1.50000000e+00  9.55219979e-04  1.50000000e+00  1.50000000e+00 
 1.51000000e+00  1.85000000e+00  1.51000000e+00  9.55904294e-04  1.51000000e+00  1.51000000e+00 
 1.52000000e+00  1.85000000e+00  1.52000000e+00  9.56583055e-04  1.52000000e+00  1.52000000e+00 
 1.53000000e+00  1.85000000e+00  1.53000000e+00  9.57256362e-04  1.53000000e+00  1.53000000e+00 
 1.54000000e+00  1.85000000e+00  1.54000000e+00  9.57924317e-04  1.54000000e+00  1.54000000e+00 
 1.55000000e+00  1.85000000e+00  1.55000000e+00  9.58587015e-04  1.55000000e+00  1.55000000e+00 
 1.56000000e+00  1.85000000e+00  1.56000000e+00  9.59244551e-04  1.56000000e+00  1.56000000e+00 
 1.57000000e+00  1.85000000e+00  1.57000000e+00  9.59897016e-04  1.57000000e+00  1.57000000e+00 
 1.58000000e+00  1.85000000e+00  1.58000000e+00  9.60544500e-04  1.58000000e+00  1.58000000e+00 
 1.59000000e+00  1.85000000e+00  1.59000000e+00  9.61187092e-04  1.59000000e+00  1.59000000e+00 
 1.60000000e+00  1.85000000e+00  1.60000000e+00  9.61824875e-04  1.60000000e+00  1.60000000e+00 
 1.61000000e+00  1.85000000e+00  1.61000000e+00  9.62457933e-04  1.61000000e+00  1.61000000e+00 
 1.62000000e+00  1.85000000e+00  1.62000000e+00  9.63086348e-04  1.62000000e+00  1.62000000e+00 
 1.63000000e+00  1.85000000e+00  1.63000000e+00  9.63710199e-04  1.63000000e+00  1.63000000e+00 
 1.64000000e+00  1.85000000e+00  1.64000000e+00  9.64329562e-04  1.64000000e+00  1.64000000e+00 
 1.65000000e+00  1.85000000e+00  1.65000000e+00  9.64944514e-04  1.65000000e+00  1.65000000e+00 
 1.66000000e+00  1.85000000e+00  1.66000000e+00  9.65555128e-04  1.66000000e+00  1.66000000e+00 
 1.67000000e+00  1.85000000e+00  1.67000000e+00  9.66161477e-04  1.67000000e+00  1.67000000e+00 
 1.68000000e+00  1.85000000e+00  1.68000000e+00  9.66763631e-04  1.68000000e+00  1.68000000e+00 
 1.69000000e+00  1.85000000e+00  1.69000000e+00  9.67361657e-04  1.69000000e+00  1.69000000e+00 
 1.70000000e+00  1.85000000e+00  1.70000000e+00  9.67955625e-04  1.70000000e+00  1.70000000e+00 
 1.71000000e+00  1.85000000e+00  1.71000000e+00  9.68545599e-04  1.71000000e+00  1.71000000e+00 
 1.72000000e+00  1.85000000e+00  1.72000000e+00  9.69131644e-04  1.72000000e+00  1.72000000e+00 
 1.73000000e+00  1.85000000e+00  1.73000000e+00  9.69713822e-04  1.73000000e+00  1.73000000e+00 
 1.74000000e+00  1.85000000e+00  1.74000000e+00  9.70292195e-04  1.74000000e+00  1.74000000e+00 
 1.75000000e+00  1.85000000e+00  1.75000000e+00  9.70866823e-04  1.75000000e+00  1.75000000e+00 
 1.76000000e+00  1.85000000e+00  1.76000000e+00  9.71437764e-04  1.76000000e+00  1.76000000e+00 
 1.77000000e+00  1.85000000e+00  1.77000000e+00  9.72005077e-04  1.77000000e+00  1.77000000e+00 
 1.78000000e+00  1.85000000e+00  1.78000000e+00  9.72568817e-04  1.78000000e+00  1.78000000e+00 
 1.79000000e+00  1.85000000e+00  1.79000000e+00  9.73129040e-04  1.79000000e+00  1.79000000e+00 
 1.80000000e+00  1.85000000e+00  1.80000000e+00  9.73685799e-04  1.80000000e+00  1.80000000e+00 
 1.81000000e+00  1.85000000e+00  1.81000000e+00  9.74239147e-04  1.81000000e+00  1.81000000e+00 
 1.82000000e+00  1.85000000e+00  1.82000000e+00  9.74789136e-04  1.82000000e+00  1.82000000e+00 
 1.83000000e+00  1.85000000e+00  1.83000000e+00  9.75335817e-04  1.83000000e+00  1.83000000e+00 
 1.84000000e+00  1.85000000e+00  1.84000000e+00  9.75879239e-04  1.84000000e+00  1.84000000e+00 
 1.85000000e+00  1.85000000e+00  1.85000000e+00  9.76419451e-04  1.85000000e+00  1.85000000e+00 
