 0.00000000e+00  0.00000000e+00  0.00000000e+00  1.28521607e-20  0.00000000e+00  1.11000000e+00 
 1.00000000e-02  1.00000000e-02  1.00000000e-02  2.08270138e-20  1.00000000e-02  1.11000000e+00 
 2.00000000e-02  2.00000000e-02  2.00000000e-02  3.37503173e-20  2.00000000e-02  1.11000000e+00 
 3.00000000e-02  3.00000000e-02  3.00000000e-02  5.46926181e-20  3.00000000e-02  1.11000000e+00 
 4.00000000e-02  4.00000000e-02  4.00000000e-02  8.86297577e-20  4.00000000e-02  1.11000000e+00 
 5.00000000e-02  5.00000000e-02  5.00000000e-02  1.43625120e-19  5.00000000e-02  1.11000000e+00 
 6.00000000e-02  6.00000000e-02  6.00000000e-02  2.32745473e-19  6.00000000e-02  1.11000000e+00 
 7.00000000e-02  7.00000000e-02  7.00000000e-02  3.77165596e-19  7.00000000e-02  1.11000000e+00 
 8.00000000e-02  8.00000000e-02  8.00000000e-02  6.11199356e-19  8.00000000e-02  1.11000000e+00 
 9.00000000e-02  9.00000000e-02  9.00000000e-02  9.90452591e-19  9.00000000e-02  1.11000000e+00 
 1.00000000e-01  1.00000000e-01  1.00000000e-01  1.60503490e-18  1.00000000e-01  1.11000000e+00 
 1.10000000e-01  1.10000000e-01  1.10000000e-01  2.60096941e-18  1.10000000e-01  1.11000000e+00 
 1.20000000e-01  1.20000000e-01  1.20000000e-01  4.21488744e-18  1.20000000e-01  1.11000000e+00 
 1.30000000e-01  1.30000000e-01  1.30000000e-01  6.83025129e-18  1.30000000e-01  1.11000000e+00 
 1.40000000e-01  1.40000000e-01  1.40000000e-01  1.10684635e-17  1.40000000e-01  1.11000000e+00 
 1.50000000e-01  1.50000000e-01  1.50000000e-01  1.79365097e-17  1.50000000e-01  1.11000000e+00 
 1.60000000e-01  1.60000000e-01  1.60000000e-01  2.90662136e-17  1.60000000e-01  1.11000000e+00 
 1.70000000e-01  1.70000000e-01  1.70000000e-01  4.71019504e-17  1.70000000e-01  1.11000000e+00 
 1.80000000e-01  1.80000000e-01  1.80000000e-01  7.63289350e-17  1.80000000e-01  1.11000000e+00 
 1.90000000e-01  1.90000000e-01  1.90000000e-01  1.23691359e-16  1.90000000e-01  1.11000000e+00 
 2.00000000e-01  2.00000000e-01  2.00000000e-01  2.00442278e-16  2.00000000e-01  1.11000000e+00 
 2.10000000e-01  2.10000000e-01  2.10000000e-01  3.24817224e-16  2.10000000e-01  1.11000000e+00 
 2.20000000e-01  2.20000000e-01  2.20000000e-01  5.26366763e-16  2.20000000e-01  1.11000000e+00 
 2.30000000e-01  2.30000000e-01  2.30000000e-01  8.52977288e-16  2.30000000e-01  1.11000000e+00 
 2.40000000e-01  2.40000000e-01  2.40000000e-01  1.38224800e-15  2.40000000e-01  1.11000000e+00 
 2.50000000e-01  2.50000000e-01  2.50000000e-01  2.23992680e-15  2.50000000e-01  1.11000000e+00 
 2.60000000e-01  2.60000000e-01  2.60000000e-01  3.62978466e-15  2.60000000e-01  1.11000000e+00 
 2.70000000e-01  2.70000000e-01  2.70000000e-01  5.88202478e-15  2.70000000e-01  1.11000000e+00 
 2.80000000e-01  2.80000000e-01  2.80000000e-01  9.53172506e-15  2.80000000e-01  1.11000000e+00 
 2.90000000e-01  2.90000000e-01  2.90000000e-01  1.54459445e-14  2.90000000e-01  1.11000000e+00 
 3.00000000e-01  3.00000000e-01  3.00000000e-01  2.50296786e-14  3.00000000e-01  1.11000000e+00 
 3.10000000e-01  3.10000000e-01  3.10000000e-01  4.05595691e-14  3.10000000e-01  1.11000000e+00 
 3.20000000e-01  3.20000000e-01  3.20000000e-01  6.57245915e-14  3.20000000e-01  1.11000000e+00 
 3.30000000e-01  3.30000000e-01  3.30000000e-01  1.06502061e-13  3.30000000e-01  1.11000000e+00 
 3.40000000e-01  3.40000000e-01  3.40000000e-01  1.72576821e-13  3.40000000e-01  1.11000000e+00 
 3.50000000e-01  3.50000000e-01  3.50000000e-01  2.79640269e-13  3.50000000e-01  1.11000000e+00 
 3.60000000e-01  3.60000000e-01  3.60000000e-01  4.53114323e-13  3.60000000e-01  1.11000000e+00 
 3.70000000e-01  3.70000000e-01  3.70000000e-01  7.34182795e-13  3.70000000e-01  1.11000000e+00 
 3.80000000e-01  3.80000000e-01  3.80000000e-01  1.18955841e-12  3.80000000e-01  1.11000000e+00 
 3.90000000e-01  3.90000000e-01  3.90000000e-01  1.92729616e-12  3.90000000e-01  1.11000000e+00 
 4.00000000e-01  4.00000000e-01  4.00000000e-01  3.12238981e-12  4.00000000e-01  1.11000000e+00 
 4.10000000e-01  4.10000000e-01  4.10000000e-01  5.05819123e-12  4.10000000e-01  1.11000000e+00 
 4.20000000e-01  4.20000000e-01  4.20000000e-01  8.19340715e-12  4.20000000e-01  1.11000000e+00 
 4.30000000e-01  4.30000000e-01  4.30000000e-01  1.32704143e-11  4.30000000e-01  1.11000000e+00 
 4.40000000e-01  4.40000000e-01  4.40000000e-01  2.14902632e-11  4.40000000e-01  1.11000000e+00 
 4.50000000e-01  4.50000000e-01  4.50000000e-01  3.47952048e-11  4.50000000e-01  1.11000000e+00 
 4.60000000e-01  4.60000000e-01  4.60000000e-01  5.63243354e-11  4.60000000e-01  1.11000000e+00 
 4.70000000e-01  4.70000000e-01  4.70000000e-01  9.11474963e-11  4.70000000e-01  1.11000000e+00 
 4.80000000e-01  4.80000000e-01  4.80000000e-01  1.47445431e-10  4.80000000e-01  1.11000000e+00 
 4.90000000e-01  4.90000000e-01  4.90000000e-01  2.38403674e-10  4.90000000e-01  1.11000000e+00 
 5.00000000e-01  5.00000000e-01  5.00000000e-01  3.85244001e-10  5.00000000e-01  1.11000000e+00 
 5.10000000e-01  5.10000000e-01  5.10000000e-01  6.22061146e-10  5.10000000e-01  1.11000000e+00 
 5.20000000e-01  5.20000000e-01  5.20000000e-01  1.00350896e-09  5.20000000e-01  1.11000000e+00 
 5.30000000e-01  5.30000000e-01  5.30000000e-01  1.61695438e-09  5.30000000e-01  1.11000000e+00 
 5.40000000e-01  5.40000000e-01  5.40000000e-01  2.60158008e-09  5.40000000e-01  1.11000000e+00 
 5.50000000e-01  5.50000000e-01  5.50000000e-01  4.17818921e-09  5.50000000e-01  1.11000000e+00 
 5.60000000e-01  5.60000000e-01  5.60000000e-01  6.69530524e-09  5.60000000e-01  1.11000000e+00 
 5.70000000e-01  5.70000000e-01  5.70000000e-01  1.06997622e-08  5.70000000e-01  1.11000000e+00 
 5.80000000e-01  5.80000000e-01  5.80000000e-01  1.70435919e-08  5.80000000e-01  1.11000000e+00 
 5.90000000e-01  5.90000000e-01  5.90000000e-01  2.70439815e-08  5.90000000e-01  1.11000000e+00 
 6.00000000e-01  6.00000000e-01  6.00000000e-01  4.27199710e-08  6.00000000e-01  1.11000000e+00 
 6.10000000e-01  6.10000000e-01  6.10000000e-01  6.71394908e-08  6.10000000e-01  1.11000000e+00 
 6.20000000e-01  6.20000000e-01  6.20000000e-01  1.04925297e-07  6.20000000e-01  1.11000000e+00 
 6.30000000e-01  6.30000000e-01  6.30000000e-01  1.62991137e-07  6.30000000e-01  1.11000000e+00 
 6.40000000e-01  6.40000000e-01  6.40000000e-01  2.51611301e-07  6.40000000e-01  1.11000000e+00 
 6.50000000e-01  6.50000000e-01  6.50000000e-01  3.85959564e-07  6.50000000e-01  1.11000000e+00 
 6.60000000e-01  6.60000000e-01  6.60000000e-01  5.88254890e-07  6.60000000e-01  1.11000000e+00 
 6.70000000e-01  6.70000000e-01  6.70000000e-01  8.90549434e-07  6.70000000e-01  1.11000000e+00 
 6.80000000e-01  6.80000000e-01  6.80000000e-01  1.33789231e-06  6.80000000e-01  1.11000000e+00 
 6.90000000e-01  6.90000000e-01  6.90000000e-01  1.99106206e-06  6.90000000e-01  1.11000000e+00 
 7.00000000e-01  7.00000000e-01  7.00000000e-01  2.92744979e-06  7.00000000e-01  1.11000000e+00 
 7.10000000e-01  7.10000000e-01  7.10000000e-01  4.23844205e-06  7.10000000e-01  1.11000000e+00 
 7.20000000e-01  7.20000000e-01  7.20000000e-01  6.02231154e-06  7.20000000e-01  1.11000000e+00 
 7.30000000e-01  7.30000000e-01  7.30000000e-01  8.37324767e-06  7.30000000e-01  1.11000000e+00 
 7.40000000e-01  7.40000000e-01  7.40000000e-01  1.13690332e-05  7.40000000e-01  1.11000000e+00 
 7.50000000e-01  7.50000000e-01  7.50000000e-01  1.50608355e-05  7.50000000e-01  1.11000000e+00 
 7.60000000e-01  7.60000000e-01  7.60000000e-01  1.94679371e-05  7.60000000e-01  1.11000000e+00 
 7.70000000e-01  7.70000000e-01  7.70000000e-01  2.45783476e-05  7.70000000e-01  1.11000000e+00 
 7.80000000e-01  7.80000000e-01  7.80000000e-01  3.03542335e-05  7.80000000e-01  1.11000000e+00 
 7.90000000e-01  7.90000000e-01  7.90000000e-01  3.67399474e-05  7.90000000e-01  1.11000000e+00 
 8.00000000e-01  8.00000000e-01  8.00000000e-01  4.36703804e-05  8.00000000e-01  1.11000000e+00 
 8.10000000e-01  8.10000000e-01  8.10000000e-01  5.10780522e-05  8.10000000e-01  1.11000000e+00 
 8.20000000e-01  8.20000000e-01  8.20000000e-01  5.88982180e-05  8.20000000e-01  1.11000000e+00 
 8.30000000e-01  8.30000000e-01  8.30000000e-01  6.70719697e-05  8.30000000e-01  1.11000000e+00 
 8.40000000e-01  8.40000000e-01  8.40000000e-01  7.55476887e-05  8.40000000e-01  1.11000000e+00 
 8.50000000e-01  8.50000000e-01  8.50000000e-01  8.42813309e-05  8.50000000e-01  1.11000000e+00 
 8.60000000e-01  8.60000000e-01  8.60000000e-01  9.32359948e-05  8.60000000e-01  1.11000000e+00 
 8.70000000e-01  8.70000000e-01  8.70000000e-01  1.02381117e-04  8.70000000e-01  1.11000000e+00 
 8.80000000e-01  8.80000000e-01  8.80000000e-01  1.11691535e-04  8.80000000e-01  1.11000000e+00 
 8.90000000e-01  8.90000000e-01  8.90000000e-01  1.21146561e-04  8.90000000e-01  1.11000000e+00 
 9.00000000e-01  9.00000000e-01  9.00000000e-01  1.30729137e-04  9.00000000e-01  1.11000000e+00 
 9.10000000e-01  9.10000000e-01  9.10000000e-01  1.40425117e-04  9.10000000e-01  1.11000000e+00 
 9.20000000e-01  9.20000000e-01  9.20000000e-01  1.50222667e-04  9.20000000e-01  1.11000000e+00 
 9.30000000e-01  9.30000000e-01  9.30000000e-01  1.60111781e-04  9.30000000e-01  1.11000000e+00 
 9.40000000e-01  9.40000000e-01  9.40000000e-01  1.70083902e-04  9.40000000e-01  1.11000000e+00 
 9.50000000e-01  9.50000000e-01  9.50000000e-01  1.80131624e-04  9.50000000e-01  1.11000000e+00 
 9.60000000e-01  9.60000000e-01  9.60000000e-01  1.90248454e-04  9.60000000e-01  1.11000000e+00 
 9.70000000e-01  9.70000000e-01  9.70000000e-01  2.00428642e-04  9.70000000e-01  1.11000000e+00 
 9.80000000e-01  9.80000000e-01  9.80000000e-01  2.10667041e-04  9.80000000e-01  1.11000000e+00 
 9.90000000e-01  9.90000000e-01  9.90000000e-01  2.20959008e-04  9.90000000e-01  1.11000000e+00 
 1.00000000e+00  1.00000000e+00  1.00000000e+00  2.31300318e-04  1.00000000e+00  1.11000000e+00 
 1.01000000e+00  1.01000000e+00  1.01000000e+00  2.41687108e-04  1.01000000e+00  1.11000000e+00 
 1.02000000e+00  1.02000000e+00  1.02000000e+00  2.52115821e-04  1.02000000e+00  1.11000000e+00 
 1.03000000e+00  1.03000000e+00  1.03000000e+00  2.62583178e-04  1.03000000e+00  1.11000000e+00 
 1.04000000e+00  1.04000000e+00  1.04000000e+00  2.73086138e-04  1.04000000e+00  1.11000000e+00 
 1.05000000e+00  1.05000000e+00  1.05000000e+00  2.83621881e-04  1.05000000e+00  1.11000000e+00 
 1.06000000e+00  1.06000000e+00  1.06000000e+00  2.94187782e-04  1.06000000e+00  1.11000000e+00 
 1.07000000e+00  1.07000000e+00  1.07000000e+00  3.04781399e-04  1.07000000e+00  1.11000000e+00 
 1.08000000e+00  1.08000000e+00  1.08000000e+00  3.15400453e-04  1.08000000e+00  1.11000000e+00 
 1.09000000e+00  1.09000000e+00  1.09000000e+00  3.26042819e-04  1.09000000e+00  1.11000000e+00 
 1.10000000e+00  1.10000000e+00  1.10000000e+00  3.36706513e-04  1.10000000e+00  1.11000000e+00 
 1.11000000e+00  1.11000000e+00  1.11000000e+00  3.47389682e-04  1.11000000e+00  1.11000000e+00 
 1.12000000e+00  1.12000000e+00  1.12000000e+00  3.58090595e-04  1.12000000e+00  1.11000000e+00 
 1.13000000e+00  1.13000000e+00  1.13000000e+00  3.68807632e-04  1.13000000e+00  1.11000000e+00 
 1.14000000e+00  1.14000000e+00  1.14000000e+00  3.79539280e-04  1.14000000e+00  1.11000000e+00 
 1.15000000e+00  1.15000000e+00  1.15000000e+00  3.90284124e-04  1.15000000e+00  1.11000000e+00 
 1.16000000e+00  1.16000000e+00  1.16000000e+00  4.01040840e-04  1.16000000e+00  1.11000000e+00 
 1.17000000e+00  1.17000000e+00  1.17000000e+00  4.11808187e-04  1.17000000e+00  1.11000000e+00 
 1.18000000e+00  1.18000000e+00  1.18000000e+00  4.22585007e-04  1.18000000e+00  1.11000000e+00 
 1.19000000e+00  1.19000000e+00  1.19000000e+00  4.33370211e-04  1.19000000e+00  1.11000000e+00 
 1.20000000e+00  1.20000000e+00  1.20000000e+00  4.44162783e-04  1.20000000e+00  1.11000000e+00 
 1.21000000e+00  1.21000000e+00  1.21000000e+00  4.54961768e-04  1.21000000e+00  1.11000000e+00 
 1.22000000e+00  1.22000000e+00  1.22000000e+00  4.65766273e-04  1.22000000e+00  1.11000000e+00 
 1.23000000e+00  1.23000000e+00  1.23000000e+00  4.76575457e-04  1.23000000e+00  1.11000000e+00 
 1.24000000e+00  1.24000000e+00  1.24000000e+00  4.87388535e-04  1.24000000e+00  1.11000000e+00 
 1.25000000e+00  1.25000000e+00  1.25000000e+00  4.98204768e-04  1.25000000e+00  1.11000000e+00 
 1.26000000e+00  1.26000000e+00  1.26000000e+00  5.09023462e-04  1.26000000e+00  1.11000000e+00 
 1.27000000e+00  1.27000000e+00  1.27000000e+00  5.19843966e-04  1.27000000e+00  1.11000000e+00 
 1.28000000e+00  1.28000000e+00  1.28000000e+00  5.30665668e-04  1.28000000e+00  1.11000000e+00 
 1.29000000e+00  1.29000000e+00  1.29000000e+00  5.41487992e-04  1.29000000e+00  1.11000000e+00 
 1.30000000e+00  1.30000000e+00  1.30000000e+00  5.52310398e-04  1.30000000e+00  1.11000000e+00 
 1.31000000e+00  1.31000000e+00  1.31000000e+00  5.63132375e-04  1.31000000e+00  1.11000000e+00 
 1.32000000e+00  1.32000000e+00  1.32000000e+00  5.73953446e-04  1.32000000e+00  1.11000000e+00 
 1.33000000e+00  1.33000000e+00  1.33000000e+00  5.84773157e-04  1.33000000e+00  1.11000000e+00 
 1.34000000e+00  1.34000000e+00  1.34000000e+00  5.95591085e-04  1.34000000e+00  1.11000000e+00 
 1.35000000e+00  1.35000000e+00  1.35000000e+00  6.06406829e-04  1.35000000e+00  1.11000000e+00 
 1.36000000e+00  1.36000000e+00  1.36000000e+00  6.17220010e-04  1.36000000e+00  1.11000000e+00 
 1.37000000e+00  1.37000000e+00  1.37000000e+00  6.28030274e-04  1.37000000e+00  1.11000000e+00 
 1.38000000e+00  1.38000000e+00  1.38000000e+00  6.38837283e-04  1.38000000e+00  1.11000000e+00 
 1.39000000e+00  1.39000000e+00  1.39000000e+00  6.49640722e-04  1.39000000e+00  1.11000000e+00 
 1.40000000e+00  1.40000000e+00  1.40000000e+00  6.60440290e-04  1.40000000e+00  1.11000000e+00 
 1.41000000e+00  1.41000000e+00  1.41000000e+00  6.71235705e-04  1.41000000e+00  1.11000000e+00 
 1.42000000e+00  1.42000000e+00  1.42000000e+00  6.82026699e-04  1.42000000e+00  1.11000000e+00 
 1.43000000e+00  1.43000000e+00  1.43000000e+00  6.92813022e-04  1.43000000e+00  1.11000000e+00 
 1.44000000e+00  1.44000000e+00  1.44000000e+00  7.03594434e-04  1.44000000e+00  1.11000000e+00 
 1.45000000e+00  1.45000000e+00  1.45000000e+00  7.14370709e-04  1.45000000e+00  1.11000000e+00 
 1.46000000e+00  1.46000000e+00  1.46000000e+00  7.25141635e-04  1.46000000e+00  1.11000000e+00 
 1.47000000e+00  1.47000000e+00  1.47000000e+00  7.35907008e-04  1.47000000e+00  1.11000000e+00 
 1.48000000e+00  1.48000000e+00  1.48000000e+00  7.46666640e-04  1.48000000e+00  1.11000000e+00 
 1.49000000e+00  1.49000000e+00  1.49000000e+00  7.57420348e-04  1.49000000e+00  1.11000000e+00 
 1.50000000e+00  1.50000000e+00  1.50000000e+00  7.68167961e-04  1.50000000e+00  1.11000000e+00 
 1.51000000e+00  1.51000000e+00  1.51000000e+00  7.78909316e-04  1.51000000e+00  1.11000000e+00 
 1.52000000e+00  1.52000000e+00  1.52000000e+00  7.89644261e-04  1.52000000e+00  1.11000000e+00 
 1.53000000e+00  1.53000000e+00  1.53000000e+00  8.00372649e-04  1.53000000e+00  1.11000000e+00 
 1.54000000e+00  1.54000000e+00  1.54000000e+00  8.11094342e-04  1.54000000e+00  1.11000000e+00 
 1.55000000e+00  1.55000000e+00  1.55000000e+00  8.21809208e-04  1.55000000e+00  1.11000000e+00 
 1.56000000e+00  1.56000000e+00  1.56000000e+00  8.32517123e-04  1.56000000e+00  1.11000000e+00 
 1.57000000e+00  1.57000000e+00  1.57000000e+00  8.43217969e-04  1.57000000e+00  1.11000000e+00 
 1.58000000e+00  1.58000000e+00  1.58000000e+00  8.53911633e-04  1.58000000e+00  1.11000000e+00 
 1.59000000e+00  1.59000000e+00  1.59000000e+00  8.64598009e-04  1.59000000e+00  1.11000000e+00 
 1.60000000e+00  1.60000000e+00  1.60000000e+00  8.75276994e-04  1.60000000e+00  1.11000000e+00 
 1.61000000e+00  1.61000000e+00  1.61000000e+00  8.85948493e-04  1.61000000e+00  1.11000000e+00 
 1.62000000e+00  1.62000000e+00  1.62000000e+00  8.96612414e-04  1.62000000e+00  1.11000000e+00 
 1.63000000e+00  1.63000000e+00  1.63000000e+00  9.07268669e-04  1.63000000e+00  1.11000000e+00 
 1.64000000e+00  1.64000000e+00  1.64000000e+00  9.17917174e-04  1.64000000e+00  1.11000000e+00 
 1.65000000e+00  1.65000000e+00  1.65000000e+00  9.28557850e-04  1.65000000e+00  1.11000000e+00 
 1.66000000e+00  1.66000000e+00  1.66000000e+00  9.39190622e-04  1.66000000e+00  1.11000000e+00 
 1.67000000e+00  1.67000000e+00  1.67000000e+00  9.49815416e-04  1.67000000e+00  1.11000000e+00 
 1.68000000e+00  1.68000000e+00  1.68000000e+00  9.60432164e-04  1.68000000e+00  1.11000000e+00 
 1.69000000e+00  1.69000000e+00  1.69000000e+00  9.71040800e-04  1.69000000e+00  1.11000000e+00 
 1.70000000e+00  1.70000000e+00  1.70000000e+00  9.81641259e-04  1.70000000e+00  1.11000000e+00 
 1.71000000e+00  1.71000000e+00  1.71000000e+00  9.92233482e-04  1.71000000e+00  1.11000000e+00 
 1.72000000e+00  1.72000000e+00  1.72000000e+00  1.00281741e-03  1.72000000e+00  1.11000000e+00 
 1.73000000e+00  1.73000000e+00  1.73000000e+00  1.01339299e-03  1.73000000e+00  1.11000000e+00 
 1.74000000e+00  1.74000000e+00  1.74000000e+00  1.02396016e-03  1.74000000e+00  1.11000000e+00 
 1.75000000e+00  1.75000000e+00  1.75000000e+00  1.03451888e-03  1.75000000e+00  1.11000000e+00 
 1.76000000e+00  1.76000000e+00  1.76000000e+00  1.04506910e-03  1.76000000e+00  1.11000000e+00 
 1.77000000e+00  1.77000000e+00  1.77000000e+00  1.05561076e-03  1.77000000e+00  1.11000000e+00 
 1.78000000e+00  1.78000000e+00  1.78000000e+00  1.06614382e-03  1.78000000e+00  1.11000000e+00 
 1.79000000e+00  1.79000000e+00  1.79000000e+00  1.07666824e-03  1.79000000e+00  1.11000000e+00 
 1.80000000e+00  1.80000000e+00  1.80000000e+00  1.08718397e-03  1.80000000e+00  1.11000000e+00 
 1.81000000e+00  1.81000000e+00  1.81000000e+00  1.09769098e-03  1.81000000e+00  1.11000000e+00 
 1.82000000e+00  1.82000000e+00  1.82000000e+00  1.10818922e-03  1.82000000e+00  1.11000000e+00 
 1.83000000e+00  1.83000000e+00  1.83000000e+00  1.11867864e-03  1.83000000e+00  1.11000000e+00 
 1.84000000e+00  1.84000000e+00  1.84000000e+00  1.12915923e-03  1.84000000e+00  1.11000000e+00 
 1.85000000e+00  1.85000000e+00  1.85000000e+00  1.13963093e-03  1.85000000e+00  1.11000000e+00 
