 0.00000000e+00  0.00000000e+00  0.00000000e+00  2.11499148e-20  0.00000000e+00  1.45000000e+00 
 1.00000000e-02  1.00000000e-02  1.00000000e-02  3.42692337e-20  1.00000000e-02  1.45000000e+00 
 2.00000000e-02  2.00000000e-02  2.00000000e-02  5.55264823e-20  2.00000000e-02  1.45000000e+00 
 3.00000000e-02  3.00000000e-02  3.00000000e-02  8.99696279e-20  3.00000000e-02  1.45000000e+00 
 4.00000000e-02  4.00000000e-02  4.00000000e-02  1.45777898e-19  4.00000000e-02  1.45000000e+00 
 5.00000000e-02  5.00000000e-02  5.00000000e-02  2.36204102e-19  5.00000000e-02  1.45000000e+00 
 6.00000000e-02  6.00000000e-02  6.00000000e-02  3.82721782e-19  6.00000000e-02  1.45000000e+00 
 7.00000000e-02  7.00000000e-02  7.00000000e-02  6.20124536e-19  7.00000000e-02  1.45000000e+00 
 8.00000000e-02  8.00000000e-02  8.00000000e-02  1.00478846e-18  8.00000000e-02  1.45000000e+00 
 9.00000000e-02  9.00000000e-02  9.00000000e-02  1.62805976e-18  9.00000000e-02  1.45000000e+00 
 1.00000000e-01  1.00000000e-01  1.00000000e-01  2.63794677e-18  1.00000000e-01  1.45000000e+00 
 1.10000000e-01  1.10000000e-01  1.10000000e-01  4.27426740e-18  1.10000000e-01  1.45000000e+00 
 1.20000000e-01  1.20000000e-01  1.20000000e-01  6.92559856e-18  1.20000000e-01  1.45000000e+00 
 1.30000000e-01  1.30000000e-01  1.30000000e-01  1.12215513e-17  1.30000000e-01  1.45000000e+00 
 1.40000000e-01  1.40000000e-01  1.40000000e-01  1.81822836e-17  1.40000000e-01  1.45000000e+00 
 1.50000000e-01  1.50000000e-01  1.50000000e-01  2.94607561e-17  1.50000000e-01  1.45000000e+00 
 1.60000000e-01  1.60000000e-01  1.60000000e-01  4.77352567e-17  1.60000000e-01  1.45000000e+00 
 1.70000000e-01  1.70000000e-01  1.70000000e-01  7.73454062e-17  1.70000000e-01  1.45000000e+00 
 1.80000000e-01  1.80000000e-01  1.80000000e-01  1.25322672e-16  1.80000000e-01  1.45000000e+00 
 1.90000000e-01  1.90000000e-01  1.90000000e-01  2.03060095e-16  1.90000000e-01  1.45000000e+00 
 2.00000000e-01  2.00000000e-01  2.00000000e-01  3.29017727e-16  2.00000000e-01  1.45000000e+00 
 2.10000000e-01  2.10000000e-01  2.10000000e-01  5.33106179e-16  2.10000000e-01  1.45000000e+00 
 2.20000000e-01  2.20000000e-01  2.20000000e-01  8.63789189e-16  2.20000000e-01  1.45000000e+00 
 2.30000000e-01  2.30000000e-01  2.30000000e-01  1.39959164e-15  2.30000000e-01  1.45000000e+00 
 2.40000000e-01  2.40000000e-01  2.40000000e-01  2.26774549e-15  2.40000000e-01  1.45000000e+00 
 2.50000000e-01  2.50000000e-01  2.50000000e-01  3.67440072e-15  2.50000000e-01  1.45000000e+00 
 2.60000000e-01  2.60000000e-01  2.60000000e-01  5.95357388e-15  2.60000000e-01  1.45000000e+00 
 2.70000000e-01  2.70000000e-01  2.70000000e-01  9.64645486e-15  2.70000000e-01  1.45000000e+00 
 2.80000000e-01  2.80000000e-01  2.80000000e-01  1.56298980e-14  2.80000000e-01  1.45000000e+00 
 2.90000000e-01  2.90000000e-01  2.90000000e-01  2.53245969e-14  2.90000000e-01  1.45000000e+00 
 3.00000000e-01  3.00000000e-01  3.00000000e-01  4.10323487e-14  3.00000000e-01  1.45000000e+00 
 3.10000000e-01  3.10000000e-01  3.10000000e-01  6.64824407e-14  3.10000000e-01  1.45000000e+00 
 3.20000000e-01  3.20000000e-01  3.20000000e-01  1.07716786e-13  3.20000000e-01  1.45000000e+00 
 3.30000000e-01  3.30000000e-01  3.30000000e-01  1.74523750e-13  3.30000000e-01  1.45000000e+00 
 3.40000000e-01  3.40000000e-01  3.40000000e-01  2.82760650e-13  3.40000000e-01  1.45000000e+00 
 3.50000000e-01  3.50000000e-01  3.50000000e-01  4.58115366e-13  3.50000000e-01  1.45000000e+00 
 3.60000000e-01  3.60000000e-01  3.60000000e-01  7.42198156e-13  3.60000000e-01  1.45000000e+00 
 3.70000000e-01  3.70000000e-01  3.70000000e-01  1.20240575e-12  3.70000000e-01  1.45000000e+00 
 3.80000000e-01  3.80000000e-01  3.80000000e-01  1.94789083e-12  3.80000000e-01  1.45000000e+00 
 3.90000000e-01  3.90000000e-01  3.90000000e-01  3.15540995e-12  3.90000000e-01  1.45000000e+00 
 4.00000000e-01  4.00000000e-01  4.00000000e-01  5.11114838e-12  4.00000000e-01  1.45000000e+00 
 4.10000000e-01  4.10000000e-01  4.10000000e-01  8.27837278e-12  4.10000000e-01  1.45000000e+00 
 4.20000000e-01  4.20000000e-01  4.20000000e-01  1.34068097e-11  4.20000000e-01  1.45000000e+00 
 4.30000000e-01  4.30000000e-01  4.30000000e-01  2.17093803e-11  4.30000000e-01  1.45000000e+00 
 4.40000000e-01  4.40000000e-01  4.40000000e-01  3.51475562e-11  4.40000000e-01  1.45000000e+00 
 4.50000000e-01  4.50000000e-01  4.50000000e-01  5.68916544e-11  4.50000000e-01  1.45000000e+00 
 4.60000000e-01  4.60000000e-01  4.60000000e-01  9.20624260e-11  4.60000000e-01  1.45000000e+00 
 4.70000000e-01  4.70000000e-01  4.70000000e-01  1.48924017e-10  4.70000000e-01  1.45000000e+00 
 4.80000000e-01  4.80000000e-01  4.80000000e-01  2.40799339e-10  4.80000000e-01  1.45000000e+00 
 4.90000000e-01  4.90000000e-01  4.90000000e-01  3.89137858e-10  4.90000000e-01  1.45000000e+00 
 5.00000000e-01  5.00000000e-01  5.00000000e-01  6.28414216e-10  5.00000000e-01  1.45000000e+00 
 5.10000000e-01  5.10000000e-01  5.10000000e-01  1.01392052e-09  5.10000000e-01  1.45000000e+00 
 5.20000000e-01  5.20000000e-01  5.20000000e-01  1.63410293e-09  5.20000000e-01  1.45000000e+00 
 5.30000000e-01  5.30000000e-01  5.30000000e-01  2.62997841e-09  5.30000000e-01  1.45000000e+00 
 5.40000000e-01  5.40000000e-01  5.40000000e-01  4.22547627e-09  5.40000000e-01  1.45000000e+00 
 5.50000000e-01  5.50000000e-01  5.50000000e-01  6.77444136e-09  5.50000000e-01  1.45000000e+00 
 5.60000000e-01  5.60000000e-01  5.60000000e-01  1.08327019e-08  5.60000000e-01  1.45000000e+00 
 5.70000000e-01  5.70000000e-01  5.70000000e-01  1.72672588e-08  5.70000000e-01  1.45000000e+00 
 5.80000000e-01  5.80000000e-01  5.80000000e-01  2.74195346e-08  5.80000000e-01  1.45000000e+00 
 5.90000000e-01  5.90000000e-01  5.90000000e-01  4.33460596e-08  5.90000000e-01  1.45000000e+00 
 6.00000000e-01  6.00000000e-01  6.00000000e-01  6.81685535e-08  6.00000000e-01  1.45000000e+00 
 6.10000000e-01  6.10000000e-01  6.10000000e-01  1.06577279e-07  6.10000000e-01  1.45000000e+00 
 6.20000000e-01  6.20000000e-01  6.20000000e-01  1.65548755e-07  6.20000000e-01  1.45000000e+00 
 6.30000000e-01  6.30000000e-01  6.30000000e-01  2.55363013e-07  6.30000000e-01  1.45000000e+00 
 6.40000000e-01  6.40000000e-01  6.40000000e-01  3.91032626e-07  6.40000000e-01  1.45000000e+00 
 6.50000000e-01  6.50000000e-01  6.50000000e-01  5.94264136e-07  6.50000000e-01  1.45000000e+00 
 6.60000000e-01  6.60000000e-01  6.60000000e-01  8.96007154e-07  6.60000000e-01  1.45000000e+00 
 6.70000000e-01  6.70000000e-01  6.70000000e-01  1.33941912e-06  6.70000000e-01  1.45000000e+00 
 6.80000000e-01  6.80000000e-01  6.80000000e-01  1.98262011e-06  6.80000000e-01  1.45000000e+00 
 6.90000000e-01  6.90000000e-01  6.90000000e-01  2.90002117e-06  6.90000000e-01  1.45000000e+00 
 7.00000000e-01  7.00000000e-01  7.00000000e-01  4.18063818e-06  7.00000000e-01  1.45000000e+00 
 7.10000000e-01  7.10000000e-01  7.10000000e-01  5.92216872e-06  7.10000000e-01  1.45000000e+00 
 7.20000000e-01  7.20000000e-01  7.20000000e-01  8.22095909e-06  7.20000000e-01  1.45000000e+00 
 7.30000000e-01  7.30000000e-01  7.30000000e-01  1.11598523e-05  7.30000000e-01  1.45000000e+00 
 7.40000000e-01  7.40000000e-01  7.40000000e-01  1.47972046e-05  7.40000000e-01  1.45000000e+00 
 7.50000000e-01  7.50000000e-01  7.50000000e-01  1.91601836e-05  7.50000000e-01  1.45000000e+00 
 7.60000000e-01  7.60000000e-01  7.60000000e-01  2.42438624e-05  7.60000000e-01  1.45000000e+00 
 7.70000000e-01  7.70000000e-01  7.70000000e-01  3.00155613e-05  7.70000000e-01  1.45000000e+00 
 7.80000000e-01  7.80000000e-01  7.80000000e-01  3.64224409e-05  7.80000000e-01  1.45000000e+00 
 7.90000000e-01  7.90000000e-01  7.90000000e-01  4.34000030e-05  7.90000000e-01  1.45000000e+00 
 8.00000000e-01  8.00000000e-01  8.00000000e-01  5.08796768e-05  8.00000000e-01  1.45000000e+00 
 8.10000000e-01  8.10000000e-01  8.10000000e-01  5.87945347e-05  8.10000000e-01  1.45000000e+00 
 8.20000000e-01  8.20000000e-01  8.20000000e-01  6.70829442e-05  8.20000000e-01  1.45000000e+00 
 8.30000000e-01  8.30000000e-01  8.30000000e-01  7.56904372e-05  8.30000000e-01  1.45000000e+00 
 8.40000000e-01  8.40000000e-01  8.40000000e-01  8.45702658e-05  8.40000000e-01  1.45000000e+00 
 8.50000000e-01  8.50000000e-01  8.50000000e-01  9.36831167e-05  8.50000000e-01  1.45000000e+00 
 8.60000000e-01  8.60000000e-01  8.60000000e-01  1.02996365e-04  8.60000000e-01  1.45000000e+00 
 8.70000000e-01  8.70000000e-01  8.70000000e-01  1.12483139e-04  8.70000000e-01  1.45000000e+00 
 8.80000000e-01  8.80000000e-01  8.80000000e-01  1.22121357e-04  8.80000000e-01  1.45000000e+00 
 8.90000000e-01  8.90000000e-01  8.90000000e-01  1.31892851e-04  8.90000000e-01  1.45000000e+00 
 9.00000000e-01  9.00000000e-01  9.00000000e-01  1.41782589e-04  9.00000000e-01  1.45000000e+00 
 9.10000000e-01  9.10000000e-01  9.10000000e-01  1.51778036e-04  9.10000000e-01  1.45000000e+00 
 9.20000000e-01  9.20000000e-01  9.20000000e-01  1.61868632e-04  9.20000000e-01  1.45000000e+00 
 9.30000000e-01  9.30000000e-01  9.30000000e-01  1.72045378e-04  9.30000000e-01  1.45000000e+00 
 9.40000000e-01  9.40000000e-01  9.40000000e-01  1.82300512e-04  9.40000000e-01  1.45000000e+00 
 9.50000000e-01  9.50000000e-01  9.50000000e-01  1.92627256e-04  9.50000000e-01  1.45000000e+00 
 9.60000000e-01  9.60000000e-01  9.60000000e-01  2.03019620e-04  9.60000000e-01  1.45000000e+00 
 9.70000000e-01  9.70000000e-01  9.70000000e-01  2.13472259e-04  9.70000000e-01  1.45000000e+00 
 9.80000000e-01  9.80000000e-01  9.80000000e-01  2.23980357e-04  9.80000000e-01  1.45000000e+00 
 9.90000000e-01  9.90000000e-01  9.90000000e-01  2.34539543e-04  9.90000000e-01  1.45000000e+00 
 1.00000000e+00  1.00000000e+00  1.00000000e+00  2.45145821e-04  1.00000000e+00  1.45000000e+00 
 1.01000000e+00  1.01000000e+00  1.01000000e+00  2.55795521e-04  1.01000000e+00  1.45000000e+00 
 1.02000000e+00  1.02000000e+00  1.02000000e+00  2.66485257e-04  1.02000000e+00  1.45000000e+00 
 1.03000000e+00  1.03000000e+00  1.03000000e+00  2.77211895e-04  1.03000000e+00  1.45000000e+00 
 1.04000000e+00  1.04000000e+00  1.04000000e+00  2.87972526e-04  1.04000000e+00  1.45000000e+00 
 1.05000000e+00  1.05000000e+00  1.05000000e+00  2.98764447e-04  1.05000000e+00  1.45000000e+00 
 1.06000000e+00  1.06000000e+00  1.06000000e+00  3.09585140e-04  1.06000000e+00  1.45000000e+00 
 1.07000000e+00  1.07000000e+00  1.07000000e+00  3.20432258e-04  1.07000000e+00  1.45000000e+00 
 1.08000000e+00  1.08000000e+00  1.08000000e+00  3.31303615e-04  1.08000000e+00  1.45000000e+00 
 1.09000000e+00  1.09000000e+00  1.09000000e+00  3.42197166e-04  1.09000000e+00  1.45000000e+00 
 1.10000000e+00  1.10000000e+00  1.10000000e+00  3.53111006e-04  1.10000000e+00  1.45000000e+00 
 1.11000000e+00  1.11000000e+00  1.11000000e+00  3.64043353e-04  1.11000000e+00  1.45000000e+00 
 1.12000000e+00  1.12000000e+00  1.12000000e+00  3.74992543e-04  1.12000000e+00  1.45000000e+00 
 1.13000000e+00  1.13000000e+00  1.13000000e+00  3.85957021e-04  1.13000000e+00  1.45000000e+00 
 1.14000000e+00  1.14000000e+00  1.14000000e+00  3.96935332e-04  1.14000000e+00  1.45000000e+00 
 1.15000000e+00  1.15000000e+00  1.15000000e+00  4.07926119e-04  1.15000000e+00  1.45000000e+00 
 1.16000000e+00  1.16000000e+00  1.16000000e+00  4.18928108e-04  1.16000000e+00  1.45000000e+00 
 1.17000000e+00  1.17000000e+00  1.17000000e+00  4.29940113e-04  1.17000000e+00  1.45000000e+00 
 1.18000000e+00  1.18000000e+00  1.18000000e+00  4.40961019e-04  1.18000000e+00  1.45000000e+00 
 1.19000000e+00  1.19000000e+00  1.19000000e+00  4.51989786e-04  1.19000000e+00  1.45000000e+00 
 1.20000000e+00  1.20000000e+00  1.20000000e+00  4.63025438e-04  1.20000000e+00  1.45000000e+00 
 1.21000000e+00  1.21000000e+00  1.21000000e+00  4.74067064e-04  1.21000000e+00  1.45000000e+00 
 1.22000000e+00  1.22000000e+00  1.22000000e+00  4.85113808e-04  1.22000000e+00  1.45000000e+00 
 1.23000000e+00  1.23000000e+00  1.23000000e+00  4.96164869e-04  1.23000000e+00  1.45000000e+00 
 1.24000000e+00  1.24000000e+00  1.24000000e+00  5.07219495e-04  1.24000000e+00  1.45000000e+00 
 1.25000000e+00  1.25000000e+00  1.25000000e+00  5.18276984e-04  1.25000000e+00  1.45000000e+00 
 1.26000000e+00  1.26000000e+00  1.26000000e+00  5.29336675e-04  1.26000000e+00  1.45000000e+00 
 1.27000000e+00  1.27000000e+00  1.27000000e+00  5.40397948e-04  1.27000000e+00  1.45000000e+00 
 1.28000000e+00  1.28000000e+00  1.28000000e+00  5.51460222e-04  1.28000000e+00  1.45000000e+00 
 1.29000000e+00  1.29000000e+00  1.29000000e+00  5.62522952e-04  1.29000000e+00  1.45000000e+00 
 1.30000000e+00  1.30000000e+00  1.30000000e+00  5.73585625e-04  1.30000000e+00  1.45000000e+00 
 1.31000000e+00  1.31000000e+00  1.31000000e+00  5.84647759e-04  1.31000000e+00  1.45000000e+00 
 1.32000000e+00  1.32000000e+00  1.32000000e+00  5.95708904e-04  1.32000000e+00  1.45000000e+00 
 1.33000000e+00  1.33000000e+00  1.33000000e+00  6.06768633e-04  1.33000000e+00  1.45000000e+00 
 1.34000000e+00  1.34000000e+00  1.34000000e+00  6.17826548e-04  1.34000000e+00  1.45000000e+00 
 1.35000000e+00  1.35000000e+00  1.35000000e+00  6.28882273e-04  1.35000000e+00  1.45000000e+00 
 1.36000000e+00  1.36000000e+00  1.36000000e+00  6.39935455e-04  1.36000000e+00  1.45000000e+00 
 1.37000000e+00  1.37000000e+00  1.37000000e+00  6.50985761e-04  1.37000000e+00  1.45000000e+00 
 1.38000000e+00  1.38000000e+00  1.38000000e+00  6.62032880e-04  1.38000000e+00  1.45000000e+00 
 1.39000000e+00  1.39000000e+00  1.39000000e+00  6.73076516e-04  1.39000000e+00  1.45000000e+00 
 1.40000000e+00  1.40000000e+00  1.40000000e+00  6.84116394e-04  1.40000000e+00  1.45000000e+00 
 1.41000000e+00  1.41000000e+00  1.41000000e+00  6.95152253e-04  1.41000000e+00  1.45000000e+00 
 1.42000000e+00  1.42000000e+00  1.42000000e+00  7.06183847e-04  1.42000000e+00  1.45000000e+00 
 1.43000000e+00  1.43000000e+00  1.43000000e+00  7.17210946e-04  1.43000000e+00  1.45000000e+00 
 1.44000000e+00  1.44000000e+00  1.44000000e+00  7.28233332e-04  1.44000000e+00  1.45000000e+00 
 1.45000000e+00  1.45000000e+00  1.45000000e+00  7.39250801e-04  1.45000000e+00  1.45000000e+00 
 1.46000000e+00  1.46000000e+00  1.46000000e+00  7.50263159e-04  1.46000000e+00  1.45000000e+00 
 1.47000000e+00  1.47000000e+00  1.47000000e+00  7.61270225e-04  1.47000000e+00  1.45000000e+00 
 1.48000000e+00  1.48000000e+00  1.48000000e+00  7.72271827e-04  1.48000000e+00  1.45000000e+00 
 1.49000000e+00  1.49000000e+00  1.49000000e+00  7.83267806e-04  1.49000000e+00  1.45000000e+00 
 1.50000000e+00  1.50000000e+00  1.50000000e+00  7.94258008e-04  1.50000000e+00  1.45000000e+00 
 1.51000000e+00  1.51000000e+00  1.51000000e+00  8.05242292e-04  1.51000000e+00  1.45000000e+00 
 1.52000000e+00  1.52000000e+00  1.52000000e+00  8.16220521e-04  1.52000000e+00  1.45000000e+00 
 1.53000000e+00  1.53000000e+00  1.53000000e+00  8.27192570e-04  1.53000000e+00  1.45000000e+00 
 1.54000000e+00  1.54000000e+00  1.54000000e+00  8.38158318e-04  1.54000000e+00  1.45000000e+00 
 1.55000000e+00  1.55000000e+00  1.55000000e+00  8.49117653e-04  1.55000000e+00  1.45000000e+00 
 1.56000000e+00  1.56000000e+00  1.56000000e+00  8.60070470e-04  1.56000000e+00  1.45000000e+00 
 1.57000000e+00  1.57000000e+00  1.57000000e+00  8.71016667e-04  1.57000000e+00  1.45000000e+00 
 1.58000000e+00  1.58000000e+00  1.58000000e+00  8.81956150e-04  1.58000000e+00  1.45000000e+00 
 1.59000000e+00  1.59000000e+00  1.59000000e+00  8.92888832e-04  1.59000000e+00  1.45000000e+00 
 1.60000000e+00  1.60000000e+00  1.60000000e+00  9.03814627e-04  1.60000000e+00  1.45000000e+00 
 1.61000000e+00  1.61000000e+00  1.61000000e+00  9.14733458e-04  1.61000000e+00  1.45000000e+00 
 1.62000000e+00  1.62000000e+00  1.62000000e+00  9.25645251e-04  1.62000000e+00  1.45000000e+00 
 1.63000000e+00  1.63000000e+00  1.63000000e+00  9.36549934e-04  1.63000000e+00  1.45000000e+00 
 1.64000000e+00  1.64000000e+00  1.64000000e+00  9.47447443e-04  1.64000000e+00  1.45000000e+00 
 1.65000000e+00  1.65000000e+00  1.65000000e+00  9.58337714e-04  1.65000000e+00  1.45000000e+00 
 1.66000000e+00  1.66000000e+00  1.66000000e+00  9.69220691e-04  1.66000000e+00  1.45000000e+00 
 1.67000000e+00  1.67000000e+00  1.67000000e+00  9.80096316e-04  1.67000000e+00  1.45000000e+00 
 1.68000000e+00  1.68000000e+00  1.68000000e+00  9.90964538e-04  1.68000000e+00  1.45000000e+00 
 1.69000000e+00  1.69000000e+00  1.69000000e+00  1.00182531e-03  1.69000000e+00  1.45000000e+00 
 1.70000000e+00  1.70000000e+00  1.70000000e+00  1.01267858e-03  1.70000000e+00  1.45000000e+00 
 1.71000000e+00  1.71000000e+00  1.71000000e+00  1.02352431e-03  1.71000000e+00  1.45000000e+00 
 1.72000000e+00  1.72000000e+00  1.72000000e+00  1.03436246e-03  1.72000000e+00  1.45000000e+00 
 1.73000000e+00  1.73000000e+00  1.73000000e+00  1.04519298e-03  1.73000000e+00  1.45000000e+00 
 1.74000000e+00  1.74000000e+00  1.74000000e+00  1.05601584e-03  1.74000000e+00  1.45000000e+00 
 1.75000000e+00  1.75000000e+00  1.75000000e+00  1.06683101e-03  1.75000000e+00  1.45000000e+00 
 1.76000000e+00  1.76000000e+00  1.76000000e+00  1.07763845e-03  1.76000000e+00  1.45000000e+00 
 1.77000000e+00  1.77000000e+00  1.77000000e+00  1.08843814e-03  1.77000000e+00  1.45000000e+00 
 1.78000000e+00  1.78000000e+00  1.78000000e+00  1.09923003e-03  1.78000000e+00  1.45000000e+00 
 1.79000000e+00  1.79000000e+00  1.79000000e+00  1.11001411e-03  1.79000000e+00  1.45000000e+00 
 1.80000000e+00  1.80000000e+00  1.80000000e+00  1.12079035e-03  1.80000000e+00  1.45000000e+00 
 1.81000000e+00  1.81000000e+00  1.81000000e+00  1.13155871e-03  1.81000000e+00  1.45000000e+00 
 1.82000000e+00  1.82000000e+00  1.82000000e+00  1.14231919e-03  1.82000000e+00  1.45000000e+00 
 1.83000000e+00  1.83000000e+00  1.83000000e+00  1.15307174e-03  1.83000000e+00  1.45000000e+00 
 1.84000000e+00  1.84000000e+00  1.84000000e+00  1.16381636e-03  1.84000000e+00  1.45000000e+00 
 1.85000000e+00  1.85000000e+00  1.85000000e+00  1.17455302e-03  1.85000000e+00  1.45000000e+00 
