 0.00000000e+00  0.00000000e+00  0.00000000e+00  3.79829232e-21  0.00000000e+00  3.70000000e-01 
 1.00000000e-02  1.00000000e-02  1.00000000e-02  6.15685949e-21  1.00000000e-02  3.70000000e-01 
 2.00000000e-02  2.00000000e-02  2.00000000e-02  9.97998973e-21  2.00000000e-02  3.70000000e-01 
 3.00000000e-02  3.00000000e-02  3.00000000e-02  1.61771103e-20  3.00000000e-02  3.70000000e-01 
 4.00000000e-02  4.00000000e-02  4.00000000e-02  2.62223611e-20  4.00000000e-02  3.70000000e-01 
 5.00000000e-02  5.00000000e-02  5.00000000e-02  4.25052562e-20  5.00000000e-02  3.70000000e-01 
 6.00000000e-02  6.00000000e-02  6.00000000e-02  6.88990889e-20  6.00000000e-02  3.70000000e-01 
 7.00000000e-02  7.00000000e-02  7.00000000e-02  1.11682291e-19  7.00000000e-02  3.70000000e-01 
 8.00000000e-02  8.00000000e-02  8.00000000e-02  1.81031913e-19  8.00000000e-02  3.70000000e-01 
 9.00000000e-02  9.00000000e-02  9.00000000e-02  2.93444489e-19  9.00000000e-02  3.70000000e-01 
 1.00000000e-01  1.00000000e-01  1.00000000e-01  4.75660145e-19  1.00000000e-01  3.70000000e-01 
 1.10000000e-01  1.10000000e-01  1.10000000e-01  7.71023392e-19  1.10000000e-01  3.70000000e-01 
 1.20000000e-01  1.20000000e-01  1.20000000e-01  1.24979369e-18  1.20000000e-01  3.70000000e-01 
 1.30000000e-01  1.30000000e-01  1.30000000e-01  2.02585834e-18  1.30000000e-01  3.70000000e-01 
 1.40000000e-01  1.40000000e-01  1.40000000e-01  3.28382337e-18  1.40000000e-01  3.70000000e-01 
 1.50000000e-01  1.50000000e-01  1.50000000e-01  5.32292645e-18  1.50000000e-01  3.70000000e-01 
 1.60000000e-01  1.60000000e-01  1.60000000e-01  8.62821763e-18  1.60000000e-01  3.70000000e-01 
 1.70000000e-01  1.70000000e-01  1.70000000e-01  1.39859397e-17  1.70000000e-01  3.70000000e-01 
 1.80000000e-01  1.80000000e-01  1.80000000e-01  2.26705539e-17  1.80000000e-01  3.70000000e-01 
 1.90000000e-01  1.90000000e-01  1.90000000e-01  3.67478983e-17  1.90000000e-01  3.70000000e-01 
 2.00000000e-01  2.00000000e-01  2.00000000e-01  5.95665913e-17  2.00000000e-01  3.70000000e-01 
 2.10000000e-01  2.10000000e-01  2.10000000e-01  9.65545671e-17  2.10000000e-01  3.70000000e-01 
 2.20000000e-01  2.20000000e-01  2.20000000e-01  1.56510212e-16  2.20000000e-01  3.70000000e-01 
 2.30000000e-01  2.30000000e-01  2.30000000e-01  2.53695207e-16  2.30000000e-01  3.70000000e-01 
 2.40000000e-01  2.40000000e-01  2.40000000e-01  4.11226882e-16  2.40000000e-01  3.70000000e-01 
 2.50000000e-01  2.50000000e-01  2.50000000e-01  6.66576943e-16  2.50000000e-01  3.70000000e-01 
 2.60000000e-01  2.60000000e-01  2.60000000e-01  1.08048443e-15  2.60000000e-01  3.70000000e-01 
 2.70000000e-01  2.70000000e-01  2.70000000e-01  1.75140271e-15  2.70000000e-01  3.70000000e-01 
 2.80000000e-01  2.80000000e-01  2.80000000e-01  2.83891641e-15  2.80000000e-01  3.70000000e-01 
 2.90000000e-01  2.90000000e-01  2.90000000e-01  4.60169707e-15  2.90000000e-01  3.70000000e-01 
 3.00000000e-01  3.00000000e-01  3.00000000e-01  7.45902324e-15  3.00000000e-01  3.70000000e-01 
 3.10000000e-01  3.10000000e-01  3.10000000e-01  1.20904928e-14  3.10000000e-01  3.70000000e-01 
 3.20000000e-01  3.20000000e-01  3.20000000e-01  1.95976339e-14  3.20000000e-01  3.70000000e-01 
 3.30000000e-01  3.30000000e-01  3.30000000e-01  3.17658303e-14  3.30000000e-01  3.70000000e-01 
 3.40000000e-01  3.40000000e-01  3.40000000e-01  5.14888131e-14  3.40000000e-01  3.70000000e-01 
 3.50000000e-01  3.50000000e-01  3.50000000e-01  8.34565802e-14  3.50000000e-01  3.70000000e-01 
 3.60000000e-01  3.60000000e-01  3.60000000e-01  1.35270149e-13  3.60000000e-01  3.70000000e-01 
 3.70000000e-01  3.70000000e-01  3.70000000e-01  2.19247832e-13  3.70000000e-01  3.70000000e-01 
 3.80000000e-01  3.80000000e-01  3.80000000e-01  3.55351712e-13  3.80000000e-01  3.70000000e-01 
 3.90000000e-01  3.90000000e-01  3.90000000e-01  5.75928397e-13  3.90000000e-01  3.70000000e-01 
 4.00000000e-01  4.00000000e-01  4.00000000e-01  9.33387551e-13  4.00000000e-01  3.70000000e-01 
 4.10000000e-01  4.10000000e-01  4.10000000e-01  1.51263603e-12  4.10000000e-01  3.70000000e-01 
 4.20000000e-01  4.20000000e-01  4.20000000e-01  2.45120751e-12  4.20000000e-01  3.70000000e-01 
 4.30000000e-01  4.30000000e-01  4.30000000e-01  3.97183912e-12  4.30000000e-01  3.70000000e-01 
 4.40000000e-01  4.40000000e-01  4.40000000e-01  6.43516859e-12  4.40000000e-01  3.70000000e-01 
 4.50000000e-01  4.50000000e-01  4.50000000e-01  1.04249319e-11  4.50000000e-01  3.70000000e-01 
 4.60000000e-01  4.60000000e-01  4.60000000e-01  1.68856094e-11  4.60000000e-01  3.70000000e-01 
 4.70000000e-01  4.70000000e-01  4.70000000e-01  2.73446108e-11  4.70000000e-01  3.70000000e-01 
 4.80000000e-01  4.80000000e-01  4.80000000e-01  4.42705206e-11  4.80000000e-01  3.70000000e-01 
 4.90000000e-01  4.90000000e-01  4.90000000e-01  7.16499098e-11  4.90000000e-01  3.70000000e-01 
 5.00000000e-01  5.00000000e-01  5.00000000e-01  1.15914423e-10  5.00000000e-01  3.70000000e-01 
 5.10000000e-01  5.10000000e-01  5.10000000e-01  1.87427567e-10  5.10000000e-01  3.70000000e-01 
 5.20000000e-01  5.20000000e-01  5.20000000e-01  3.02862562e-10  5.20000000e-01  3.70000000e-01 
 5.30000000e-01  5.30000000e-01  5.30000000e-01  4.88992472e-10  5.30000000e-01  3.70000000e-01 
 5.40000000e-01  5.40000000e-01  5.40000000e-01  7.88706515e-10  5.40000000e-01  3.70000000e-01 
 5.50000000e-01  5.50000000e-01  5.50000000e-01  1.27051290e-09  5.50000000e-01  3.70000000e-01 
 5.60000000e-01  5.60000000e-01  5.60000000e-01  2.04346117e-09  5.60000000e-01  3.70000000e-01 
 5.70000000e-01  5.70000000e-01  5.70000000e-01  3.28041879e-09  5.70000000e-01  3.70000000e-01 
 5.80000000e-01  5.80000000e-01  5.80000000e-01  5.25411509e-09  5.80000000e-01  3.70000000e-01 
 5.90000000e-01  5.90000000e-01  5.90000000e-01  8.39254377e-09  5.90000000e-01  3.70000000e-01 
 6.00000000e-01  6.00000000e-01  6.00000000e-01  1.33635637e-08  6.00000000e-01  3.70000000e-01 
 6.10000000e-01  6.10000000e-01  6.10000000e-01  2.12035308e-08  6.10000000e-01  3.70000000e-01 
 6.20000000e-01  6.20000000e-01  6.20000000e-01  3.35128151e-08  6.20000000e-01  3.70000000e-01 
 6.30000000e-01  6.30000000e-01  6.30000000e-01  5.27544400e-08  6.30000000e-01  3.70000000e-01 
 6.40000000e-01  6.40000000e-01  6.40000000e-01  8.27144363e-08  6.40000000e-01  3.70000000e-01 
 6.50000000e-01  6.50000000e-01  6.50000000e-01  1.29217509e-07  6.50000000e-01  3.70000000e-01 
 6.60000000e-01  6.60000000e-01  6.60000000e-01  2.01237660e-07  6.60000000e-01  3.70000000e-01 
 6.70000000e-01  6.70000000e-01  6.70000000e-01  3.12580797e-07  6.70000000e-01  3.70000000e-01 
 6.80000000e-01  6.80000000e-01  6.80000000e-01  4.84289209e-07  6.80000000e-01  3.70000000e-01 
 6.90000000e-01  6.90000000e-01  6.90000000e-01  7.47728538e-07  6.90000000e-01  3.70000000e-01 
 7.00000000e-01  7.00000000e-01  7.00000000e-01  1.14787581e-06  7.00000000e-01  3.70000000e-01 
 7.10000000e-01  7.10000000e-01  7.10000000e-01  1.74567812e-06  7.10000000e-01  3.70000000e-01 
 7.20000000e-01  7.20000000e-01  7.20000000e-01  2.61782181e-06  7.20000000e-01  3.70000000e-01 
 7.30000000e-01  7.30000000e-01  7.30000000e-01  3.85239448e-06  7.30000000e-01  3.70000000e-01 
 7.40000000e-01  7.40000000e-01  7.40000000e-01  5.54011324e-06  7.40000000e-01  3.70000000e-01 
 7.50000000e-01  7.50000000e-01  7.50000000e-01  7.76270255e-06  7.50000000e-01  3.70000000e-01 
 7.60000000e-01  7.60000000e-01  7.60000000e-01  1.05815717e-05  7.60000000e-01  3.70000000e-01 
 7.70000000e-01  7.70000000e-01  7.70000000e-01  1.40301038e-05  7.70000000e-01  3.70000000e-01 
 7.80000000e-01  7.80000000e-01  7.80000000e-01  1.81114688e-05  7.80000000e-01  3.70000000e-01 
 7.90000000e-01  7.90000000e-01  7.90000000e-01  2.28017880e-05  7.90000000e-01  3.70000000e-01 
 8.00000000e-01  8.00000000e-01  8.00000000e-01  2.80568670e-05  8.00000000e-01  3.70000000e-01 
 8.10000000e-01  8.10000000e-01  8.10000000e-01  3.38201870e-05  8.10000000e-01  3.70000000e-01 
 8.20000000e-01  8.20000000e-01  8.20000000e-01  4.00302629e-05  8.20000000e-01  3.70000000e-01 
 8.30000000e-01  8.30000000e-01  8.30000000e-01  4.66263120e-05  8.30000000e-01  3.70000000e-01 
 8.40000000e-01  8.40000000e-01  8.40000000e-01  5.35519578e-05  8.40000000e-01  3.70000000e-01 
 8.50000000e-01  8.50000000e-01  8.50000000e-01  6.07571950e-05  8.50000000e-01  3.70000000e-01 
 8.60000000e-01  8.60000000e-01  8.60000000e-01  6.81990536e-05  8.60000000e-01  3.70000000e-01 
 8.70000000e-01  8.70000000e-01  8.70000000e-01  7.58414194e-05  8.70000000e-01  3.70000000e-01 
 8.80000000e-01  8.80000000e-01  8.80000000e-01  8.36543836e-05  8.80000000e-01  3.70000000e-01 
 8.90000000e-01  8.90000000e-01  8.90000000e-01  9.16133909e-05  8.90000000e-01  3.70000000e-01 
 9.00000000e-01  9.00000000e-01  9.00000000e-01  9.96983531e-05  9.00000000e-01  3.70000000e-01 
 9.10000000e-01  9.10000000e-01  9.10000000e-01  1.07892823e-04  9.10000000e-01  3.70000000e-01 
 9.20000000e-01  9.20000000e-01  9.20000000e-01  1.16183277e-04  9.20000000e-01  3.70000000e-01 
 9.30000000e-01  9.30000000e-01  9.30000000e-01  1.24558505e-04  9.30000000e-01  3.70000000e-01 
 9.40000000e-01  9.40000000e-01  9.40000000e-01  1.33009130e-04  9.40000000e-01  3.70000000e-01 
 9.50000000e-01  9.50000000e-01  9.50000000e-01  1.41527210e-04  9.50000000e-01  3.70000000e-01 
 9.60000000e-01  9.60000000e-01  9.60000000e-01  1.50105936e-04  9.60000000e-01  3.70000000e-01 
 9.70000000e-01  9.70000000e-01  9.70000000e-01  1.58739396e-04  9.70000000e-01  3.70000000e-01 
 9.80000000e-01  9.80000000e-01  9.80000000e-01  1.67422393e-04  9.80000000e-01  3.70000000e-01 
 9.90000000e-01  9.90000000e-01  9.90000000e-01  1.76150305e-04  9.90000000e-01  3.70000000e-01 
 1.00000000e+00  1.00000000e+00  1.00000000e+00  1.84918983e-04  1.00000000e+00  3.70000000e-01 
 1.01000000e+00  1.01000000e+00  1.01000000e+00  1.93724667e-04  1.01000000e+00  3.70000000e-01 
 1.02000000e+00  1.02000000e+00  1.02000000e+00  2.02563920e-04  1.02000000e+00  3.70000000e-01 
 1.03000000e+00  1.03000000e+00  1.03000000e+00  2.11433588e-04  1.03000000e+00  3.70000000e-01 
 1.04000000e+00  1.04000000e+00  1.04000000e+00  2.20330756e-04  1.04000000e+00  3.70000000e-01 
 1.05000000e+00  1.05000000e+00  1.05000000e+00  2.29252723e-04  1.05000000e+00  3.70000000e-01 
 1.06000000e+00  1.06000000e+00  1.06000000e+00  2.38196975e-04  1.06000000e+00  3.70000000e-01 
 1.07000000e+00  1.07000000e+00  1.07000000e+00  2.47161168e-04  1.07000000e+00  3.70000000e-01 
 1.08000000e+00  1.08000000e+00  1.08000000e+00  2.56143110e-04  1.08000000e+00  3.70000000e-01 
 1.09000000e+00  1.09000000e+00  1.09000000e+00  2.65140750e-04  1.09000000e+00  3.70000000e-01 
 1.10000000e+00  1.10000000e+00  1.10000000e+00  2.74152165e-04  1.10000000e+00  3.70000000e-01 
 1.11000000e+00  1.11000000e+00  1.11000000e+00  2.83175550e-04  1.11000000e+00  3.70000000e-01 
 1.12000000e+00  1.12000000e+00  1.12000000e+00  2.92209210e-04  1.12000000e+00  3.70000000e-01 
 1.13000000e+00  1.13000000e+00  1.13000000e+00  3.01251548e-04  1.13000000e+00  3.70000000e-01 
 1.14000000e+00  1.14000000e+00  1.14000000e+00  3.10301063e-04  1.14000000e+00  3.70000000e-01 
 1.15000000e+00  1.15000000e+00  1.15000000e+00  3.19356341e-04  1.15000000e+00  3.70000000e-01 
 1.16000000e+00  1.16000000e+00  1.16000000e+00  3.28416047e-04  1.16000000e+00  3.70000000e-01 
 1.17000000e+00  1.17000000e+00  1.17000000e+00  3.37478923e-04  1.17000000e+00  3.70000000e-01 
 1.18000000e+00  1.18000000e+00  1.18000000e+00  3.46543777e-04  1.18000000e+00  3.70000000e-01 
 1.19000000e+00  1.19000000e+00  1.19000000e+00  3.55609486e-04  1.19000000e+00  3.70000000e-01 
 1.20000000e+00  1.20000000e+00  1.20000000e+00  3.64674985e-04  1.20000000e+00  3.70000000e-01 
 1.21000000e+00  1.21000000e+00  1.21000000e+00  3.73739265e-04  1.21000000e+00  3.70000000e-01 
 1.22000000e+00  1.22000000e+00  1.22000000e+00  3.82801369e-04  1.22000000e+00  3.70000000e-01 
 1.23000000e+00  1.23000000e+00  1.23000000e+00  3.91860389e-04  1.23000000e+00  3.70000000e-01 
 1.24000000e+00  1.24000000e+00  1.24000000e+00  4.00915462e-04  1.24000000e+00  3.70000000e-01 
 1.25000000e+00  1.25000000e+00  1.25000000e+00  4.09965766e-04  1.25000000e+00  3.70000000e-01 
 1.26000000e+00  1.26000000e+00  1.26000000e+00  4.19010519e-04  1.26000000e+00  3.70000000e-01 
 1.27000000e+00  1.27000000e+00  1.27000000e+00  4.28048973e-04  1.27000000e+00  3.70000000e-01 
 1.28000000e+00  1.28000000e+00  1.28000000e+00  4.37080418e-04  1.28000000e+00  3.70000000e-01 
 1.29000000e+00  1.29000000e+00  1.29000000e+00  4.46104170e-04  1.29000000e+00  3.70000000e-01 
 1.30000000e+00  1.30000000e+00  1.30000000e+00  4.55119578e-04  1.30000000e+00  3.70000000e-01 
 1.31000000e+00  1.31000000e+00  1.31000000e+00  4.64126017e-04  1.31000000e+00  3.70000000e-01 
 1.32000000e+00  1.32000000e+00  1.32000000e+00  4.73122887e-04  1.32000000e+00  3.70000000e-01 
 1.33000000e+00  1.33000000e+00  1.33000000e+00  4.82109612e-04  1.33000000e+00  3.70000000e-01 
 1.34000000e+00  1.34000000e+00  1.34000000e+00  4.91085638e-04  1.34000000e+00  3.70000000e-01 
 1.35000000e+00  1.35000000e+00  1.35000000e+00  5.00050430e-04  1.35000000e+00  3.70000000e-01 
 1.36000000e+00  1.36000000e+00  1.36000000e+00  5.09003475e-04  1.36000000e+00  3.70000000e-01 
 1.37000000e+00  1.37000000e+00  1.37000000e+00  5.17944274e-04  1.37000000e+00  3.70000000e-01 
 1.38000000e+00  1.38000000e+00  1.38000000e+00  5.26872348e-04  1.38000000e+00  3.70000000e-01 
 1.39000000e+00  1.39000000e+00  1.39000000e+00  5.35787232e-04  1.39000000e+00  3.70000000e-01 
 1.40000000e+00  1.40000000e+00  1.40000000e+00  5.44688475e-04  1.40000000e+00  3.70000000e-01 
 1.41000000e+00  1.41000000e+00  1.41000000e+00  5.53575639e-04  1.41000000e+00  3.70000000e-01 
 1.42000000e+00  1.42000000e+00  1.42000000e+00  5.62448300e-04  1.42000000e+00  3.70000000e-01 
 1.43000000e+00  1.43000000e+00  1.43000000e+00  5.71306046e-04  1.43000000e+00  3.70000000e-01 
 1.44000000e+00  1.44000000e+00  1.44000000e+00  5.80148473e-04  1.44000000e+00  3.70000000e-01 
 1.45000000e+00  1.45000000e+00  1.45000000e+00  5.88975190e-04  1.45000000e+00  3.70000000e-01 
 1.46000000e+00  1.46000000e+00  1.46000000e+00  5.97785814e-04  1.46000000e+00  3.70000000e-01 
 1.47000000e+00  1.47000000e+00  1.47000000e+00  6.06579972e-04  1.47000000e+00  3.70000000e-01 
 1.48000000e+00  1.48000000e+00  1.48000000e+00  6.15357298e-04  1.48000000e+00  3.70000000e-01 
 1.49000000e+00  1.49000000e+00  1.49000000e+00  6.24117434e-04  1.49000000e+00  3.70000000e-01 
 1.50000000e+00  1.50000000e+00  1.50000000e+00  6.32860030e-04  1.50000000e+00  3.70000000e-01 
 1.51000000e+00  1.51000000e+00  1.51000000e+00  6.41584741e-04  1.51000000e+00  3.70000000e-01 
 1.52000000e+00  1.52000000e+00  1.52000000e+00  6.50291229e-04  1.52000000e+00  3.70000000e-01 
 1.53000000e+00  1.53000000e+00  1.53000000e+00  6.58979163e-04  1.53000000e+00  3.70000000e-01 
 1.54000000e+00  1.54000000e+00  1.54000000e+00  6.67648216e-04  1.54000000e+00  3.70000000e-01 
 1.55000000e+00  1.55000000e+00  1.55000000e+00  6.76298065e-04  1.55000000e+00  3.70000000e-01 
 1.56000000e+00  1.56000000e+00  1.56000000e+00  6.84928393e-04  1.56000000e+00  3.70000000e-01 
 1.57000000e+00  1.57000000e+00  1.57000000e+00  6.93538888e-04  1.57000000e+00  3.70000000e-01 
 1.58000000e+00  1.58000000e+00  1.58000000e+00  7.02129239e-04  1.58000000e+00  3.70000000e-01 
 1.59000000e+00  1.59000000e+00  1.59000000e+00  7.10699141e-04  1.59000000e+00  3.70000000e-01 
 1.60000000e+00  1.60000000e+00  1.60000000e+00  7.19248293e-04  1.60000000e+00  3.70000000e-01 
 1.61000000e+00  1.61000000e+00  1.61000000e+00  7.27776394e-04  1.61000000e+00  3.70000000e-01 
 1.62000000e+00  1.62000000e+00  1.62000000e+00  7.36283149e-04  1.62000000e+00  3.70000000e-01 
 1.63000000e+00  1.63000000e+00  1.63000000e+00  7.44768264e-04  1.63000000e+00  3.70000000e-01 
 1.64000000e+00  1.64000000e+00  1.64000000e+00  7.53231448e-04  1.64000000e+00  3.70000000e-01 
 1.65000000e+00  1.65000000e+00  1.65000000e+00  7.61672410e-04  1.65000000e+00  3.70000000e-01 
 1.66000000e+00  1.66000000e+00  1.66000000e+00  7.70090864e-04  1.66000000e+00  3.70000000e-01 
 1.67000000e+00  1.67000000e+00  1.67000000e+00  7.78486525e-04  1.67000000e+00  3.70000000e-01 
 1.68000000e+00  1.68000000e+00  1.68000000e+00  7.86859108e-04  1.68000000e+00  3.70000000e-01 
 1.69000000e+00  1.69000000e+00  1.69000000e+00  7.95208331e-04  1.69000000e+00  3.70000000e-01 
 1.70000000e+00  1.70000000e+00  1.70000000e+00  8.03533913e-04  1.70000000e+00  3.70000000e-01 
 1.71000000e+00  1.71000000e+00  1.71000000e+00  8.11835573e-04  1.71000000e+00  3.70000000e-01 
 1.72000000e+00  1.72000000e+00  1.72000000e+00  8.20113033e-04  1.72000000e+00  3.70000000e-01 
 1.73000000e+00  1.73000000e+00  1.73000000e+00  8.28366015e-04  1.73000000e+00  3.70000000e-01 
 1.74000000e+00  1.74000000e+00  1.74000000e+00  8.36594240e-04  1.74000000e+00  3.70000000e-01 
 1.75000000e+00  1.75000000e+00  1.75000000e+00  8.44797433e-04  1.75000000e+00  3.70000000e-01 
 1.76000000e+00  1.76000000e+00  1.76000000e+00  8.52975317e-04  1.76000000e+00  3.70000000e-01 
 1.77000000e+00  1.77000000e+00  1.77000000e+00  8.61127616e-04  1.77000000e+00  3.70000000e-01 
 1.78000000e+00  1.78000000e+00  1.78000000e+00  8.69254055e-04  1.78000000e+00  3.70000000e-01 
 1.79000000e+00  1.79000000e+00  1.79000000e+00  8.77354358e-04  1.79000000e+00  3.70000000e-01 
 1.80000000e+00  1.80000000e+00  1.80000000e+00  8.85428252e-04  1.80000000e+00  3.70000000e-01 
 1.81000000e+00  1.81000000e+00  1.81000000e+00  8.93475460e-04  1.81000000e+00  3.70000000e-01 
 1.82000000e+00  1.82000000e+00  1.82000000e+00  9.01495709e-04  1.82000000e+00  3.70000000e-01 
 1.83000000e+00  1.83000000e+00  1.83000000e+00  9.09488723e-04  1.83000000e+00  3.70000000e-01 
 1.84000000e+00  1.84000000e+00  1.84000000e+00  9.17454229e-04  1.84000000e+00  3.70000000e-01 
 1.85000000e+00  1.85000000e+00  1.85000000e+00  9.25391950e-04  1.85000000e+00  3.70000000e-01 
