 0.00000000e+00  1.48000000e+00  0.00000000e+00  0.00000000e+00  0.00000000e+00  0.00000000e+00 
 1.00000000e-02  1.48000000e+00  1.00000000e-02  3.11891235e-05  1.00000000e-02  1.00000000e-02 
 2.00000000e-02  1.48000000e+00  2.00000000e-02  6.12596342e-05  2.00000000e-02  2.00000000e-02 
 3.00000000e-02  1.48000000e+00  3.00000000e-02  9.01748177e-05  3.00000000e-02  3.00000000e-02 
 4.00000000e-02  1.48000000e+00  4.00000000e-02  1.17929892e-04  4.00000000e-02  4.00000000e-02 
 5.00000000e-02  1.48000000e+00  5.00000000e-02  1.44526443e-04  5.00000000e-02  5.00000000e-02 
 6.00000000e-02  1.48000000e+00  6.00000000e-02  1.69968842e-04  6.00000000e-02  6.00000000e-02 
 7.00000000e-02  1.48000000e+00  7.00000000e-02  1.94263423e-04  7.00000000e-02  7.00000000e-02 
 8.00000000e-02  1.48000000e+00  8.00000000e-02  2.17418415e-04  8.00000000e-02  8.00000000e-02 
 9.00000000e-02  1.48000000e+00  9.00000000e-02  2.39444178e-04  9.00000000e-02  9.00000000e-02 
 1.00000000e-01  1.48000000e+00  1.00000000e-01  2.60353554e-04  1.00000000e-01  1.00000000e-01 
 1.10000000e-01  1.48000000e+00  1.10000000e-01  2.80162248e-04  1.10000000e-01  1.10000000e-01 
 1.20000000e-01  1.48000000e+00  1.20000000e-01  2.98889198e-04  1.20000000e-01  1.20000000e-01 
 1.30000000e-01  1.48000000e+00  1.30000000e-01  3.16556859e-04  1.30000000e-01  1.30000000e-01 
 1.40000000e-01  1.48000000e+00  1.40000000e-01  3.33191387e-04  1.40000000e-01  1.40000000e-01 
 1.50000000e-01  1.48000000e+00  1.50000000e-01  3.48822680e-04  1.50000000e-01  1.50000000e-01 
 1.60000000e-01  1.48000000e+00  1.60000000e-01  3.63484269e-04  1.60000000e-01  1.60000000e-01 
 1.70000000e-01  1.48000000e+00  1.70000000e-01  3.77213049e-04  1.70000000e-01  1.70000000e-01 
 1.80000000e-01  1.48000000e+00  1.80000000e-01  3.90048865e-04  1.80000000e-01  1.80000000e-01 
 1.90000000e-01  1.48000000e+00  1.90000000e-01  4.02033987e-04  1.90000000e-01  1.90000000e-01 
 2.00000000e-01  1.48000000e+00  2.00000000e-01  4.13212491e-04  2.00000000e-01  2.00000000e-01 
 2.10000000e-01  1.48000000e+00  2.10000000e-01  4.23629601e-04  2.10000000e-01  2.10000000e-01 
 2.20000000e-01  1.48000000e+00  2.20000000e-01  4.33331024e-04  2.20000000e-01  2.20000000e-01 
 2.30000000e-01  1.48000000e+00  2.30000000e-01  4.42362323e-04  2.30000000e-01  2.30000000e-01 
 2.40000000e-01  1.48000000e+00  2.40000000e-01  4.50768341e-04  2.40000000e-01  2.40000000e-01 
 2.50000000e-01  1.48000000e+00  2.50000000e-01  4.58592712e-04  2.50000000e-01  2.50000000e-01 
 2.60000000e-01  1.48000000e+00  2.60000000e-01  4.65877463e-04  2.60000000e-01  2.60000000e-01 
 2.70000000e-01  1.48000000e+00  2.70000000e-01  4.72662701e-04  2.70000000e-01  2.70000000e-01 
 2.80000000e-01  1.48000000e+00  2.80000000e-01  4.78986404e-04  2.80000000e-01  2.80000000e-01 
 2.90000000e-01  1.48000000e+00  2.90000000e-01  4.84884281e-04  2.90000000e-01  2.90000000e-01 
 3.00000000e-01  1.48000000e+00  3.00000000e-01  4.90389710e-04  3.00000000e-01  3.00000000e-01 
 3.10000000e-01  1.48000000e+00  3.10000000e-01  4.95533732e-04  3.10000000e-01  3.10000000e-01 
 3.20000000e-01  1.48000000e+00  3.20000000e-01  5.00345089e-04  3.20000000e-01  3.20000000e-01 
 3.30000000e-01  1.48000000e+00  3.30000000e-01  5.04850305e-04  3.30000000e-01  3.30000000e-01 
 3.40000000e-01  1.48000000e+00  3.40000000e-01  5.09073783e-04  3.40000000e-01  3.40000000e-01 
 3.50000000e-01  1.48000000e+00  3.50000000e-01  5.13037922e-04  3.50000000e-01  3.50000000e-01 
 3.60000000e-01  1.48000000e+00  3.60000000e-01  5.16763247e-04  3.60000000e-01  3.60000000e-01 
 3.70000000e-01  1.48000000e+00  3.70000000e-01  5.20268537e-04  3.70000000e-01  3.70000000e-01 
 3.80000000e-01  1.48000000e+00  3.80000000e-01  5.23570959e-04  3.80000000e-01  3.80000000e-01 
 3.90000000e-01  1.48000000e+00  3.90000000e-01  5.26686194e-04  3.90000000e-01  3.90000000e-01 
 4.00000000e-01  1.48000000e+00  4.00000000e-01  5.29628563e-04  4.00000000e-01  4.00000000e-01 
 4.10000000e-01  1.48000000e+00  4.10000000e-01  5.32411140e-04  4.10000000e-01  4.10000000e-01 
 4.20000000e-01  1.48000000e+00  4.20000000e-01  5.35045865e-04  4.20000000e-01  4.20000000e-01 
 4.30000000e-01  1.48000000e+00  4.30000000e-01  5.37543643e-04  4.30000000e-01  4.30000000e-01 
 4.40000000e-01  1.48000000e+00  4.40000000e-01  5.39914442e-04  4.40000000e-01  4.40000000e-01 
 4.50000000e-01  1.48000000e+00  4.50000000e-01  5.42167371e-04  4.50000000e-01  4.50000000e-01 
 4.60000000e-01  1.48000000e+00  4.60000000e-01  5.44310769e-04  4.60000000e-01  4.60000000e-01 
 4.70000000e-01  1.48000000e+00  4.70000000e-01  5.46352269e-04  4.70000000e-01  4.70000000e-01 
 4.80000000e-01  1.48000000e+00  4.80000000e-01  5.48298865e-04  4.80000000e-01  4.80000000e-01 
 4.90000000e-01  1.48000000e+00  4.90000000e-01  5.50156974e-04  4.90000000e-01  4.90000000e-01 
 5.00000000e-01  1.48000000e+00  5.00000000e-01  5.51932487e-04  5.00000000e-01  5.00000000e-01 
 5.10000000e-01  1.48000000e+00  5.10000000e-01  5.53630815e-04  5.10000000e-01  5.10000000e-01 
 5.20000000e-01  1.48000000e+00  5.20000000e-01  5.55256940e-04  5.20000000e-01  5.20000000e-01 
 5.30000000e-01  1.48000000e+00  5.30000000e-01  5.56815445e-04  5.30000000e-01  5.30000000e-01 
 5.40000000e-01  1.48000000e+00  5.40000000e-01  5.58310558e-04  5.40000000e-01  5.40000000e-01 
 5.50000000e-01  1.48000000e+00  5.50000000e-01  5.59746179e-04  5.50000000e-01  5.50000000e-01 
 5.60000000e-01  1.48000000e+00  5.60000000e-01  5.61125912e-04  5.60000000e-01  5.60000000e-01 
 5.70000000e-01  1.48000000e+00  5.70000000e-01  5.62453087e-04  5.70000000e-01  5.70000000e-01 
 5.80000000e-01  1.48000000e+00  5.80000000e-01  5.63730789e-04  5.80000000e-01  5.80000000e-01 
 5.90000000e-01  1.48000000e+00  5.90000000e-01  5.64961876e-04  5.90000000e-01  5.90000000e-01 
 6.00000000e-01  1.48000000e+00  6.00000000e-01  5.66149000e-04  6.00000000e-01  6.00000000e-01 
 6.10000000e-01  1.48000000e+00  6.10000000e-01  5.67294622e-04  6.10000000e-01  6.10000000e-01 
 6.20000000e-01  1.48000000e+00  6.20000000e-01  5.68401031e-04  6.20000000e-01  6.20000000e-01 
 6.30000000e-01  1.48000000e+00  6.30000000e-01  5.69470356e-04  6.30000000e-01  6.30000000e-01 
 6.40000000e-01  1.48000000e+00  6.40000000e-01  5.70504581e-04  6.40000000e-01  6.40000000e-01 
 6.50000000e-01  1.48000000e+00  6.50000000e-01  5.71505555e-04  6.50000000e-01  6.50000000e-01 
 6.60000000e-01  1.48000000e+00  6.60000000e-01  5.72475004e-04  6.60000000e-01  6.60000000e-01 
 6.70000000e-01  1.48000000e+00  6.70000000e-01  5.73414540e-04  6.70000000e-01  6.70000000e-01 
 6.80000000e-01  1.48000000e+00  6.80000000e-01  5.74325669e-04  6.80000000e-01  6.80000000e-01 
 6.90000000e-01  1.48000000e+00  6.90000000e-01  5.75209803e-04  6.90000000e-01  6.90000000e-01 
 7.00000000e-01  1.48000000e+00  7.00000000e-01  5.76068263e-04  7.00000000e-01  7.00000000e-01 
 7.10000000e-01  1.48000000e+00  7.10000000e-01  5.76902287e-04  7.10000000e-01  7.10000000e-01 
 7.20000000e-01  1.48000000e+00  7.20000000e-01  5.77713037e-04  7.20000000e-01  7.20000000e-01 
 7.30000000e-01  1.48000000e+00  7.30000000e-01  5.78501606e-04  7.30000000e-01  7.30000000e-01 
 7.40000000e-01  1.48000000e+00  7.40000000e-01  5.79269018e-04  7.40000000e-01  7.40000000e-01 
 7.50000000e-01  1.48000000e+00  7.50000000e-01  5.80016239e-04  7.50000000e-01  7.50000000e-01 
 7.60000000e-01  1.48000000e+00  7.60000000e-01  5.80744178e-04  7.60000000e-01  7.60000000e-01 
 7.70000000e-01  1.48000000e+00  7.70000000e-01  5.81453690e-04  7.70000000e-01  7.70000000e-01 
 7.80000000e-01  1.48000000e+00  7.80000000e-01  5.82145582e-04  7.80000000e-01  7.80000000e-01 
 7.90000000e-01  1.48000000e+00  7.90000000e-01  5.82820616e-04  7.90000000e-01  7.90000000e-01 
 8.00000000e-01  1.48000000e+00  8.00000000e-01  5.83479511e-04  8.00000000e-01  8.00000000e-01 
 8.10000000e-01  1.48000000e+00  8.10000000e-01  5.84122946e-04  8.10000000e-01  8.10000000e-01 
 8.20000000e-01  1.48000000e+00  8.20000000e-01  5.84751563e-04  8.20000000e-01  8.20000000e-01 
 8.30000000e-01  1.48000000e+00  8.30000000e-01  5.85365972e-04  8.30000000e-01  8.30000000e-01 
 8.40000000e-01  1.48000000e+00  8.40000000e-01  5.85966747e-04  8.40000000e-01  8.40000000e-01 
 8.50000000e-01  1.48000000e+00  8.50000000e-01  5.86554434e-04  8.50000000e-01  8.50000000e-01 
 8.60000000e-01  1.48000000e+00  8.60000000e-01  5.87129550e-04  8.60000000e-01  8.60000000e-01 
 8.70000000e-01  1.48000000e+00  8.70000000e-01  5.87692586e-04  8.70000000e-01  8.70000000e-01 
 8.80000000e-01  1.48000000e+00  8.80000000e-01  5.88244008e-04  8.80000000e-01  8.80000000e-01 
 8.90000000e-01  1.48000000e+00  8.90000000e-01  5.88784258e-04  8.90000000e-01  8.90000000e-01 
 9.00000000e-01  1.48000000e+00  9.00000000e-01  5.89313757e-04  9.00000000e-01  9.00000000e-01 
 9.10000000e-01  1.48000000e+00  9.10000000e-01  5.89832905e-04  9.10000000e-01  9.10000000e-01 
 9.20000000e-01  1.48000000e+00  9.20000000e-01  5.90342083e-04  9.20000000e-01  9.20000000e-01 
 9.30000000e-01  1.48000000e+00  9.30000000e-01  5.90841653e-04  9.30000000e-01  9.30000000e-01 
 9.40000000e-01  1.48000000e+00  9.40000000e-01  5.91331961e-04  9.40000000e-01  9.40000000e-01 
 9.50000000e-01  1.48000000e+00  9.50000000e-01  5.91813335e-04  9.50000000e-01  9.50000000e-01 
 9.60000000e-01  1.48000000e+00  9.60000000e-01  5.92286090e-04  9.60000000e-01  9.60000000e-01 
 9.70000000e-01  1.48000000e+00  9.70000000e-01  5.92750524e-04  9.70000000e-01  9.70000000e-01 
 9.80000000e-01  1.48000000e+00  9.80000000e-01  5.93206925e-04  9.80000000e-01  9.80000000e-01 
 9.90000000e-01  1.48000000e+00  9.90000000e-01  5.93655564e-04  9.90000000e-01  9.90000000e-01 
 1.00000000e+00  1.48000000e+00  1.00000000e+00  5.94096704e-04  1.00000000e+00  1.00000000e+00 
 1.01000000e+00  1.48000000e+00  1.01000000e+00  5.94530593e-04  1.01000000e+00  1.01000000e+00 
 1.02000000e+00  1.48000000e+00  1.02000000e+00  5.94957470e-04  1.02000000e+00  1.02000000e+00 
 1.03000000e+00  1.48000000e+00  1.03000000e+00  5.95377563e-04  1.03000000e+00  1.03000000e+00 
 1.04000000e+00  1.48000000e+00  1.04000000e+00  5.95791092e-04  1.04000000e+00  1.04000000e+00 
 1.05000000e+00  1.48000000e+00  1.05000000e+00  5.96198264e-04  1.05000000e+00  1.05000000e+00 
 1.06000000e+00  1.48000000e+00  1.06000000e+00  5.96599283e-04  1.06000000e+00  1.06000000e+00 
 1.07000000e+00  1.48000000e+00  1.07000000e+00  5.96994338e-04  1.07000000e+00  1.07000000e+00 
 1.08000000e+00  1.48000000e+00  1.08000000e+00  5.97383616e-04  1.08000000e+00  1.08000000e+00 
 1.09000000e+00  1.48000000e+00  1.09000000e+00  5.97767292e-04  1.09000000e+00  1.09000000e+00 
 1.10000000e+00  1.48000000e+00  1.10000000e+00  5.98145537e-04  1.10000000e+00  1.10000000e+00 
 1.11000000e+00  1.48000000e+00  1.11000000e+00  5.98518515e-04  1.11000000e+00  1.11000000e+00 
 1.12000000e+00  1.48000000e+00  1.12000000e+00  5.98886380e-04  1.12000000e+00  1.12000000e+00 
 1.13000000e+00  1.48000000e+00  1.13000000e+00  5.99249286e-04  1.13000000e+00  1.13000000e+00 
 1.14000000e+00  1.48000000e+00  1.14000000e+00  5.99607375e-04  1.14000000e+00  1.14000000e+00 
 1.15000000e+00  1.48000000e+00  1.15000000e+00  5.99960787e-04  1.15000000e+00  1.15000000e+00 
 1.16000000e+00  1.48000000e+00  1.16000000e+00  6.00309656e-04  1.16000000e+00  1.16000000e+00 
 1.17000000e+00  1.48000000e+00  1.17000000e+00  6.00654112e-04  1.17000000e+00  1.17000000e+00 
 1.18000000e+00  1.48000000e+00  1.18000000e+00  6.00994277e-04  1.18000000e+00  1.18000000e+00 
 1.19000000e+00  1.48000000e+00  1.19000000e+00  6.01330272e-04  1.19000000e+00  1.19000000e+00 
 1.20000000e+00  1.48000000e+00  1.20000000e+00  6.01662211e-04  1.20000000e+00  1.20000000e+00 
 1.21000000e+00  1.48000000e+00  1.21000000e+00  6.01990206e-04  1.21000000e+00  1.21000000e+00 
 1.22000000e+00  1.48000000e+00  1.22000000e+00  6.02314363e-04  1.22000000e+00  1.22000000e+00 
 1.23000000e+00  1.48000000e+00  1.23000000e+00  6.02634786e-04  1.23000000e+00  1.23000000e+00 
 1.24000000e+00  1.48000000e+00  1.24000000e+00  6.02951574e-04  1.24000000e+00  1.24000000e+00 
 1.25000000e+00  1.48000000e+00  1.25000000e+00  6.03264823e-04  1.25000000e+00  1.25000000e+00 
 1.26000000e+00  1.48000000e+00  1.26000000e+00  6.03574625e-04  1.26000000e+00  1.26000000e+00 
 1.27000000e+00  1.48000000e+00  1.27000000e+00  6.03881070e-04  1.27000000e+00  1.27000000e+00 
 1.28000000e+00  1.48000000e+00  1.28000000e+00  6.04184245e-04  1.28000000e+00  1.28000000e+00 
 1.29000000e+00  1.48000000e+00  1.29000000e+00  6.04484232e-04  1.29000000e+00  1.29000000e+00 
 1.30000000e+00  1.48000000e+00  1.30000000e+00  6.04781113e-04  1.30000000e+00  1.30000000e+00 
 1.31000000e+00  1.48000000e+00  1.31000000e+00  6.05074965e-04  1.31000000e+00  1.31000000e+00 
 1.32000000e+00  1.48000000e+00  1.32000000e+00  6.05365864e-04  1.32000000e+00  1.32000000e+00 
 1.33000000e+00  1.48000000e+00  1.33000000e+00  6.05653882e-04  1.33000000e+00  1.33000000e+00 
 1.34000000e+00  1.48000000e+00  1.34000000e+00  6.05939091e-04  1.34000000e+00  1.34000000e+00 
 1.35000000e+00  1.48000000e+00  1.35000000e+00  6.06221558e-04  1.35000000e+00  1.35000000e+00 
 1.36000000e+00  1.48000000e+00  1.36000000e+00  6.06501349e-04  1.36000000e+00  1.36000000e+00 
 1.37000000e+00  1.48000000e+00  1.37000000e+00  6.06778529e-04  1.37000000e+00  1.37000000e+00 
 1.38000000e+00  1.48000000e+00  1.38000000e+00  6.07053159e-04  1.38000000e+00  1.38000000e+00 
 1.39000000e+00  1.48000000e+00  1.39000000e+00  6.07325299e-04  1.39000000e+00  1.39000000e+00 
 1.40000000e+00  1.48000000e+00  1.40000000e+00  6.07595007e-04  1.40000000e+00  1.40000000e+00 
 1.41000000e+00  1.48000000e+00  1.41000000e+00  6.07862341e-04  1.41000000e+00  1.41000000e+00 
 1.42000000e+00  1.48000000e+00  1.42000000e+00  6.08127353e-04  1.42000000e+00  1.42000000e+00 
 1.43000000e+00  1.48000000e+00  1.43000000e+00  6.08390098e-04  1.43000000e+00  1.43000000e+00 
 1.44000000e+00  1.48000000e+00  1.44000000e+00  6.08650626e-04  1.44000000e+00  1.44000000e+00 
 1.45000000e+00  1.48000000e+00  1.45000000e+00  6.08908988e-04  1.45000000e+00  1.45000000e+00 
 1.46000000e+00  1.48000000e+00  1.46000000e+00  6.09165232e-04  1.46000000e+00  1.46000000e+00 
 1.47000000e+00  1.48000000e+00  1.47000000e+00  6.09419404e-04  1.47000000e+00  1.47000000e+00 
 1.48000000e+00  1.48000000e+00  1.48000000e+00  6.09671550e-04  1.48000000e+00  1.48000000e+00 
 1.49000000e+00  1.48000000e+00  1.49000000e+00  6.09921715e-04  1.49000000e+00  1.49000000e+00 
 1.50000000e+00  1.48000000e+00  1.50000000e+00  6.10169941e-04  1.50000000e+00  1.50000000e+00 
 1.51000000e+00  1.48000000e+00  1.51000000e+00  6.10416270e-04  1.51000000e+00  1.51000000e+00 
 1.52000000e+00  1.48000000e+00  1.52000000e+00  6.10660743e-04  1.52000000e+00  1.52000000e+00 
 1.53000000e+00  1.48000000e+00  1.53000000e+00  6.10903398e-04  1.53000000e+00  1.53000000e+00 
 1.54000000e+00  1.48000000e+00  1.54000000e+00  6.11144275e-04  1.54000000e+00  1.54000000e+00 
 1.55000000e+00  1.48000000e+00  1.55000000e+00  6.11383411e-04  1.55000000e+00  1.55000000e+00 
 1.56000000e+00  1.48000000e+00  1.56000000e+00  6.11620841e-04  1.56000000e+00  1.56000000e+00 
 1.57000000e+00  1.48000000e+00  1.57000000e+00  6.11856600e-04  1.57000000e+00  1.57000000e+00 
 1.58000000e+00  1.48000000e+00  1.58000000e+00  6.12090724e-04  1.58000000e+00  1.58000000e+00 
 1.59000000e+00  1.48000000e+00  1.59000000e+00  6.12323245e-04  1.59000000e+00  1.59000000e+00 
 1.60000000e+00  1.48000000e+00  1.60000000e+00  6.12554197e-04  1.60000000e+00  1.60000000e+00 
 1.61000000e+00  1.48000000e+00  1.61000000e+00  6.12783609e-04  1.61000000e+00  1.61000000e+00 
 1.62000000e+00  1.48000000e+00  1.62000000e+00  6.13011513e-04  1.62000000e+00  1.62000000e+00 
 1.63000000e+00  1.48000000e+00  1.63000000e+00  6.13237940e-04  1.63000000e+00  1.63000000e+00 
 1.64000000e+00  1.48000000e+00  1.64000000e+00  6.13462918e-04  1.64000000e+00  1.64000000e+00 
 1.65000000e+00  1.48000000e+00  1.65000000e+00  6.13686475e-04  1.65000000e+00  1.65000000e+00 
 1.66000000e+00  1.48000000e+00  1.66000000e+00  6.13908639e-04  1.66000000e+00  1.66000000e+00 
 1.67000000e+00  1.48000000e+00  1.67000000e+00  6.14129438e-04  1.67000000e+00  1.67000000e+00 
 1.68000000e+00  1.48000000e+00  1.68000000e+00  6.14348897e-04  1.68000000e+00  1.68000000e+00 
 1.69000000e+00  1.48000000e+00  1.69000000e+00  6.14567042e-04  1.69000000e+00  1.69000000e+00 
 1.70000000e+00  1.48000000e+00  1.70000000e+00  6.14783897e-04  1.70000000e+00  1.70000000e+00 
 1.71000000e+00  1.48000000e+00  1.71000000e+00  6.14999489e-04  1.71000000e+00  1.71000000e+00 
 1.72000000e+00  1.48000000e+00  1.72000000e+00  6.15213839e-04  1.72000000e+00  1.72000000e+00 
 1.73000000e+00  1.48000000e+00  1.73000000e+00  6.15426971e-04  1.73000000e+00  1.73000000e+00 
 1.74000000e+00  1.48000000e+00  1.74000000e+00  6.15638909e-04  1.74000000e+00  1.74000000e+00 
 1.75000000e+00  1.48000000e+00  1.75000000e+00  6.15849673e-04  1.75000000e+00  1.75000000e+00 
 1.76000000e+00  1.48000000e+00  1.76000000e+00  6.16059286e-04  1.76000000e+00  1.76000000e+00 
 1.77000000e+00  1.48000000e+00  1.77000000e+00  6.16267768e-04  1.77000000e+00  1.77000000e+00 
 1.78000000e+00  1.48000000e+00  1.78000000e+00  6.16475141e-04  1.78000000e+00  1.78000000e+00 
 1.79000000e+00  1.48000000e+00  1.79000000e+00  6.16681423e-04  1.79000000e+00  1.79000000e+00 
 1.80000000e+00  1.48000000e+00  1.80000000e+00  6.16886635e-04  1.80000000e+00  1.80000000e+00 
 1.81000000e+00  1.48000000e+00  1.81000000e+00  6.17090796e-04  1.81000000e+00  1.81000000e+00 
 1.82000000e+00  1.48000000e+00  1.82000000e+00  6.17293924e-04  1.82000000e+00  1.82000000e+00 
 1.83000000e+00  1.48000000e+00  1.83000000e+00  6.17496039e-04  1.83000000e+00  1.83000000e+00 
 1.84000000e+00  1.48000000e+00  1.84000000e+00  6.17697157e-04  1.84000000e+00  1.84000000e+00 
 1.85000000e+00  1.48000000e+00  1.85000000e+00  6.17897296e-04  1.85000000e+00  1.85000000e+00 
