 0.00000000e+00  7.40000000e-01  0.00000000e+00  0.00000000e+00  0.00000000e+00  0.00000000e+00 
 1.00000000e-02  7.40000000e-01  1.00000000e-02  5.03885656e-06  1.00000000e-02  1.00000000e-02 
 2.00000000e-02  7.40000000e-01  2.00000000e-02  9.43000098e-06  2.00000000e-02  2.00000000e-02 
 3.00000000e-02  7.40000000e-01  3.00000000e-02  1.32300477e-05  3.00000000e-02  3.00000000e-02 
 4.00000000e-02  7.40000000e-01  4.00000000e-02  1.65055490e-05  4.00000000e-02  4.00000000e-02 
 5.00000000e-02  7.40000000e-01  5.00000000e-02  1.93222627e-05  5.00000000e-02  5.00000000e-02 
 6.00000000e-02  7.40000000e-01  6.00000000e-02  2.17423919e-05  6.00000000e-02  6.00000000e-02 
 7.00000000e-02  7.40000000e-01  7.00000000e-02  2.38229949e-05  7.00000000e-02  7.00000000e-02 
 8.00000000e-02  7.40000000e-01  8.00000000e-02  2.56150971e-05  8.00000000e-02  8.00000000e-02 
 9.00000000e-02  7.40000000e-01  9.00000000e-02  2.71633725e-05  9.00000000e-02  9.00000000e-02 
 1.00000000e-01  7.40000000e-01  1.00000000e-01  2.85062693e-05  1.00000000e-01  1.00000000e-01 
 1.10000000e-01  7.40000000e-01  1.10000000e-01  2.96764387e-05  1.10000000e-01  1.10000000e-01 
 1.20000000e-01  7.40000000e-01  1.20000000e-01  3.07013368e-05  1.20000000e-01  1.20000000e-01 
 1.30000000e-01  7.40000000e-01  1.30000000e-01  3.16038946e-05  1.30000000e-01  1.30000000e-01 
 1.40000000e-01  7.40000000e-01  1.40000000e-01  3.24031833e-05  1.40000000e-01  1.40000000e-01 
 1.50000000e-01  7.40000000e-01  1.50000000e-01  3.31150312e-05  1.50000000e-01  1.50000000e-01 
 1.60000000e-01  7.40000000e-01  1.60000000e-01  3.37525694e-05  1.60000000e-01  1.60000000e-01 
 1.70000000e-01  7.40000000e-01  1.70000000e-01  3.43267026e-05  1.70000000e-01  1.70000000e-01 
 1.80000000e-01  7.40000000e-01  1.80000000e-01  3.48465039e-05  1.80000000e-01  1.80000000e-01 
 1.90000000e-01  7.40000000e-01  1.90000000e-01  3.53195432e-05  1.90000000e-01  1.90000000e-01 
 2.00000000e-01  7.40000000e-01  2.00000000e-01  3.57521569e-05  2.00000000e-01  2.00000000e-01 
 2.10000000e-01  7.40000000e-01  2.10000000e-01  3.61496684e-05  2.10000000e-01  2.10000000e-01 
 2.20000000e-01  7.40000000e-01  2.20000000e-01  3.65165675e-05  2.20000000e-01  2.20000000e-01 
 2.30000000e-01  7.40000000e-01  2.30000000e-01  3.68566563e-05  2.30000000e-01  2.30000000e-01 
 2.40000000e-01  7.40000000e-01  2.40000000e-01  3.71731676e-05  2.40000000e-01  2.40000000e-01 
 2.50000000e-01  7.40000000e-01  2.50000000e-01  3.74688621e-05  2.50000000e-01  2.50000000e-01 
 2.60000000e-01  7.40000000e-01  2.60000000e-01  3.77461065e-05  2.60000000e-01  2.60000000e-01 
 2.70000000e-01  7.40000000e-01  2.70000000e-01  3.80069383e-05  2.70000000e-01  2.70000000e-01 
 2.80000000e-01  7.40000000e-01  2.80000000e-01  3.82531182e-05  2.80000000e-01  2.80000000e-01 
 2.90000000e-01  7.40000000e-01  2.90000000e-01  3.84861739e-05  2.90000000e-01  2.90000000e-01 
 3.00000000e-01  7.40000000e-01  3.00000000e-01  3.87074360e-05  3.00000000e-01  3.00000000e-01 
 3.10000000e-01  7.40000000e-01  3.10000000e-01  3.89180671e-05  3.10000000e-01  3.10000000e-01 
 3.20000000e-01  7.40000000e-01  3.20000000e-01  3.91190871e-05  3.20000000e-01  3.20000000e-01 
 3.30000000e-01  7.40000000e-01  3.30000000e-01  3.93113936e-05  3.30000000e-01  3.30000000e-01 
 3.40000000e-01  7.40000000e-01  3.40000000e-01  3.94957789e-05  3.40000000e-01  3.40000000e-01 
 3.50000000e-01  7.40000000e-01  3.50000000e-01  3.96729450e-05  3.50000000e-01  3.50000000e-01 
 3.60000000e-01  7.40000000e-01  3.60000000e-01  3.98435153e-05  3.60000000e-01  3.60000000e-01 
 3.70000000e-01  7.40000000e-01  3.70000000e-01  4.00080454e-05  3.70000000e-01  3.70000000e-01 
 3.80000000e-01  7.40000000e-01  3.80000000e-01  4.01670315e-05  3.80000000e-01  3.80000000e-01 
 3.90000000e-01  7.40000000e-01  3.90000000e-01  4.03209182e-05  3.90000000e-01  3.90000000e-01 
 4.00000000e-01  7.40000000e-01  4.00000000e-01  4.04701049e-05  4.00000000e-01  4.00000000e-01 
 4.10000000e-01  7.40000000e-01  4.10000000e-01  4.06149509e-05  4.10000000e-01  4.10000000e-01 
 4.20000000e-01  7.40000000e-01  4.20000000e-01  4.07557809e-05  4.20000000e-01  4.20000000e-01 
 4.30000000e-01  7.40000000e-01  4.30000000e-01  4.08928883e-05  4.30000000e-01  4.30000000e-01 
 4.40000000e-01  7.40000000e-01  4.40000000e-01  4.10265392e-05  4.40000000e-01  4.40000000e-01 
 4.50000000e-01  7.40000000e-01  4.50000000e-01  4.11569753e-05  4.50000000e-01  4.50000000e-01 
 4.60000000e-01  7.40000000e-01  4.60000000e-01  4.12844166e-05  4.60000000e-01  4.60000000e-01 
 4.70000000e-01  7.40000000e-01  4.70000000e-01  4.14090638e-05  4.70000000e-01  4.70000000e-01 
 4.80000000e-01  7.40000000e-01  4.80000000e-01  4.15311005e-05  4.80000000e-01  4.80000000e-01 
 4.90000000e-01  7.40000000e-01  4.90000000e-01  4.16506945e-05  4.90000000e-01  4.90000000e-01 
 5.00000000e-01  7.40000000e-01  5.00000000e-01  4.17679998e-05  5.00000000e-01  5.00000000e-01 
 5.10000000e-01  7.40000000e-01  5.10000000e-01  4.18831580e-05  5.10000000e-01  5.10000000e-01 
 5.20000000e-01  7.40000000e-01  5.20000000e-01  4.19962991e-05  5.20000000e-01  5.20000000e-01 
 5.30000000e-01  7.40000000e-01  5.30000000e-01  4.21075433e-05  5.30000000e-01  5.30000000e-01 
 5.40000000e-01  7.40000000e-01  5.40000000e-01  4.22170012e-05  5.40000000e-01  5.40000000e-01 
 5.50000000e-01  7.40000000e-01  5.50000000e-01  4.23247753e-05  5.50000000e-01  5.50000000e-01 
 5.60000000e-01  7.40000000e-01  5.60000000e-01  4.24309604e-05  5.60000000e-01  5.60000000e-01 
 5.70000000e-01  7.40000000e-01  5.70000000e-01  4.25356443e-05  5.70000000e-01  5.70000000e-01 
 5.80000000e-01  7.40000000e-01  5.80000000e-01  4.26389086e-05  5.80000000e-01  5.80000000e-01 
 5.90000000e-01  7.40000000e-01  5.90000000e-01  4.27408290e-05  5.90000000e-01  5.90000000e-01 
 6.00000000e-01  7.40000000e-01  6.00000000e-01  4.28414762e-05  6.00000000e-01  6.00000000e-01 
 6.10000000e-01  7.40000000e-01  6.10000000e-01  4.29409159e-05  6.10000000e-01  6.10000000e-01 
 6.20000000e-01  7.40000000e-01  6.20000000e-01  4.30392093e-05  6.20000000e-01  6.20000000e-01 
 6.30000000e-01  7.40000000e-01  6.30000000e-01  4.31364137e-05  6.30000000e-01  6.30000000e-01 
 6.40000000e-01  7.40000000e-01  6.40000000e-01  4.32325827e-05  6.40000000e-01  6.40000000e-01 
 6.50000000e-01  7.40000000e-01  6.50000000e-01  4.33277664e-05  6.50000000e-01  6.50000000e-01 
 6.60000000e-01  7.40000000e-01  6.60000000e-01  4.34220117e-05  6.60000000e-01  6.60000000e-01 
 6.70000000e-01  7.40000000e-01  6.70000000e-01  4.35153625e-05  6.70000000e-01  6.70000000e-01 
 6.80000000e-01  7.40000000e-01  6.80000000e-01  4.36078603e-05  6.80000000e-01  6.80000000e-01 
 6.90000000e-01  7.40000000e-01  6.90000000e-01  4.36995439e-05  6.90000000e-01  6.90000000e-01 
 7.00000000e-01  7.40000000e-01  7.00000000e-01  4.37904498e-05  7.00000000e-01  7.00000000e-01 
 7.10000000e-01  7.40000000e-01  7.10000000e-01  4.38806123e-05  7.10000000e-01  7.10000000e-01 
 7.20000000e-01  7.40000000e-01  7.20000000e-01  4.39700638e-05  7.20000000e-01  7.20000000e-01 
 7.30000000e-01  7.40000000e-01  7.30000000e-01  4.40588349e-05  7.30000000e-01  7.30000000e-01 
 7.40000000e-01  7.40000000e-01  7.40000000e-01  4.41469544e-05  7.40000000e-01  7.40000000e-01 
 7.50000000e-01  7.40000000e-01  7.50000000e-01  4.42344494e-05  7.50000000e-01  7.50000000e-01 
 7.60000000e-01  7.40000000e-01  7.60000000e-01  4.43213459e-05  7.60000000e-01  7.60000000e-01 
 7.70000000e-01  7.40000000e-01  7.70000000e-01  4.44076680e-05  7.70000000e-01  7.70000000e-01 
 7.80000000e-01  7.40000000e-01  7.80000000e-01  4.44934388e-05  7.80000000e-01  7.80000000e-01 
 7.90000000e-01  7.40000000e-01  7.90000000e-01  4.45786801e-05  7.90000000e-01  7.90000000e-01 
 8.00000000e-01  7.40000000e-01  8.00000000e-01  4.46634127e-05  8.00000000e-01  8.00000000e-01 
 8.10000000e-01  7.40000000e-01  8.10000000e-01  4.47476562e-05  8.10000000e-01  8.10000000e-01 
 8.20000000e-01  7.40000000e-01  8.20000000e-01  4.48314291e-05  8.20000000e-01  8.20000000e-01 
 8.30000000e-01  7.40000000e-01  8.30000000e-01  4.49147492e-05  8.30000000e-01  8.30000000e-01 
 8.40000000e-01  7.40000000e-01  8.40000000e-01  4.49976334e-05  8.40000000e-01  8.40000000e-01 
 8.50000000e-01  7.40000000e-01  8.50000000e-01  4.50800976e-05  8.50000000e-01  8.50000000e-01 
 8.60000000e-01  7.40000000e-01  8.60000000e-01  4.51621570e-05  8.60000000e-01  8.60000000e-01 
 8.70000000e-01  7.40000000e-01  8.70000000e-01  4.52438262e-05  8.70000000e-01  8.70000000e-01 
 8.80000000e-01  7.40000000e-01  8.80000000e-01  4.53251189e-05  8.80000000e-01  8.80000000e-01 
 8.90000000e-01  7.40000000e-01  8.90000000e-01  4.54060484e-05  8.90000000e-01  8.90000000e-01 
 9.00000000e-01  7.40000000e-01  9.00000000e-01  4.54866272e-05  9.00000000e-01  9.00000000e-01 
 9.10000000e-01  7.40000000e-01  9.10000000e-01  4.55668674e-05  9.10000000e-01  9.10000000e-01 
 9.20000000e-01  7.40000000e-01  9.20000000e-01  4.56467802e-05  9.20000000e-01  9.20000000e-01 
 9.30000000e-01  7.40000000e-01  9.30000000e-01  4.57263768e-05  9.30000000e-01  9.30000000e-01 
 9.40000000e-01  7.40000000e-01  9.40000000e-01  4.58056676e-05  9.40000000e-01  9.40000000e-01 
 9.50000000e-01  7.40000000e-01  9.50000000e-01  4.58846625e-05  9.50000000e-01  9.50000000e-01 
 9.60000000e-01  7.40000000e-01  9.60000000e-01  4.59633711e-05  9.60000000e-01  9.60000000e-01 
 9.70000000e-01  7.40000000e-01  9.70000000e-01  4.60418027e-05  9.70000000e-01  9.70000000e-01 
 9.80000000e-01  7.40000000e-01  9.80000000e-01  4.61199659e-05  9.80000000e-01  9.80000000e-01 
 9.90000000e-01  7.40000000e-01  9.90000000e-01  4.61978692e-05  9.90000000e-01  9.90000000e-01 
 1.00000000e+00  7.40000000e-01  1.00000000e+00  4.62755207e-05  1.00000000e+00  1.00000000e+00 
 1.01000000e+00  7.40000000e-01  1.01000000e+00  4.63529280e-05  1.01000000e+00  1.01000000e+00 
 1.02000000e+00  7.40000000e-01  1.02000000e+00  4.64300986e-05  1.02000000e+00  1.02000000e+00 
 1.03000000e+00  7.40000000e-01  1.03000000e+00  4.65070397e-05  1.03000000e+00  1.03000000e+00 
 1.04000000e+00  7.40000000e-01  1.04000000e+00  4.65837580e-05  1.04000000e+00  1.04000000e+00 
 1.05000000e+00  7.40000000e-01  1.05000000e+00  4.66602601e-05  1.05000000e+00  1.05000000e+00 
 1.06000000e+00  7.40000000e-01  1.06000000e+00  4.67365524e-05  1.06000000e+00  1.06000000e+00 
 1.07000000e+00  7.40000000e-01  1.07000000e+00  4.68126408e-05  1.07000000e+00  1.07000000e+00 
 1.08000000e+00  7.40000000e-01  1.08000000e+00  4.68885313e-05  1.08000000e+00  1.08000000e+00 
 1.09000000e+00  7.40000000e-01  1.09000000e+00  4.69642294e-05  1.09000000e+00  1.09000000e+00 
 1.10000000e+00  7.40000000e-01  1.10000000e+00  4.70397406e-05  1.10000000e+00  1.10000000e+00 
 1.11000000e+00  7.40000000e-01  1.11000000e+00  4.71150700e-05  1.11000000e+00  1.11000000e+00 
 1.12000000e+00  7.40000000e-01  1.12000000e+00  4.71902227e-05  1.12000000e+00  1.12000000e+00 
 1.13000000e+00  7.40000000e-01  1.13000000e+00  4.72652035e-05  1.13000000e+00  1.13000000e+00 
 1.14000000e+00  7.40000000e-01  1.14000000e+00  4.73400171e-05  1.14000000e+00  1.14000000e+00 
 1.15000000e+00  7.40000000e-01  1.15000000e+00  4.74146678e-05  1.15000000e+00  1.15000000e+00 
 1.16000000e+00  7.40000000e-01  1.16000000e+00  4.74891602e-05  1.16000000e+00  1.16000000e+00 
 1.17000000e+00  7.40000000e-01  1.17000000e+00  4.75634983e-05  1.17000000e+00  1.17000000e+00 
 1.18000000e+00  7.40000000e-01  1.18000000e+00  4.76376861e-05  1.18000000e+00  1.18000000e+00 
 1.19000000e+00  7.40000000e-01  1.19000000e+00  4.77117277e-05  1.19000000e+00  1.19000000e+00 
 1.20000000e+00  7.40000000e-01  1.20000000e+00  4.77856266e-05  1.20000000e+00  1.20000000e+00 
 1.21000000e+00  7.40000000e-01  1.21000000e+00  4.78593866e-05  1.21000000e+00  1.21000000e+00 
 1.22000000e+00  7.40000000e-01  1.22000000e+00  4.79330111e-05  1.22000000e+00  1.22000000e+00 
 1.23000000e+00  7.40000000e-01  1.23000000e+00  4.80065036e-05  1.23000000e+00  1.23000000e+00 
 1.24000000e+00  7.40000000e-01  1.24000000e+00  4.80798673e-05  1.24000000e+00  1.24000000e+00 
 1.25000000e+00  7.40000000e-01  1.25000000e+00  4.81531053e-05  1.25000000e+00  1.25000000e+00 
 1.26000000e+00  7.40000000e-01  1.26000000e+00  4.82262209e-05  1.26000000e+00  1.26000000e+00 
 1.27000000e+00  7.40000000e-01  1.27000000e+00  4.82992168e-05  1.27000000e+00  1.27000000e+00 
 1.28000000e+00  7.40000000e-01  1.28000000e+00  4.83720961e-05  1.28000000e+00  1.28000000e+00 
 1.29000000e+00  7.40000000e-01  1.29000000e+00  4.84448614e-05  1.29000000e+00  1.29000000e+00 
 1.30000000e+00  7.40000000e-01  1.30000000e+00  4.85175155e-05  1.30000000e+00  1.30000000e+00 
 1.31000000e+00  7.40000000e-01  1.31000000e+00  4.85900610e-05  1.31000000e+00  1.31000000e+00 
 1.32000000e+00  7.40000000e-01  1.32000000e+00  4.86625004e-05  1.32000000e+00  1.32000000e+00 
 1.33000000e+00  7.40000000e-01  1.33000000e+00  4.87348361e-05  1.33000000e+00  1.33000000e+00 
 1.34000000e+00  7.40000000e-01  1.34000000e+00  4.88070706e-05  1.34000000e+00  1.34000000e+00 
 1.35000000e+00  7.40000000e-01  1.35000000e+00  4.88792061e-05  1.35000000e+00  1.35000000e+00 
 1.36000000e+00  7.40000000e-01  1.36000000e+00  4.89512448e-05  1.36000000e+00  1.36000000e+00 
 1.37000000e+00  7.40000000e-01  1.37000000e+00  4.90231890e-05  1.37000000e+00  1.37000000e+00 
 1.38000000e+00  7.40000000e-01  1.38000000e+00  4.90950407e-05  1.38000000e+00  1.38000000e+00 
 1.39000000e+00  7.40000000e-01  1.39000000e+00  4.91668020e-05  1.39000000e+00  1.39000000e+00 
 1.40000000e+00  7.40000000e-01  1.40000000e+00  4.92384748e-05  1.40000000e+00  1.40000000e+00 
 1.41000000e+00  7.40000000e-01  1.41000000e+00  4.93100612e-05  1.41000000e+00  1.41000000e+00 
 1.42000000e+00  7.40000000e-01  1.42000000e+00  4.93815628e-05  1.42000000e+00  1.42000000e+00 
 1.43000000e+00  7.40000000e-01  1.43000000e+00  4.94529817e-05  1.43000000e+00  1.43000000e+00 
 1.44000000e+00  7.40000000e-01  1.44000000e+00  4.95243195e-05  1.44000000e+00  1.44000000e+00 
 1.45000000e+00  7.40000000e-01  1.45000000e+00  4.95955779e-05  1.45000000e+00  1.45000000e+00 
 1.46000000e+00  7.40000000e-01  1.46000000e+00  4.96667586e-05  1.46000000e+00  1.46000000e+00 
 1.47000000e+00  7.40000000e-01  1.47000000e+00  4.97378632e-05  1.47000000e+00  1.47000000e+00 
 1.48000000e+00  7.40000000e-01  1.48000000e+00  4.98088934e-05  1.48000000e+00  1.48000000e+00 
 1.49000000e+00  7.40000000e-01  1.49000000e+00  4.98798506e-05  1.49000000e+00  1.49000000e+00 
 1.50000000e+00  7.40000000e-01  1.50000000e+00  4.99507363e-05  1.50000000e+00  1.50000000e+00 
 1.51000000e+00  7.40000000e-01  1.51000000e+00  5.00215520e-05  1.51000000e+00  1.51000000e+00 
 1.52000000e+00  7.40000000e-01  1.52000000e+00  5.00922991e-05  1.52000000e+00  1.52000000e+00 
 1.53000000e+00  7.40000000e-01  1.53000000e+00  5.01629790e-05  1.53000000e+00  1.53000000e+00 
 1.54000000e+00  7.40000000e-01  1.54000000e+00  5.02335930e-05  1.54000000e+00  1.54000000e+00 
 1.55000000e+00  7.40000000e-01  1.55000000e+00  5.03041424e-05  1.55000000e+00  1.55000000e+00 
 1.56000000e+00  7.40000000e-01  1.56000000e+00  5.03746285e-05  1.56000000e+00  1.56000000e+00 
 1.57000000e+00  7.40000000e-01  1.57000000e+00  5.04450525e-05  1.57000000e+00  1.57000000e+00 
 1.58000000e+00  7.40000000e-01  1.58000000e+00  5.05154157e-05  1.58000000e+00  1.58000000e+00 
 1.59000000e+00  7.40000000e-01  1.59000000e+00  5.05857192e-05  1.59000000e+00  1.59000000e+00 
 1.60000000e+00  7.40000000e-01  1.60000000e+00  5.06559641e-05  1.60000000e+00  1.60000000e+00 
 1.61000000e+00  7.40000000e-01  1.61000000e+00  5.07261516e-05  1.61000000e+00  1.61000000e+00 
 1.62000000e+00  7.40000000e-01  1.62000000e+00  5.07962828e-05  1.62000000e+00  1.62000000e+00 
 1.63000000e+00  7.40000000e-01  1.63000000e+00  5.08663587e-05  1.63000000e+00  1.63000000e+00 
 1.64000000e+00  7.40000000e-01  1.64000000e+00  5.09363805e-05  1.64000000e+00  1.64000000e+00 
 1.65000000e+00  7.40000000e-01  1.65000000e+00  5.10063489e-05  1.65000000e+00  1.65000000e+00 
 1.66000000e+00  7.40000000e-01  1.66000000e+00  5.10762652e-05  1.66000000e+00  1.66000000e+00 
 1.67000000e+00  7.40000000e-01  1.67000000e+00  5.11461302e-05  1.67000000e+00  1.67000000e+00 
 1.68000000e+00  7.40000000e-01  1.68000000e+00  5.12159450e-05  1.68000000e+00  1.68000000e+00 
 1.69000000e+00  7.40000000e-01  1.69000000e+00  5.12857103e-05  1.69000000e+00  1.69000000e+00 
 1.70000000e+00  7.40000000e-01  1.70000000e+00  5.13554271e-05  1.70000000e+00  1.70000000e+00 
 1.71000000e+00  7.40000000e-01  1.71000000e+00  5.14250964e-05  1.71000000e+00  1.71000000e+00 
 1.72000000e+00  7.40000000e-01  1.72000000e+00  5.14947189e-05  1.72000000e+00  1.72000000e+00 
 1.73000000e+00  7.40000000e-01  1.73000000e+00  5.15642954e-05  1.73000000e+00  1.73000000e+00 
 1.74000000e+00  7.40000000e-01  1.74000000e+00  5.16338270e-05  1.74000000e+00  1.74000000e+00 
 1.75000000e+00  7.40000000e-01  1.75000000e+00  5.17033142e-05  1.75000000e+00  1.75000000e+00 
 1.76000000e+00  7.40000000e-01  1.76000000e+00  5.17727579e-05  1.76000000e+00  1.76000000e+00 
 1.77000000e+00  7.40000000e-01  1.77000000e+00  5.18421590e-05  1.77000000e+00  1.77000000e+00 
 1.78000000e+00  7.40000000e-01  1.78000000e+00  5.19115180e-05  1.78000000e+00  1.78000000e+00 
 1.79000000e+00  7.40000000e-01  1.79000000e+00  5.19808359e-05  1.79000000e+00  1.79000000e+00 
 1.80000000e+00  7.40000000e-01  1.80000000e+00  5.20501132e-05  1.80000000e+00  1.80000000e+00 
 1.81000000e+00  7.40000000e-01  1.81000000e+00  5.21193508e-05  1.81000000e+00  1.81000000e+00 
 1.82000000e+00  7.40000000e-01  1.82000000e+00  5.21885492e-05  1.82000000e+00  1.82000000e+00 
 1.83000000e+00  7.40000000e-01  1.83000000e+00  5.22577092e-05  1.83000000e+00  1.83000000e+00 
 1.84000000e+00  7.40000000e-01  1.84000000e+00  5.23268315e-05  1.84000000e+00  1.84000000e+00 
 1.85000000e+00  7.40000000e-01  1.85000000e+00  5.23959167e-05  1.85000000e+00  1.85000000e+00 
