 0.00000000e+00  3.70000000e-01  0.00000000e+00  0.00000000e+00  0.00000000e+00  0.00000000e+00 
 1.00000000e-02  3.70000000e-01  1.00000000e-02  1.69191654e-12  1.00000000e-02  1.00000000e-02 
 2.00000000e-02  3.70000000e-01  2.00000000e-02  2.87471362e-12  2.00000000e-02  2.00000000e-02 
 3.00000000e-02  3.70000000e-01  3.00000000e-02  3.73714242e-12  3.00000000e-02  3.00000000e-02 
 4.00000000e-02  3.70000000e-01  4.00000000e-02  4.39304319e-12  4.00000000e-02  4.00000000e-02 
 5.00000000e-02  3.70000000e-01  5.00000000e-02  4.91152020e-12  5.00000000e-02  5.00000000e-02 
 6.00000000e-02  3.70000000e-01  6.00000000e-02  5.33572143e-12  6.00000000e-02  6.00000000e-02 
 7.00000000e-02  3.70000000e-01  7.00000000e-02  5.69340910e-12  7.00000000e-02  7.00000000e-02 
 8.00000000e-02  3.70000000e-01  8.00000000e-02  6.00297011e-12  8.00000000e-02  8.00000000e-02 
 9.00000000e-02  3.70000000e-01  9.00000000e-02  6.27691360e-12  9.00000000e-02  9.00000000e-02 
 1.00000000e-01  3.70000000e-01  1.00000000e-01  6.52396135e-12  1.00000000e-01  1.00000000e-01 
 1.10000000e-01  3.70000000e-01  1.10000000e-01  6.75033126e-12  1.10000000e-01  1.10000000e-01 
 1.20000000e-01  3.70000000e-01  1.20000000e-01  6.96054627e-12  1.20000000e-01  1.20000000e-01 
 1.30000000e-01  3.70000000e-01  1.30000000e-01  7.15795679e-12  1.30000000e-01  1.30000000e-01 
 1.40000000e-01  3.70000000e-01  1.40000000e-01  7.34508588e-12  1.40000000e-01  1.40000000e-01 
 1.50000000e-01  3.70000000e-01  1.50000000e-01  7.52386211e-12  1.50000000e-01  1.50000000e-01 
 1.60000000e-01  3.70000000e-01  1.60000000e-01  7.69577987e-12  1.60000000e-01  1.60000000e-01 
 1.70000000e-01  3.70000000e-01  1.70000000e-01  7.86201148e-12  1.70000000e-01  1.70000000e-01 
 1.80000000e-01  3.70000000e-01  1.80000000e-01  8.02348714e-12  1.80000000e-01  1.80000000e-01 
 1.90000000e-01  3.70000000e-01  1.90000000e-01  8.18095262e-12  1.90000000e-01  1.90000000e-01 
 2.00000000e-01  3.70000000e-01  2.00000000e-01  8.33501158e-12  2.00000000e-01  2.00000000e-01 
 2.10000000e-01  3.70000000e-01  2.10000000e-01  8.48615695e-12  2.10000000e-01  2.10000000e-01 
 2.20000000e-01  3.70000000e-01  2.20000000e-01  8.63479460e-12  2.20000000e-01  2.20000000e-01 
 2.30000000e-01  3.70000000e-01  2.30000000e-01  8.78126119e-12  2.30000000e-01  2.30000000e-01 
 2.40000000e-01  3.70000000e-01  2.40000000e-01  8.92583796e-12  2.40000000e-01  2.40000000e-01 
 2.50000000e-01  3.70000000e-01  2.50000000e-01  9.06876141e-12  2.50000000e-01  2.50000000e-01 
 2.60000000e-01  3.70000000e-01  2.60000000e-01  9.21023161e-12  2.60000000e-01  2.60000000e-01 
 2.70000000e-01  3.70000000e-01  2.70000000e-01  9.35041880e-12  2.70000000e-01  2.70000000e-01 
 2.80000000e-01  3.70000000e-01  2.80000000e-01  9.48946862e-12  2.80000000e-01  2.80000000e-01 
 2.90000000e-01  3.70000000e-01  2.90000000e-01  9.62750625e-12  2.90000000e-01  2.90000000e-01 
 3.00000000e-01  3.70000000e-01  3.00000000e-01  9.76463985e-12  3.00000000e-01  3.00000000e-01 
 3.10000000e-01  3.70000000e-01  3.10000000e-01  9.90096326e-12  3.10000000e-01  3.10000000e-01 
 3.20000000e-01  3.70000000e-01  3.20000000e-01  1.00365582e-11  3.20000000e-01  3.20000000e-01 
 3.30000000e-01  3.70000000e-01  3.30000000e-01  1.01714963e-11  3.30000000e-01  3.30000000e-01 
 3.40000000e-01  3.70000000e-01  3.40000000e-01  1.03058402e-11  3.40000000e-01  3.40000000e-01 
 3.50000000e-01  3.70000000e-01  3.50000000e-01  1.04396453e-11  3.50000000e-01  3.50000000e-01 
 3.60000000e-01  3.70000000e-01  3.60000000e-01  1.05729606e-11  3.60000000e-01  3.60000000e-01 
 3.70000000e-01  3.70000000e-01  3.70000000e-01  1.07058294e-11  3.70000000e-01  3.70000000e-01 
 3.80000000e-01  3.70000000e-01  3.80000000e-01  1.08382904e-11  3.80000000e-01  3.80000000e-01 
 3.90000000e-01  3.70000000e-01  3.90000000e-01  1.09703780e-11  3.90000000e-01  3.90000000e-01 
 4.00000000e-01  3.70000000e-01  4.00000000e-01  1.11021230e-11  4.00000000e-01  4.00000000e-01 
 4.10000000e-01  3.70000000e-01  4.10000000e-01  1.12335530e-11  4.10000000e-01  4.10000000e-01 
 4.20000000e-01  3.70000000e-01  4.20000000e-01  1.13646931e-11  4.20000000e-01  4.20000000e-01 
 4.30000000e-01  3.70000000e-01  4.30000000e-01  1.14955654e-11  4.30000000e-01  4.30000000e-01 
 4.40000000e-01  3.70000000e-01  4.40000000e-01  1.16261904e-11  4.40000000e-01  4.40000000e-01 
 4.50000000e-01  3.70000000e-01  4.50000000e-01  1.17565864e-11  4.50000000e-01  4.50000000e-01 
 4.60000000e-01  3.70000000e-01  4.60000000e-01  1.18867700e-11  4.60000000e-01  4.60000000e-01 
 4.70000000e-01  3.70000000e-01  4.70000000e-01  1.20167564e-11  4.70000000e-01  4.70000000e-01 
 4.80000000e-01  3.70000000e-01  4.80000000e-01  1.21465594e-11  4.80000000e-01  4.80000000e-01 
 4.90000000e-01  3.70000000e-01  4.90000000e-01  1.22761915e-11  4.90000000e-01  4.90000000e-01 
 5.00000000e-01  3.70000000e-01  5.00000000e-01  1.24056643e-11  5.00000000e-01  5.00000000e-01 
 5.10000000e-01  3.70000000e-01  5.10000000e-01  1.25349883e-11  5.10000000e-01  5.10000000e-01 
 5.20000000e-01  3.70000000e-01  5.20000000e-01  1.26641732e-11  5.20000000e-01  5.20000000e-01 
 5.30000000e-01  3.70000000e-01  5.30000000e-01  1.27932280e-11  5.30000000e-01  5.30000000e-01 
 5.40000000e-01  3.70000000e-01  5.40000000e-01  1.29221607e-11  5.40000000e-01  5.40000000e-01 
 5.50000000e-01  3.70000000e-01  5.50000000e-01  1.30509790e-11  5.50000000e-01  5.50000000e-01 
 5.60000000e-01  3.70000000e-01  5.60000000e-01  1.31796898e-11  5.60000000e-01  5.60000000e-01 
 5.70000000e-01  3.70000000e-01  5.70000000e-01  1.33082996e-11  5.70000000e-01  5.70000000e-01 
 5.80000000e-01  3.70000000e-01  5.80000000e-01  1.34368143e-11  5.80000000e-01  5.80000000e-01 
 5.90000000e-01  3.70000000e-01  5.90000000e-01  1.35652395e-11  5.90000000e-01  5.90000000e-01 
 6.00000000e-01  3.70000000e-01  6.00000000e-01  1.36935803e-11  6.00000000e-01  6.00000000e-01 
 6.10000000e-01  3.70000000e-01  6.10000000e-01  1.38218414e-11  6.10000000e-01  6.10000000e-01 
 6.20000000e-01  3.70000000e-01  6.20000000e-01  1.39500274e-11  6.20000000e-01  6.20000000e-01 
 6.30000000e-01  3.70000000e-01  6.30000000e-01  1.40781422e-11  6.30000000e-01  6.30000000e-01 
 6.40000000e-01  3.70000000e-01  6.40000000e-01  1.42061899e-11  6.40000000e-01  6.40000000e-01 
 6.50000000e-01  3.70000000e-01  6.50000000e-01  1.43341739e-11  6.50000000e-01  6.50000000e-01 
 6.60000000e-01  3.70000000e-01  6.60000000e-01  1.44620977e-11  6.60000000e-01  6.60000000e-01 
 6.70000000e-01  3.70000000e-01  6.70000000e-01  1.45899643e-11  6.70000000e-01  6.70000000e-01 
 6.80000000e-01  3.70000000e-01  6.80000000e-01  1.47177768e-11  6.80000000e-01  6.80000000e-01 
 6.90000000e-01  3.70000000e-01  6.90000000e-01  1.48455379e-11  6.90000000e-01  6.90000000e-01 
 7.00000000e-01  3.70000000e-01  7.00000000e-01  1.49732501e-11  7.00000000e-01  7.00000000e-01 
 7.10000000e-01  3.70000000e-01  7.10000000e-01  1.51009159e-11  7.10000000e-01  7.10000000e-01 
 7.20000000e-01  3.70000000e-01  7.20000000e-01  1.52285376e-11  7.20000000e-01  7.20000000e-01 
 7.30000000e-01  3.70000000e-01  7.30000000e-01  1.53561173e-11  7.30000000e-01  7.30000000e-01 
 7.40000000e-01  3.70000000e-01  7.40000000e-01  1.54836571e-11  7.40000000e-01  7.40000000e-01 
 7.50000000e-01  3.70000000e-01  7.50000000e-01  1.56111588e-11  7.50000000e-01  7.50000000e-01 
 7.60000000e-01  3.70000000e-01  7.60000000e-01  1.57386242e-11  7.60000000e-01  7.60000000e-01 
 7.70000000e-01  3.70000000e-01  7.70000000e-01  1.58660550e-11  7.70000000e-01  7.70000000e-01 
 7.80000000e-01  3.70000000e-01  7.80000000e-01  1.59934529e-11  7.80000000e-01  7.80000000e-01 
 7.90000000e-01  3.70000000e-01  7.90000000e-01  1.61208193e-11  7.90000000e-01  7.90000000e-01 
 8.00000000e-01  3.70000000e-01  8.00000000e-01  1.62481556e-11  8.00000000e-01  8.00000000e-01 
 8.10000000e-01  3.70000000e-01  8.10000000e-01  1.63754633e-11  8.10000000e-01  8.10000000e-01 
 8.20000000e-01  3.70000000e-01  8.20000000e-01  1.65027435e-11  8.20000000e-01  8.20000000e-01 
 8.30000000e-01  3.70000000e-01  8.30000000e-01  1.66299975e-11  8.30000000e-01  8.30000000e-01 
 8.40000000e-01  3.70000000e-01  8.40000000e-01  1.67572265e-11  8.40000000e-01  8.40000000e-01 
 8.50000000e-01  3.70000000e-01  8.50000000e-01  1.68844314e-11  8.50000000e-01  8.50000000e-01 
 8.60000000e-01  3.70000000e-01  8.60000000e-01  1.70116134e-11  8.60000000e-01  8.60000000e-01 
 8.70000000e-01  3.70000000e-01  8.70000000e-01  1.71387735e-11  8.70000000e-01  8.70000000e-01 
 8.80000000e-01  3.70000000e-01  8.80000000e-01  1.72659125e-11  8.80000000e-01  8.80000000e-01 
 8.90000000e-01  3.70000000e-01  8.90000000e-01  1.73930314e-11  8.90000000e-01  8.90000000e-01 
 9.00000000e-01  3.70000000e-01  9.00000000e-01  1.75201310e-11  9.00000000e-01  9.00000000e-01 
 9.10000000e-01  3.70000000e-01  9.10000000e-01  1.76472120e-11  9.10000000e-01  9.10000000e-01 
 9.20000000e-01  3.70000000e-01  9.20000000e-01  1.77742753e-11  9.20000000e-01  9.20000000e-01 
 9.30000000e-01  3.70000000e-01  9.30000000e-01  1.79013216e-11  9.30000000e-01  9.30000000e-01 
 9.40000000e-01  3.70000000e-01  9.40000000e-01  1.80283516e-11  9.40000000e-01  9.40000000e-01 
 9.50000000e-01  3.70000000e-01  9.50000000e-01  1.81553659e-11  9.50000000e-01  9.50000000e-01 
 9.60000000e-01  3.70000000e-01  9.60000000e-01  1.82823652e-11  9.60000000e-01  9.60000000e-01 
 9.70000000e-01  3.70000000e-01  9.70000000e-01  1.84093500e-11  9.70000000e-01  9.70000000e-01 
 9.80000000e-01  3.70000000e-01  9.80000000e-01  1.85363210e-11  9.80000000e-01  9.80000000e-01 
 9.90000000e-01  3.70000000e-01  9.90000000e-01  1.86632787e-11  9.90000000e-01  9.90000000e-01 
 1.00000000e+00  3.70000000e-01  1.00000000e+00  1.87902236e-11  1.00000000e+00  1.00000000e+00 
 1.01000000e+00  3.70000000e-01  1.01000000e+00  1.89171562e-11  1.01000000e+00  1.01000000e+00 
 1.02000000e+00  3.70000000e-01  1.02000000e+00  1.90440770e-11  1.02000000e+00  1.02000000e+00 
 1.03000000e+00  3.70000000e-01  1.03000000e+00  1.91709865e-11  1.03000000e+00  1.03000000e+00 
 1.04000000e+00  3.70000000e-01  1.04000000e+00  1.92978850e-11  1.04000000e+00  1.04000000e+00 
 1.05000000e+00  3.70000000e-01  1.05000000e+00  1.94247731e-11  1.05000000e+00  1.05000000e+00 
 1.06000000e+00  3.70000000e-01  1.06000000e+00  1.95516511e-11  1.06000000e+00  1.06000000e+00 
 1.07000000e+00  3.70000000e-01  1.07000000e+00  1.96785194e-11  1.07000000e+00  1.07000000e+00 
 1.08000000e+00  3.70000000e-01  1.08000000e+00  1.98053784e-11  1.08000000e+00  1.08000000e+00 
 1.09000000e+00  3.70000000e-01  1.09000000e+00  1.99322284e-11  1.09000000e+00  1.09000000e+00 
 1.10000000e+00  3.70000000e-01  1.10000000e+00  2.00590698e-11  1.10000000e+00  1.10000000e+00 
 1.11000000e+00  3.70000000e-01  1.11000000e+00  2.01859029e-11  1.11000000e+00  1.11000000e+00 
 1.12000000e+00  3.70000000e-01  1.12000000e+00  2.03127280e-11  1.12000000e+00  1.12000000e+00 
 1.13000000e+00  3.70000000e-01  1.13000000e+00  2.04395454e-11  1.13000000e+00  1.13000000e+00 
 1.14000000e+00  3.70000000e-01  1.14000000e+00  2.05663555e-11  1.14000000e+00  1.14000000e+00 
 1.15000000e+00  3.70000000e-01  1.15000000e+00  2.06931584e-11  1.15000000e+00  1.15000000e+00 
 1.16000000e+00  3.70000000e-01  1.16000000e+00  2.08199545e-11  1.16000000e+00  1.16000000e+00 
 1.17000000e+00  3.70000000e-01  1.17000000e+00  2.09467440e-11  1.17000000e+00  1.17000000e+00 
 1.18000000e+00  3.70000000e-01  1.18000000e+00  2.10735271e-11  1.18000000e+00  1.18000000e+00 
 1.19000000e+00  3.70000000e-01  1.19000000e+00  2.12003042e-11  1.19000000e+00  1.19000000e+00 
 1.20000000e+00  3.70000000e-01  1.20000000e+00  2.13270754e-11  1.20000000e+00  1.20000000e+00 
 1.21000000e+00  3.70000000e-01  1.21000000e+00  2.14538409e-11  1.21000000e+00  1.21000000e+00 
 1.22000000e+00  3.70000000e-01  1.22000000e+00  2.15806010e-11  1.22000000e+00  1.22000000e+00 
 1.23000000e+00  3.70000000e-01  1.23000000e+00  2.17073559e-11  1.23000000e+00  1.23000000e+00 
 1.24000000e+00  3.70000000e-01  1.24000000e+00  2.18341057e-11  1.24000000e+00  1.24000000e+00 
 1.25000000e+00  3.70000000e-01  1.25000000e+00  2.19608507e-11  1.25000000e+00  1.25000000e+00 
 1.26000000e+00  3.70000000e-01  1.26000000e+00  2.20875911e-11  1.26000000e+00  1.26000000e+00 
 1.27000000e+00  3.70000000e-01  1.27000000e+00  2.22143269e-11  1.27000000e+00  1.27000000e+00 
 1.28000000e+00  3.70000000e-01  1.28000000e+00  2.23410585e-11  1.28000000e+00  1.28000000e+00 
 1.29000000e+00  3.70000000e-01  1.29000000e+00  2.24677859e-11  1.29000000e+00  1.29000000e+00 
 1.30000000e+00  3.70000000e-01  1.30000000e+00  2.25945093e-11  1.30000000e+00  1.30000000e+00 
 1.31000000e+00  3.70000000e-01  1.31000000e+00  2.27212288e-11  1.31000000e+00  1.31000000e+00 
 1.32000000e+00  3.70000000e-01  1.32000000e+00  2.28479447e-11  1.32000000e+00  1.32000000e+00 
 1.33000000e+00  3.70000000e-01  1.33000000e+00  2.29746571e-11  1.33000000e+00  1.33000000e+00 
 1.34000000e+00  3.70000000e-01  1.34000000e+00  2.31013660e-11  1.34000000e+00  1.34000000e+00 
 1.35000000e+00  3.70000000e-01  1.35000000e+00  2.32280717e-11  1.35000000e+00  1.35000000e+00 
 1.36000000e+00  3.70000000e-01  1.36000000e+00  2.33547743e-11  1.36000000e+00  1.36000000e+00 
 1.37000000e+00  3.70000000e-01  1.37000000e+00  2.34814738e-11  1.37000000e+00  1.37000000e+00 
 1.38000000e+00  3.70000000e-01  1.38000000e+00  2.36081704e-11  1.38000000e+00  1.38000000e+00 
 1.39000000e+00  3.70000000e-01  1.39000000e+00  2.37348643e-11  1.39000000e+00  1.39000000e+00 
 1.40000000e+00  3.70000000e-01  1.40000000e+00  2.38615555e-11  1.40000000e+00  1.40000000e+00 
 1.41000000e+00  3.70000000e-01  1.41000000e+00  2.39882441e-11  1.41000000e+00  1.41000000e+00 
 1.42000000e+00  3.70000000e-01  1.42000000e+00  2.41149303e-11  1.42000000e+00  1.42000000e+00 
 1.43000000e+00  3.70000000e-01  1.43000000e+00  2.42416142e-11  1.43000000e+00  1.43000000e+00 
 1.44000000e+00  3.70000000e-01  1.44000000e+00  2.43682958e-11  1.44000000e+00  1.44000000e+00 
 1.45000000e+00  3.70000000e-01  1.45000000e+00  2.44949752e-11  1.45000000e+00  1.45000000e+00 
 1.46000000e+00  3.70000000e-01  1.46000000e+00  2.46216526e-11  1.46000000e+00  1.46000000e+00 
 1.47000000e+00  3.70000000e-01  1.47000000e+00  2.47483280e-11  1.47000000e+00  1.47000000e+00 
 1.48000000e+00  3.70000000e-01  1.48000000e+00  2.48750016e-11  1.48000000e+00  1.48000000e+00 
 1.49000000e+00  3.70000000e-01  1.49000000e+00  2.50016733e-11  1.49000000e+00  1.49000000e+00 
 1.50000000e+00  3.70000000e-01  1.50000000e+00  2.51283433e-11  1.50000000e+00  1.50000000e+00 
 1.51000000e+00  3.70000000e-01  1.51000000e+00  2.52550117e-11  1.51000000e+00  1.51000000e+00 
 1.52000000e+00  3.70000000e-01  1.52000000e+00  2.53816786e-11  1.52000000e+00  1.52000000e+00 
 1.53000000e+00  3.70000000e-01  1.53000000e+00  2.55083439e-11  1.53000000e+00  1.53000000e+00 
 1.54000000e+00  3.70000000e-01  1.54000000e+00  2.56350079e-11  1.54000000e+00  1.54000000e+00 
 1.55000000e+00  3.70000000e-01  1.55000000e+00  2.57616705e-11  1.55000000e+00  1.55000000e+00 
 1.56000000e+00  3.70000000e-01  1.56000000e+00  2.58883318e-11  1.56000000e+00  1.56000000e+00 
 1.57000000e+00  3.70000000e-01  1.57000000e+00  2.60149920e-11  1.57000000e+00  1.57000000e+00 
 1.58000000e+00  3.70000000e-01  1.58000000e+00  2.61416510e-11  1.58000000e+00  1.58000000e+00 
 1.59000000e+00  3.70000000e-01  1.59000000e+00  2.62683089e-11  1.59000000e+00  1.59000000e+00 
 1.60000000e+00  3.70000000e-01  1.60000000e+00  2.63949658e-11  1.60000000e+00  1.60000000e+00 
 1.61000000e+00  3.70000000e-01  1.61000000e+00  2.65216218e-11  1.61000000e+00  1.61000000e+00 
 1.62000000e+00  3.70000000e-01  1.62000000e+00  2.66482768e-11  1.62000000e+00  1.62000000e+00 
 1.63000000e+00  3.70000000e-01  1.63000000e+00  2.67749310e-11  1.63000000e+00  1.63000000e+00 
 1.64000000e+00  3.70000000e-01  1.64000000e+00  2.69015844e-11  1.64000000e+00  1.64000000e+00 
 1.65000000e+00  3.70000000e-01  1.65000000e+00  2.70282371e-11  1.65000000e+00  1.65000000e+00 
 1.66000000e+00  3.70000000e-01  1.66000000e+00  2.71548891e-11  1.66000000e+00  1.66000000e+00 
 1.67000000e+00  3.70000000e-01  1.67000000e+00  2.72815404e-11  1.67000000e+00  1.67000000e+00 
 1.68000000e+00  3.70000000e-01  1.68000000e+00  2.74081912e-11  1.68000000e+00  1.68000000e+00 
 1.69000000e+00  3.70000000e-01  1.69000000e+00  2.75348414e-11  1.69000000e+00  1.69000000e+00 
 1.70000000e+00  3.70000000e-01  1.70000000e+00  2.76614912e-11  1.70000000e+00  1.70000000e+00 
 1.71000000e+00  3.70000000e-01  1.71000000e+00  2.77881405e-11  1.71000000e+00  1.71000000e+00 
 1.72000000e+00  3.70000000e-01  1.72000000e+00  2.79147893e-11  1.72000000e+00  1.72000000e+00 
 1.73000000e+00  3.70000000e-01  1.73000000e+00  2.80414379e-11  1.73000000e+00  1.73000000e+00 
 1.74000000e+00  3.70000000e-01  1.74000000e+00  2.81680860e-11  1.74000000e+00  1.74000000e+00 
 1.75000000e+00  3.70000000e-01  1.75000000e+00  2.82947340e-11  1.75000000e+00  1.75000000e+00 
 1.76000000e+00  3.70000000e-01  1.76000000e+00  2.84213816e-11  1.76000000e+00  1.76000000e+00 
 1.77000000e+00  3.70000000e-01  1.77000000e+00  2.85480291e-11  1.77000000e+00  1.77000000e+00 
 1.78000000e+00  3.70000000e-01  1.78000000e+00  2.86746764e-11  1.78000000e+00  1.78000000e+00 
 1.79000000e+00  3.70000000e-01  1.79000000e+00  2.88013236e-11  1.79000000e+00  1.79000000e+00 
 1.80000000e+00  3.70000000e-01  1.80000000e+00  2.89279706e-11  1.80000000e+00  1.80000000e+00 
 1.81000000e+00  3.70000000e-01  1.81000000e+00  2.90546177e-11  1.81000000e+00  1.81000000e+00 
 1.82000000e+00  3.70000000e-01  1.82000000e+00  2.91812647e-11  1.82000000e+00  1.82000000e+00 
 1.83000000e+00  3.70000000e-01  1.83000000e+00  2.93079117e-11  1.83000000e+00  1.83000000e+00 
 1.84000000e+00  3.70000000e-01  1.84000000e+00  2.94345587e-11  1.84000000e+00  1.84000000e+00 
 1.85000000e+00  3.70000000e-01  1.85000000e+00  2.95612058e-11  1.85000000e+00  1.85000000e+00 
