 0.00000000e+00  1.85000000e+00  0.00000000e+00  0.00000000e+00  0.00000000e+00  0.00000000e+00 
 1.00000000e-02  1.85000000e+00  1.00000000e-02  3.78373155e-05  1.00000000e-02  1.00000000e-02 
 2.00000000e-02  1.85000000e+00  2.00000000e-02  7.47149881e-05  2.00000000e-02  2.00000000e-02 
 3.00000000e-02  1.85000000e+00  3.00000000e-02  1.10591893e-04  3.00000000e-02  3.00000000e-02 
 4.00000000e-02  1.85000000e+00  4.00000000e-02  1.45456568e-04  4.00000000e-02  4.00000000e-02 
 5.00000000e-02  1.85000000e+00  5.00000000e-02  1.79303543e-04  5.00000000e-02  5.00000000e-02 
 6.00000000e-02  1.85000000e+00  6.00000000e-02  2.12129346e-04  6.00000000e-02  6.00000000e-02 
 7.00000000e-02  1.85000000e+00  7.00000000e-02  2.43931295e-04  7.00000000e-02  7.00000000e-02 
 8.00000000e-02  1.85000000e+00  8.00000000e-02  2.74707101e-04  8.00000000e-02  8.00000000e-02 
 9.00000000e-02  1.85000000e+00  9.00000000e-02  3.04454777e-04  9.00000000e-02  9.00000000e-02 
 1.00000000e-01  1.85000000e+00  1.00000000e-01  3.33172721e-04  1.00000000e-01  1.00000000e-01 
 1.10000000e-01  1.85000000e+00  1.10000000e-01  3.60859892e-04  1.10000000e-01  1.10000000e-01 
 1.20000000e-01  1.85000000e+00  1.20000000e-01  3.87516049e-04  1.20000000e-01  1.20000000e-01 
 1.30000000e-01  1.85000000e+00  1.30000000e-01  4.13142046e-04  1.30000000e-01  1.30000000e-01 
 1.40000000e-01  1.85000000e+00  1.40000000e-01  4.37740150e-04  1.40000000e-01  1.40000000e-01 
 1.50000000e-01  1.85000000e+00  1.50000000e-01  4.61314382e-04  1.50000000e-01  1.50000000e-01 
 1.60000000e-01  1.85000000e+00  1.60000000e-01  4.83870851e-04  1.60000000e-01  1.60000000e-01 
 1.70000000e-01  1.85000000e+00  1.70000000e-01  5.05418070e-04  1.70000000e-01  1.70000000e-01 
 1.80000000e-01  1.85000000e+00  1.80000000e-01  5.25967230e-04  1.80000000e-01  1.80000000e-01 
 1.90000000e-01  1.85000000e+00  1.90000000e-01  5.45532422e-04  1.90000000e-01  1.90000000e-01 
 2.00000000e-01  1.85000000e+00  2.00000000e-01  5.64130780e-04  2.00000000e-01  2.00000000e-01 
 2.10000000e-01  1.85000000e+00  2.10000000e-01  5.81782533e-04  2.10000000e-01  2.10000000e-01 
 2.20000000e-01  1.85000000e+00  2.20000000e-01  5.98510968e-04  2.20000000e-01  2.20000000e-01 
 2.30000000e-01  1.85000000e+00  2.30000000e-01  6.14342290e-04  2.30000000e-01  2.30000000e-01 
 2.40000000e-01  1.85000000e+00  2.40000000e-01  6.29305395e-04  2.40000000e-01  2.40000000e-01 
 2.50000000e-01  1.85000000e+00  2.50000000e-01  6.43431552e-04  2.50000000e-01  2.50000000e-01 
 2.60000000e-01  1.85000000e+00  2.60000000e-01  6.56754029e-04  2.60000000e-01  2.60000000e-01 
 2.70000000e-01  1.85000000e+00  2.70000000e-01  6.69307672e-04  2.70000000e-01  2.70000000e-01 
 2.80000000e-01  1.85000000e+00  2.80000000e-01  6.81128451e-04  2.80000000e-01  2.80000000e-01 
 2.90000000e-01  1.85000000e+00  2.90000000e-01  6.92253017e-04  2.90000000e-01  2.90000000e-01 
 3.00000000e-01  1.85000000e+00  3.00000000e-01  7.02718263e-04  3.00000000e-01  3.00000000e-01 
 3.10000000e-01  1.85000000e+00  3.10000000e-01  7.12560917e-04  3.10000000e-01  3.10000000e-01 
 3.20000000e-01  1.85000000e+00  3.20000000e-01  7.21817188e-04  3.20000000e-01  3.20000000e-01 
 3.30000000e-01  1.85000000e+00  3.30000000e-01  7.30522448e-04  3.30000000e-01  3.30000000e-01 
 3.40000000e-01  1.85000000e+00  3.40000000e-01  7.38710976e-04  3.40000000e-01  3.40000000e-01 
 3.50000000e-01  1.85000000e+00  3.50000000e-01  7.46415758e-04  3.50000000e-01  3.50000000e-01 
 3.60000000e-01  1.85000000e+00  3.60000000e-01  7.53668329e-04  3.60000000e-01  3.60000000e-01 
 3.70000000e-01  1.85000000e+00  3.70000000e-01  7.60498672e-04  3.70000000e-01  3.70000000e-01 
 3.80000000e-01  1.85000000e+00  3.80000000e-01  7.66935156e-04  3.80000000e-01  3.80000000e-01 
 3.90000000e-01  1.85000000e+00  3.90000000e-01  7.73004508e-04  3.90000000e-01  3.90000000e-01 
 4.00000000e-01  1.85000000e+00  4.00000000e-01  7.78731815e-04  4.00000000e-01  4.00000000e-01 
 4.10000000e-01  1.85000000e+00  4.10000000e-01  7.84140552e-04  4.10000000e-01  4.10000000e-01 
 4.20000000e-01  1.85000000e+00  4.20000000e-01  7.89252628e-04  4.20000000e-01  4.20000000e-01 
 4.30000000e-01  1.85000000e+00  4.30000000e-01  7.94088444e-04  4.30000000e-01  4.30000000e-01 
 4.40000000e-01  1.85000000e+00  4.40000000e-01  7.98666965e-04  4.40000000e-01  4.40000000e-01 
 4.50000000e-01  1.85000000e+00  4.50000000e-01  8.03005792e-04  4.50000000e-01  4.50000000e-01 
 4.60000000e-01  1.85000000e+00  4.60000000e-01  8.07121241e-04  4.60000000e-01  4.60000000e-01 
 4.70000000e-01  1.85000000e+00  4.70000000e-01  8.11028426e-04  4.70000000e-01  4.70000000e-01 
 4.80000000e-01  1.85000000e+00  4.80000000e-01  8.14741336e-04  4.80000000e-01  4.80000000e-01 
 4.90000000e-01  1.85000000e+00  4.90000000e-01  8.18272915e-04  4.90000000e-01  4.90000000e-01 
 5.00000000e-01  1.85000000e+00  5.00000000e-01  8.21635133e-04  5.00000000e-01  5.00000000e-01 
 5.10000000e-01  1.85000000e+00  5.10000000e-01  8.24839062e-04  5.10000000e-01  5.10000000e-01 
 5.20000000e-01  1.85000000e+00  5.20000000e-01  8.27894945e-04  5.20000000e-01  5.20000000e-01 
 5.30000000e-01  1.85000000e+00  5.30000000e-01  8.30812253e-04  5.30000000e-01  5.30000000e-01 
 5.40000000e-01  1.85000000e+00  5.40000000e-01  8.33599753e-04  5.40000000e-01  5.40000000e-01 
 5.50000000e-01  1.85000000e+00  5.50000000e-01  8.36265560e-04  5.50000000e-01  5.50000000e-01 
 5.60000000e-01  1.85000000e+00  5.60000000e-01  8.38817186e-04  5.60000000e-01  5.60000000e-01 
 5.70000000e-01  1.85000000e+00  5.70000000e-01  8.41261595e-04  5.70000000e-01  5.70000000e-01 
 5.80000000e-01  1.85000000e+00  5.80000000e-01  8.43605241e-04  5.80000000e-01  5.80000000e-01 
 5.90000000e-01  1.85000000e+00  5.90000000e-01  8.45854110e-04  5.90000000e-01  5.90000000e-01 
 6.00000000e-01  1.85000000e+00  6.00000000e-01  8.48013760e-04  6.00000000e-01  6.00000000e-01 
 6.10000000e-01  1.85000000e+00  6.10000000e-01  8.50089353e-04  6.10000000e-01  6.10000000e-01 
 6.20000000e-01  1.85000000e+00  6.20000000e-01  8.52085688e-04  6.20000000e-01  6.20000000e-01 
 6.30000000e-01  1.85000000e+00  6.30000000e-01  8.54007227e-04  6.30000000e-01  6.30000000e-01 
 6.40000000e-01  1.85000000e+00  6.40000000e-01  8.55858126e-04  6.40000000e-01  6.40000000e-01 
 6.50000000e-01  1.85000000e+00  6.50000000e-01  8.57642255e-04  6.50000000e-01  6.50000000e-01 
 6.60000000e-01  1.85000000e+00  6.60000000e-01  8.59363224e-04  6.60000000e-01  6.60000000e-01 
 6.70000000e-01  1.85000000e+00  6.70000000e-01  8.61024400e-04  6.70000000e-01  6.70000000e-01 
 6.80000000e-01  1.85000000e+00  6.80000000e-01  8.62628926e-04  6.80000000e-01  6.80000000e-01 
 6.90000000e-01  1.85000000e+00  6.90000000e-01  8.64179743e-04  6.90000000e-01  6.90000000e-01 
 7.00000000e-01  1.85000000e+00  7.00000000e-01  8.65679598e-04  7.00000000e-01  7.00000000e-01 
 7.10000000e-01  1.85000000e+00  7.10000000e-01  8.67131064e-04  7.10000000e-01  7.10000000e-01 
 7.20000000e-01  1.85000000e+00  7.20000000e-01  8.68536550e-04  7.20000000e-01  7.20000000e-01 
 7.30000000e-01  1.85000000e+00  7.30000000e-01  8.69898315e-04  7.30000000e-01  7.30000000e-01 
 7.40000000e-01  1.85000000e+00  7.40000000e-01  8.71218479e-04  7.40000000e-01  7.40000000e-01 
 7.50000000e-01  1.85000000e+00  7.50000000e-01  8.72499031e-04  7.50000000e-01  7.50000000e-01 
 7.60000000e-01  1.85000000e+00  7.60000000e-01  8.73741841e-04  7.60000000e-01  7.60000000e-01 
 7.70000000e-01  1.85000000e+00  7.70000000e-01  8.74948668e-04  7.70000000e-01  7.70000000e-01 
 7.80000000e-01  1.85000000e+00  7.80000000e-01  8.76121164e-04  7.80000000e-01  7.80000000e-01 
 7.90000000e-01  1.85000000e+00  7.90000000e-01  8.77260888e-04  7.90000000e-01  7.90000000e-01 
 8.00000000e-01  1.85000000e+00  8.00000000e-01  8.78369307e-04  8.00000000e-01  8.00000000e-01 
 8.10000000e-01  1.85000000e+00  8.10000000e-01  8.79447806e-04  8.10000000e-01  8.10000000e-01 
 8.20000000e-01  1.85000000e+00  8.20000000e-01  8.80497691e-04  8.20000000e-01  8.20000000e-01 
 8.30000000e-01  1.85000000e+00  8.30000000e-01  8.81520196e-04  8.30000000e-01  8.30000000e-01 
 8.40000000e-01  1.85000000e+00  8.40000000e-01  8.82516484e-04  8.40000000e-01  8.40000000e-01 
 8.50000000e-01  1.85000000e+00  8.50000000e-01  8.83487660e-04  8.50000000e-01  8.50000000e-01 
 8.60000000e-01  1.85000000e+00  8.60000000e-01  8.84434765e-04  8.60000000e-01  8.60000000e-01 
 8.70000000e-01  1.85000000e+00  8.70000000e-01  8.85358786e-04  8.70000000e-01  8.70000000e-01 
 8.80000000e-01  1.85000000e+00  8.80000000e-01  8.86260659e-04  8.80000000e-01  8.80000000e-01 
 8.90000000e-01  1.85000000e+00  8.90000000e-01  8.87141270e-04  8.90000000e-01  8.90000000e-01 
 9.00000000e-01  1.85000000e+00  9.00000000e-01  8.88001461e-04  9.00000000e-01  9.00000000e-01 
 9.10000000e-01  1.85000000e+00  9.10000000e-01  8.88842029e-04  9.10000000e-01  9.10000000e-01 
 9.20000000e-01  1.85000000e+00  9.20000000e-01  8.89663732e-04  9.20000000e-01  9.20000000e-01 
 9.30000000e-01  1.85000000e+00  9.30000000e-01  8.90467291e-04  9.30000000e-01  9.30000000e-01 
 9.40000000e-01  1.85000000e+00  9.40000000e-01  8.91253390e-04  9.40000000e-01  9.40000000e-01 
 9.50000000e-01  1.85000000e+00  9.50000000e-01  8.92022680e-04  9.50000000e-01  9.50000000e-01 
 9.60000000e-01  1.85000000e+00  9.60000000e-01  8.92775782e-04  9.60000000e-01  9.60000000e-01 
 9.70000000e-01  1.85000000e+00  9.70000000e-01  8.93513285e-04  9.70000000e-01  9.70000000e-01 
 9.80000000e-01  1.85000000e+00  9.80000000e-01  8.94235753e-04  9.80000000e-01  9.80000000e-01 
 9.90000000e-01  1.85000000e+00  9.90000000e-01  8.94943721e-04  9.90000000e-01  9.90000000e-01 
 1.00000000e+00  1.85000000e+00  1.00000000e+00  8.95637702e-04  1.00000000e+00  1.00000000e+00 
 1.01000000e+00  1.85000000e+00  1.01000000e+00  8.96318182e-04  1.01000000e+00  1.01000000e+00 
 1.02000000e+00  1.85000000e+00  1.02000000e+00  8.96985628e-04  1.02000000e+00  1.02000000e+00 
 1.03000000e+00  1.85000000e+00  1.03000000e+00  8.97640486e-04  1.03000000e+00  1.03000000e+00 
 1.04000000e+00  1.85000000e+00  1.04000000e+00  8.98283179e-04  1.04000000e+00  1.04000000e+00 
 1.05000000e+00  1.85000000e+00  1.05000000e+00  8.98914116e-04  1.05000000e+00  1.05000000e+00 
 1.06000000e+00  1.85000000e+00  1.06000000e+00  8.99533684e-04  1.06000000e+00  1.06000000e+00 
 1.07000000e+00  1.85000000e+00  1.07000000e+00  9.00142257e-04  1.07000000e+00  1.07000000e+00 
 1.08000000e+00  1.85000000e+00  1.08000000e+00  9.00740190e-04  1.08000000e+00  1.08000000e+00 
 1.09000000e+00  1.85000000e+00  1.09000000e+00  9.01327825e-04  1.09000000e+00  1.09000000e+00 
 1.10000000e+00  1.85000000e+00  1.10000000e+00  9.01905489e-04  1.10000000e+00  1.10000000e+00 
 1.11000000e+00  1.85000000e+00  1.11000000e+00  9.02473494e-04  1.11000000e+00  1.11000000e+00 
 1.12000000e+00  1.85000000e+00  1.12000000e+00  9.03032143e-04  1.12000000e+00  1.12000000e+00 
 1.13000000e+00  1.85000000e+00  1.13000000e+00  9.03581723e-04  1.13000000e+00  1.13000000e+00 
 1.14000000e+00  1.85000000e+00  1.14000000e+00  9.04122510e-04  1.14000000e+00  1.14000000e+00 
 1.15000000e+00  1.85000000e+00  1.15000000e+00  9.04654772e-04  1.15000000e+00  1.15000000e+00 
 1.16000000e+00  1.85000000e+00  1.16000000e+00  9.05178763e-04  1.16000000e+00  1.16000000e+00 
 1.17000000e+00  1.85000000e+00  1.17000000e+00  9.05694728e-04  1.17000000e+00  1.17000000e+00 
 1.18000000e+00  1.85000000e+00  1.18000000e+00  9.06202902e-04  1.18000000e+00  1.18000000e+00 
 1.19000000e+00  1.85000000e+00  1.19000000e+00  9.06703514e-04  1.19000000e+00  1.19000000e+00 
 1.20000000e+00  1.85000000e+00  1.20000000e+00  9.07196780e-04  1.20000000e+00  1.20000000e+00 
 1.21000000e+00  1.85000000e+00  1.21000000e+00  9.07682911e-04  1.21000000e+00  1.21000000e+00 
 1.22000000e+00  1.85000000e+00  1.22000000e+00  9.08162109e-04  1.22000000e+00  1.22000000e+00 
 1.23000000e+00  1.85000000e+00  1.23000000e+00  9.08634567e-04  1.23000000e+00  1.23000000e+00 
 1.24000000e+00  1.85000000e+00  1.24000000e+00  9.09100474e-04  1.24000000e+00  1.24000000e+00 
 1.25000000e+00  1.85000000e+00  1.25000000e+00  9.09560009e-04  1.25000000e+00  1.25000000e+00 
 1.26000000e+00  1.85000000e+00  1.26000000e+00  9.10013347e-04  1.26000000e+00  1.26000000e+00 
 1.27000000e+00  1.85000000e+00  1.27000000e+00  9.10460656e-04  1.27000000e+00  1.27000000e+00 
 1.28000000e+00  1.85000000e+00  1.28000000e+00  9.10902097e-04  1.28000000e+00  1.28000000e+00 
 1.29000000e+00  1.85000000e+00  1.29000000e+00  9.11337826e-04  1.29000000e+00  1.29000000e+00 
 1.30000000e+00  1.85000000e+00  1.30000000e+00  9.11767994e-04  1.30000000e+00  1.30000000e+00 
 1.31000000e+00  1.85000000e+00  1.31000000e+00  9.12192747e-04  1.31000000e+00  1.31000000e+00 
 1.32000000e+00  1.85000000e+00  1.32000000e+00  9.12612224e-04  1.32000000e+00  1.32000000e+00 
 1.33000000e+00  1.85000000e+00  1.33000000e+00  9.13026561e-04  1.33000000e+00  1.33000000e+00 
 1.34000000e+00  1.85000000e+00  1.34000000e+00  9.13435890e-04  1.34000000e+00  1.34000000e+00 
 1.35000000e+00  1.85000000e+00  1.35000000e+00  9.13840337e-04  1.35000000e+00  1.35000000e+00 
 1.36000000e+00  1.85000000e+00  1.36000000e+00  9.14240024e-04  1.36000000e+00  1.36000000e+00 
 1.37000000e+00  1.85000000e+00  1.37000000e+00  9.14635070e-04  1.37000000e+00  1.37000000e+00 
 1.38000000e+00  1.85000000e+00  1.38000000e+00  9.15025590e-04  1.38000000e+00  1.38000000e+00 
 1.39000000e+00  1.85000000e+00  1.39000000e+00  9.15411693e-04  1.39000000e+00  1.39000000e+00 
 1.40000000e+00  1.85000000e+00  1.40000000e+00  9.15793488e-04  1.40000000e+00  1.40000000e+00 
 1.41000000e+00  1.85000000e+00  1.41000000e+00  9.16171078e-04  1.41000000e+00  1.41000000e+00 
 1.42000000e+00  1.85000000e+00  1.42000000e+00  9.16544563e-04  1.42000000e+00  1.42000000e+00 
 1.43000000e+00  1.85000000e+00  1.43000000e+00  9.16914041e-04  1.43000000e+00  1.43000000e+00 
 1.44000000e+00  1.85000000e+00  1.44000000e+00  9.17279607e-04  1.44000000e+00  1.44000000e+00 
 1.45000000e+00  1.85000000e+00  1.45000000e+00  9.17641351e-04  1.45000000e+00  1.45000000e+00 
 1.46000000e+00  1.85000000e+00  1.46000000e+00  9.17999362e-04  1.46000000e+00  1.46000000e+00 
 1.47000000e+00  1.85000000e+00  1.47000000e+00  9.18353727e-04  1.47000000e+00  1.47000000e+00 
 1.48000000e+00  1.85000000e+00  1.48000000e+00  9.18704527e-04  1.48000000e+00  1.48000000e+00 
 1.49000000e+00  1.85000000e+00  1.49000000e+00  9.19051845e-04  1.49000000e+00  1.49000000e+00 
 1.50000000e+00  1.85000000e+00  1.50000000e+00  9.19395757e-04  1.50000000e+00  1.50000000e+00 
 1.51000000e+00  1.85000000e+00  1.51000000e+00  9.19736341e-04  1.51000000e+00  1.51000000e+00 
 1.52000000e+00  1.85000000e+00  1.52000000e+00  9.20073670e-04  1.52000000e+00  1.52000000e+00 
 1.53000000e+00  1.85000000e+00  1.53000000e+00  9.20407816e-04  1.53000000e+00  1.53000000e+00 
 1.54000000e+00  1.85000000e+00  1.54000000e+00  9.20738848e-04  1.54000000e+00  1.54000000e+00 
 1.55000000e+00  1.85000000e+00  1.55000000e+00  9.21066834e-04  1.55000000e+00  1.55000000e+00 
 1.56000000e+00  1.85000000e+00  1.56000000e+00  9.21391839e-04  1.56000000e+00  1.56000000e+00 
 1.57000000e+00  1.85000000e+00  1.57000000e+00  9.21713927e-04  1.57000000e+00  1.57000000e+00 
 1.58000000e+00  1.85000000e+00  1.58000000e+00  9.22033160e-04  1.58000000e+00  1.58000000e+00 
 1.59000000e+00  1.85000000e+00  1.59000000e+00  9.22349599e-04  1.59000000e+00  1.59000000e+00 
 1.60000000e+00  1.85000000e+00  1.60000000e+00  9.22663301e-04  1.60000000e+00  1.60000000e+00 
 1.61000000e+00  1.85000000e+00  1.61000000e+00  9.22974324e-04  1.61000000e+00  1.61000000e+00 
 1.62000000e+00  1.85000000e+00  1.62000000e+00  9.23282724e-04  1.62000000e+00  1.62000000e+00 
 1.63000000e+00  1.85000000e+00  1.63000000e+00  9.23588553e-04  1.63000000e+00  1.63000000e+00 
 1.64000000e+00  1.85000000e+00  1.64000000e+00  9.23891864e-04  1.64000000e+00  1.64000000e+00 
 1.65000000e+00  1.85000000e+00  1.65000000e+00  9.24192709e-04  1.65000000e+00  1.65000000e+00 
 1.66000000e+00  1.85000000e+00  1.66000000e+00  9.24491137e-04  1.66000000e+00  1.66000000e+00 
 1.67000000e+00  1.85000000e+00  1.67000000e+00  9.24787197e-04  1.67000000e+00  1.67000000e+00 
 1.68000000e+00  1.85000000e+00  1.68000000e+00  9.25080934e-04  1.68000000e+00  1.68000000e+00 
 1.69000000e+00  1.85000000e+00  1.69000000e+00  9.25372396e-04  1.69000000e+00  1.69000000e+00 
 1.70000000e+00  1.85000000e+00  1.70000000e+00  9.25661628e-04  1.70000000e+00  1.70000000e+00 
 1.71000000e+00  1.85000000e+00  1.71000000e+00  9.25948671e-04  1.71000000e+00  1.71000000e+00 
 1.72000000e+00  1.85000000e+00  1.72000000e+00  9.26233569e-04  1.72000000e+00  1.72000000e+00 
 1.73000000e+00  1.85000000e+00  1.73000000e+00  9.26516364e-04  1.73000000e+00  1.73000000e+00 
 1.74000000e+00  1.85000000e+00  1.74000000e+00  9.26797095e-04  1.74000000e+00  1.74000000e+00 
 1.75000000e+00  1.85000000e+00  1.75000000e+00  9.27075802e-04  1.75000000e+00  1.75000000e+00 
 1.76000000e+00  1.85000000e+00  1.76000000e+00  9.27352523e-04  1.76000000e+00  1.76000000e+00 
 1.77000000e+00  1.85000000e+00  1.77000000e+00  9.27627296e-04  1.77000000e+00  1.77000000e+00 
 1.78000000e+00  1.85000000e+00  1.78000000e+00  9.27900156e-04  1.78000000e+00  1.78000000e+00 
 1.79000000e+00  1.85000000e+00  1.79000000e+00  9.28171140e-04  1.79000000e+00  1.79000000e+00 
 1.80000000e+00  1.85000000e+00  1.80000000e+00  9.28440282e-04  1.80000000e+00  1.80000000e+00 
 1.81000000e+00  1.85000000e+00  1.81000000e+00  9.28707617e-04  1.81000000e+00  1.81000000e+00 
 1.82000000e+00  1.85000000e+00  1.82000000e+00  9.28973176e-04  1.82000000e+00  1.82000000e+00 
 1.83000000e+00  1.85000000e+00  1.83000000e+00  9.29236994e-04  1.83000000e+00  1.83000000e+00 
 1.84000000e+00  1.85000000e+00  1.84000000e+00  9.29499100e-04  1.84000000e+00  1.84000000e+00 
 1.85000000e+00  1.85000000e+00  1.85000000e+00  9.29759526e-04  1.85000000e+00  1.85000000e+00 
