 0.00000000e+00 -3.70000000e-01  0.00000000e+00 -0.00000000e+00  0.00000000e+00  0.00000000e+00 
-1.00000000e-02 -3.70000000e-01 -1.00000000e-02 -1.96757537e-12 -1.00000000e-02 -1.00000000e-02 
-2.00000000e-02 -3.70000000e-01 -2.00000000e-02 -3.09202881e-12 -2.00000000e-02 -2.00000000e-02 
-3.00000000e-02 -3.70000000e-01 -3.00000000e-02 -3.78292125e-12 -3.00000000e-02 -3.00000000e-02 
-4.00000000e-02 -3.70000000e-01 -4.00000000e-02 -4.23892684e-12 -4.00000000e-02 -4.00000000e-02 
-5.00000000e-02 -3.70000000e-01 -5.00000000e-02 -4.56009054e-12 -5.00000000e-02 -5.00000000e-02 
-6.00000000e-02 -3.70000000e-01 -6.00000000e-02 -4.79954371e-12 -6.00000000e-02 -6.00000000e-02 
-7.00000000e-02 -3.70000000e-01 -7.00000000e-02 -4.98706623e-12 -7.00000000e-02 -7.00000000e-02 
-8.00000000e-02 -3.70000000e-01 -8.00000000e-02 -5.14019917e-12 -8.00000000e-02 -8.00000000e-02 
-9.00000000e-02 -3.70000000e-01 -9.00000000e-02 -5.26974020e-12 -9.00000000e-02 -9.00000000e-02 
-1.00000000e-01 -3.70000000e-01 -1.00000000e-01 -5.38259768e-12 -1.00000000e-01 -1.00000000e-01 
-1.10000000e-01 -3.70000000e-01 -1.10000000e-01 -5.48334321e-12 -1.10000000e-01 -1.10000000e-01 
-1.20000000e-01 -3.70000000e-01 -1.20000000e-01 -5.57509260e-12 -1.20000000e-01 -1.20000000e-01 
-1.30000000e-01 -3.70000000e-01 -1.30000000e-01 -5.66002524e-12 -1.30000000e-01 -1.30000000e-01 
-1.40000000e-01 -3.70000000e-01 -1.40000000e-01 -5.73970078e-12 -1.40000000e-01 -1.40000000e-01 
-1.50000000e-01 -3.70000000e-01 -1.50000000e-01 -5.81525824e-12 -1.50000000e-01 -1.50000000e-01 
-1.60000000e-01 -3.70000000e-01 -1.60000000e-01 -5.88754462e-12 -1.60000000e-01 -1.60000000e-01 
-1.70000000e-01 -3.70000000e-01 -1.70000000e-01 -5.95720010e-12 -1.70000000e-01 -1.70000000e-01 
-1.80000000e-01 -3.70000000e-01 -1.80000000e-01 -6.02471563e-12 -1.80000000e-01 -1.80000000e-01 
-1.90000000e-01 -3.70000000e-01 -1.90000000e-01 -6.09047273e-12 -1.90000000e-01 -1.90000000e-01 
-2.00000000e-01 -3.70000000e-01 -2.00000000e-01 -6.15477148e-12 -2.00000000e-01 -2.00000000e-01 
-2.10000000e-01 -3.70000000e-01 -2.10000000e-01 -6.21785048e-12 -2.10000000e-01 -2.10000000e-01 
-2.20000000e-01 -3.70000000e-01 -2.20000000e-01 -6.27990136e-12 -2.20000000e-01 -2.20000000e-01 
-2.30000000e-01 -3.70000000e-01 -2.30000000e-01 -6.34107946e-12 -2.30000000e-01 -2.30000000e-01 
-2.40000000e-01 -3.70000000e-01 -2.40000000e-01 -6.40151177e-12 -2.40000000e-01 -2.40000000e-01 
-2.50000000e-01 -3.70000000e-01 -2.50000000e-01 -6.46130292e-12 -2.50000000e-01 -2.50000000e-01 
-2.60000000e-01 -3.70000000e-01 -2.60000000e-01 -6.52053975e-12 -2.60000000e-01 -2.60000000e-01 
-2.70000000e-01 -3.70000000e-01 -2.70000000e-01 -6.57929482e-12 -2.70000000e-01 -2.70000000e-01 
-2.80000000e-01 -3.70000000e-01 -2.80000000e-01 -6.63762914e-12 -2.80000000e-01 -2.80000000e-01 
-2.90000000e-01 -3.70000000e-01 -2.90000000e-01 -6.69559432e-12 -2.90000000e-01 -2.90000000e-01 
-3.00000000e-01 -3.70000000e-01 -3.00000000e-01 -6.75323425e-12 -3.00000000e-01 -3.00000000e-01 
-3.10000000e-01 -3.70000000e-01 -3.10000000e-01 -6.81058644e-12 -3.10000000e-01 -3.10000000e-01 
-3.20000000e-01 -3.70000000e-01 -3.20000000e-01 -6.86768313e-12 -3.20000000e-01 -3.20000000e-01 
-3.30000000e-01 -3.70000000e-01 -3.30000000e-01 -6.92455213e-12 -3.30000000e-01 -3.30000000e-01 
-3.40000000e-01 -3.70000000e-01 -3.40000000e-01 -6.98121755e-12 -3.40000000e-01 -3.40000000e-01 
-3.50000000e-01 -3.70000000e-01 -3.50000000e-01 -7.03770036e-12 -3.50000000e-01 -3.50000000e-01 
-3.60000000e-01 -3.70000000e-01 -3.60000000e-01 -7.09401890e-12 -3.60000000e-01 -3.60000000e-01 
-3.70000000e-01 -3.70000000e-01 -3.70000000e-01 -7.15018923e-12 -3.70000000e-01 -3.70000000e-01 
-3.80000000e-01 -3.70000000e-01 -3.80000000e-01 -7.20622547e-12 -3.80000000e-01 -3.80000000e-01 
-3.90000000e-01 -3.70000000e-01 -3.90000000e-01 -7.26214012e-12 -3.90000000e-01 -3.90000000e-01 
-4.00000000e-01 -3.70000000e-01 -4.00000000e-01 -7.31794422e-12 -4.00000000e-01 -4.00000000e-01 
-4.10000000e-01 -3.70000000e-01 -4.10000000e-01 -7.37364758e-12 -4.10000000e-01 -4.10000000e-01 
-4.20000000e-01 -3.70000000e-01 -4.20000000e-01 -7.42925893e-12 -4.20000000e-01 -4.20000000e-01 
-4.30000000e-01 -3.70000000e-01 -4.30000000e-01 -7.48478609e-12 -4.30000000e-01 -4.30000000e-01 
-4.40000000e-01 -3.70000000e-01 -4.40000000e-01 -7.54023603e-12 -4.40000000e-01 -4.40000000e-01 
-4.50000000e-01 -3.70000000e-01 -4.50000000e-01 -7.59561503e-12 -4.50000000e-01 -4.50000000e-01 
-4.60000000e-01 -3.70000000e-01 -4.60000000e-01 -7.65092873e-12 -4.60000000e-01 -4.60000000e-01 
-4.70000000e-01 -3.70000000e-01 -4.70000000e-01 -7.70618221e-12 -4.70000000e-01 -4.70000000e-01 
-4.80000000e-01 -3.70000000e-01 -4.80000000e-01 -7.76138007e-12 -4.80000000e-01 -4.80000000e-01 
-4.90000000e-01 -3.70000000e-01 -4.90000000e-01 -7.81652648e-12 -4.90000000e-01 -4.90000000e-01 
-5.00000000e-01 -3.70000000e-01 -5.00000000e-01 -7.87162520e-12 -5.00000000e-01 -5.00000000e-01 
-5.10000000e-01 -3.70000000e-01 -5.10000000e-01 -7.92667968e-12 -5.10000000e-01 -5.10000000e-01 
-5.20000000e-01 -3.70000000e-01 -5.20000000e-01 -7.98169304e-12 -5.20000000e-01 -5.20000000e-01 
-5.30000000e-01 -3.70000000e-01 -5.30000000e-01 -8.03666814e-12 -5.30000000e-01 -5.30000000e-01 
-5.40000000e-01 -3.70000000e-01 -5.40000000e-01 -8.09160757e-12 -5.40000000e-01 -5.40000000e-01 
-5.50000000e-01 -3.70000000e-01 -5.50000000e-01 -8.14651373e-12 -5.50000000e-01 -5.50000000e-01 
-5.60000000e-01 -3.70000000e-01 -5.60000000e-01 -8.20138882e-12 -5.60000000e-01 -5.60000000e-01 
-5.70000000e-01 -3.70000000e-01 -5.70000000e-01 -8.25623483e-12 -5.70000000e-01 -5.70000000e-01 
-5.80000000e-01 -3.70000000e-01 -5.80000000e-01 -8.31105362e-12 -5.80000000e-01 -5.80000000e-01 
-5.90000000e-01 -3.70000000e-01 -5.90000000e-01 -8.36584688e-12 -5.90000000e-01 -5.90000000e-01 
-6.00000000e-01 -3.70000000e-01 -6.00000000e-01 -8.42061620e-12 -6.00000000e-01 -6.00000000e-01 
-6.10000000e-01 -3.70000000e-01 -6.10000000e-01 -8.47536303e-12 -6.10000000e-01 -6.10000000e-01 
-6.20000000e-01 -3.70000000e-01 -6.20000000e-01 -8.53008869e-12 -6.20000000e-01 -6.20000000e-01 
-6.30000000e-01 -3.70000000e-01 -6.30000000e-01 -8.58479445e-12 -6.30000000e-01 -6.30000000e-01 
-6.40000000e-01 -3.70000000e-01 -6.40000000e-01 -8.63948144e-12 -6.40000000e-01 -6.40000000e-01 
-6.50000000e-01 -3.70000000e-01 -6.50000000e-01 -8.69415073e-12 -6.50000000e-01 -6.50000000e-01 
-6.60000000e-01 -3.70000000e-01 -6.60000000e-01 -8.74880333e-12 -6.60000000e-01 -6.60000000e-01 
-6.70000000e-01 -3.70000000e-01 -6.70000000e-01 -8.80344016e-12 -6.70000000e-01 -6.70000000e-01 
-6.80000000e-01 -3.70000000e-01 -6.80000000e-01 -8.85806206e-12 -6.80000000e-01 -6.80000000e-01 
-6.90000000e-01 -3.70000000e-01 -6.90000000e-01 -8.91266986e-12 -6.90000000e-01 -6.90000000e-01 
-7.00000000e-01 -3.70000000e-01 -7.00000000e-01 -8.96726429e-12 -7.00000000e-01 -7.00000000e-01 
-7.10000000e-01 -3.70000000e-01 -7.10000000e-01 -9.02184606e-12 -7.10000000e-01 -7.10000000e-01 
-7.20000000e-01 -3.70000000e-01 -7.20000000e-01 -9.07641582e-12 -7.20000000e-01 -7.20000000e-01 
-7.30000000e-01 -3.70000000e-01 -7.30000000e-01 -9.13097418e-12 -7.30000000e-01 -7.30000000e-01 
-7.40000000e-01 -3.70000000e-01 -7.40000000e-01 -9.18552171e-12 -7.40000000e-01 -7.40000000e-01 
-7.50000000e-01 -3.70000000e-01 -7.50000000e-01 -9.24005896e-12 -7.50000000e-01 -7.50000000e-01 
-7.60000000e-01 -3.70000000e-01 -7.60000000e-01 -9.29458642e-12 -7.60000000e-01 -7.60000000e-01 
-7.70000000e-01 -3.70000000e-01 -7.70000000e-01 -9.34910458e-12 -7.70000000e-01 -7.70000000e-01 
-7.80000000e-01 -3.70000000e-01 -7.80000000e-01 -9.40361387e-12 -7.80000000e-01 -7.80000000e-01 
-7.90000000e-01 -3.70000000e-01 -7.90000000e-01 -9.45811472e-12 -7.90000000e-01 -7.90000000e-01 
-8.00000000e-01 -3.70000000e-01 -8.00000000e-01 -9.51260751e-12 -8.00000000e-01 -8.00000000e-01 
-8.10000000e-01 -3.70000000e-01 -8.10000000e-01 -9.56709263e-12 -8.10000000e-01 -8.10000000e-01 
-8.20000000e-01 -3.70000000e-01 -8.20000000e-01 -9.62157042e-12 -8.20000000e-01 -8.20000000e-01 
-8.30000000e-01 -3.70000000e-01 -8.30000000e-01 -9.67604121e-12 -8.30000000e-01 -8.30000000e-01 
-8.40000000e-01 -3.70000000e-01 -8.40000000e-01 -9.73050532e-12 -8.40000000e-01 -8.40000000e-01 
-8.50000000e-01 -3.70000000e-01 -8.50000000e-01 -9.78496304e-12 -8.50000000e-01 -8.50000000e-01 
-8.60000000e-01 -3.70000000e-01 -8.60000000e-01 -9.83941464e-12 -8.60000000e-01 -8.60000000e-01 
-8.70000000e-01 -3.70000000e-01 -8.70000000e-01 -9.89386040e-12 -8.70000000e-01 -8.70000000e-01 
-8.80000000e-01 -3.70000000e-01 -8.80000000e-01 -9.94830056e-12 -8.80000000e-01 -8.80000000e-01 
-8.90000000e-01 -3.70000000e-01 -8.90000000e-01 -1.00027354e-11 -8.90000000e-01 -8.90000000e-01 
-9.00000000e-01 -3.70000000e-01 -9.00000000e-01 -1.00571650e-11 -9.00000000e-01 -9.00000000e-01 
-9.10000000e-01 -3.70000000e-01 -9.10000000e-01 -1.01115898e-11 -9.10000000e-01 -9.10000000e-01 
-9.20000000e-01 -3.70000000e-01 -9.20000000e-01 -1.01660098e-11 -9.20000000e-01 -9.20000000e-01 
-9.30000000e-01 -3.70000000e-01 -9.30000000e-01 -1.02204253e-11 -9.30000000e-01 -9.30000000e-01 
-9.40000000e-01 -3.70000000e-01 -9.40000000e-01 -1.02748364e-11 -9.40000000e-01 -9.40000000e-01 
-9.50000000e-01 -3.70000000e-01 -9.50000000e-01 -1.03292433e-11 -9.50000000e-01 -9.50000000e-01 
-9.60000000e-01 -3.70000000e-01 -9.60000000e-01 -1.03836463e-11 -9.60000000e-01 -9.60000000e-01 
-9.70000000e-01 -3.70000000e-01 -9.70000000e-01 -1.04380454e-11 -9.70000000e-01 -9.70000000e-01 
-9.80000000e-01 -3.70000000e-01 -9.80000000e-01 -1.04924408e-11 -9.80000000e-01 -9.80000000e-01 
-9.90000000e-01 -3.70000000e-01 -9.90000000e-01 -1.05468326e-11 -9.90000000e-01 -9.90000000e-01 
-1.00000000e+00 -3.70000000e-01 -1.00000000e+00 -1.06012210e-11 -1.00000000e+00 -1.00000000e+00 
-1.01000000e+00 -3.70000000e-01 -1.01000000e+00 -1.06556061e-11 -1.01000000e+00 -1.01000000e+00 
-1.02000000e+00 -3.70000000e-01 -1.02000000e+00 -1.07099880e-11 -1.02000000e+00 -1.02000000e+00 
-1.03000000e+00 -3.70000000e-01 -1.03000000e+00 -1.07643669e-11 -1.03000000e+00 -1.03000000e+00 
-1.04000000e+00 -3.70000000e-01 -1.04000000e+00 -1.08187428e-11 -1.04000000e+00 -1.04000000e+00 
-1.05000000e+00 -3.70000000e-01 -1.05000000e+00 -1.08731159e-11 -1.05000000e+00 -1.05000000e+00 
-1.06000000e+00 -3.70000000e-01 -1.06000000e+00 -1.09274862e-11 -1.06000000e+00 -1.06000000e+00 
-1.07000000e+00 -3.70000000e-01 -1.07000000e+00 -1.09818540e-11 -1.07000000e+00 -1.07000000e+00 
-1.08000000e+00 -3.70000000e-01 -1.08000000e+00 -1.10362191e-11 -1.08000000e+00 -1.08000000e+00 
-1.09000000e+00 -3.70000000e-01 -1.09000000e+00 -1.10905818e-11 -1.09000000e+00 -1.09000000e+00 
-1.10000000e+00 -3.70000000e-01 -1.10000000e+00 -1.11449422e-11 -1.10000000e+00 -1.10000000e+00 
-1.11000000e+00 -3.70000000e-01 -1.11000000e+00 -1.11993003e-11 -1.11000000e+00 -1.11000000e+00 
-1.12000000e+00 -3.70000000e-01 -1.12000000e+00 -1.12536561e-11 -1.12000000e+00 -1.12000000e+00 
-1.13000000e+00 -3.70000000e-01 -1.13000000e+00 -1.13080098e-11 -1.13000000e+00 -1.13000000e+00 
-1.14000000e+00 -3.70000000e-01 -1.14000000e+00 -1.13623615e-11 -1.14000000e+00 -1.14000000e+00 
-1.15000000e+00 -3.70000000e-01 -1.15000000e+00 -1.14167112e-11 -1.15000000e+00 -1.15000000e+00 
-1.16000000e+00 -3.70000000e-01 -1.16000000e+00 -1.14710589e-11 -1.16000000e+00 -1.16000000e+00 
-1.17000000e+00 -3.70000000e-01 -1.17000000e+00 -1.15254048e-11 -1.17000000e+00 -1.17000000e+00 
-1.18000000e+00 -3.70000000e-01 -1.18000000e+00 -1.15797489e-11 -1.18000000e+00 -1.18000000e+00 
-1.19000000e+00 -3.70000000e-01 -1.19000000e+00 -1.16340913e-11 -1.19000000e+00 -1.19000000e+00 
-1.20000000e+00 -3.70000000e-01 -1.20000000e+00 -1.16884319e-11 -1.20000000e+00 -1.20000000e+00 
-1.21000000e+00 -3.70000000e-01 -1.21000000e+00 -1.17427710e-11 -1.21000000e+00 -1.21000000e+00 
-1.22000000e+00 -3.70000000e-01 -1.22000000e+00 -1.17971084e-11 -1.22000000e+00 -1.22000000e+00 
-1.23000000e+00 -3.70000000e-01 -1.23000000e+00 -1.18514444e-11 -1.23000000e+00 -1.23000000e+00 
-1.24000000e+00 -3.70000000e-01 -1.24000000e+00 -1.19057789e-11 -1.24000000e+00 -1.24000000e+00 
-1.25000000e+00 -3.70000000e-01 -1.25000000e+00 -1.19601119e-11 -1.25000000e+00 -1.25000000e+00 
-1.26000000e+00 -3.70000000e-01 -1.26000000e+00 -1.20144436e-11 -1.26000000e+00 -1.26000000e+00 
-1.27000000e+00 -3.70000000e-01 -1.27000000e+00 -1.20687739e-11 -1.27000000e+00 -1.27000000e+00 
-1.28000000e+00 -3.70000000e-01 -1.28000000e+00 -1.21231029e-11 -1.28000000e+00 -1.28000000e+00 
-1.29000000e+00 -3.70000000e-01 -1.29000000e+00 -1.21774306e-11 -1.29000000e+00 -1.29000000e+00 
-1.30000000e+00 -3.70000000e-01 -1.30000000e+00 -1.22317572e-11 -1.30000000e+00 -1.30000000e+00 
-1.31000000e+00 -3.70000000e-01 -1.31000000e+00 -1.22860825e-11 -1.31000000e+00 -1.31000000e+00 
-1.32000000e+00 -3.70000000e-01 -1.32000000e+00 -1.23404067e-11 -1.32000000e+00 -1.32000000e+00 
-1.33000000e+00 -3.70000000e-01 -1.33000000e+00 -1.23947298e-11 -1.33000000e+00 -1.33000000e+00 
-1.34000000e+00 -3.70000000e-01 -1.34000000e+00 -1.24490518e-11 -1.34000000e+00 -1.34000000e+00 
-1.35000000e+00 -3.70000000e-01 -1.35000000e+00 -1.25033727e-11 -1.35000000e+00 -1.35000000e+00 
-1.36000000e+00 -3.70000000e-01 -1.36000000e+00 -1.25576927e-11 -1.36000000e+00 -1.36000000e+00 
-1.37000000e+00 -3.70000000e-01 -1.37000000e+00 -1.26120116e-11 -1.37000000e+00 -1.37000000e+00 
-1.38000000e+00 -3.70000000e-01 -1.38000000e+00 -1.26663296e-11 -1.38000000e+00 -1.38000000e+00 
-1.39000000e+00 -3.70000000e-01 -1.39000000e+00 -1.27206467e-11 -1.39000000e+00 -1.39000000e+00 
-1.40000000e+00 -3.70000000e-01 -1.40000000e+00 -1.27749629e-11 -1.40000000e+00 -1.40000000e+00 
-1.41000000e+00 -3.70000000e-01 -1.41000000e+00 -1.28292781e-11 -1.41000000e+00 -1.41000000e+00 
-1.42000000e+00 -3.70000000e-01 -1.42000000e+00 -1.28835926e-11 -1.42000000e+00 -1.42000000e+00 
-1.43000000e+00 -3.70000000e-01 -1.43000000e+00 -1.29379062e-11 -1.43000000e+00 -1.43000000e+00 
-1.44000000e+00 -3.70000000e-01 -1.44000000e+00 -1.29922190e-11 -1.44000000e+00 -1.44000000e+00 
-1.45000000e+00 -3.70000000e-01 -1.45000000e+00 -1.30465310e-11 -1.45000000e+00 -1.45000000e+00 
-1.46000000e+00 -3.70000000e-01 -1.46000000e+00 -1.31008423e-11 -1.46000000e+00 -1.46000000e+00 
-1.47000000e+00 -3.70000000e-01 -1.47000000e+00 -1.31551528e-11 -1.47000000e+00 -1.47000000e+00 
-1.48000000e+00 -3.70000000e-01 -1.48000000e+00 -1.32094626e-11 -1.48000000e+00 -1.48000000e+00 
-1.49000000e+00 -3.70000000e-01 -1.49000000e+00 -1.32637718e-11 -1.49000000e+00 -1.49000000e+00 
-1.50000000e+00 -3.70000000e-01 -1.50000000e+00 -1.33180802e-11 -1.50000000e+00 -1.50000000e+00 
-1.51000000e+00 -3.70000000e-01 -1.51000000e+00 -1.33723880e-11 -1.51000000e+00 -1.51000000e+00 
-1.52000000e+00 -3.70000000e-01 -1.52000000e+00 -1.34266952e-11 -1.52000000e+00 -1.52000000e+00 
-1.53000000e+00 -3.70000000e-01 -1.53000000e+00 -1.34810017e-11 -1.53000000e+00 -1.53000000e+00 
-1.54000000e+00 -3.70000000e-01 -1.54000000e+00 -1.35353076e-11 -1.54000000e+00 -1.54000000e+00 
-1.55000000e+00 -3.70000000e-01 -1.55000000e+00 -1.35896130e-11 -1.55000000e+00 -1.55000000e+00 
-1.56000000e+00 -3.70000000e-01 -1.56000000e+00 -1.36439177e-11 -1.56000000e+00 -1.56000000e+00 
-1.57000000e+00 -3.70000000e-01 -1.57000000e+00 -1.36982219e-11 -1.57000000e+00 -1.57000000e+00 
-1.58000000e+00 -3.70000000e-01 -1.58000000e+00 -1.37525256e-11 -1.58000000e+00 -1.58000000e+00 
-1.59000000e+00 -3.70000000e-01 -1.59000000e+00 -1.38068288e-11 -1.59000000e+00 -1.59000000e+00 
-1.60000000e+00 -3.70000000e-01 -1.60000000e+00 -1.38611314e-11 -1.60000000e+00 -1.60000000e+00 
-1.61000000e+00 -3.70000000e-01 -1.61000000e+00 -1.39154335e-11 -1.61000000e+00 -1.61000000e+00 
-1.62000000e+00 -3.70000000e-01 -1.62000000e+00 -1.39697352e-11 -1.62000000e+00 -1.62000000e+00 
-1.63000000e+00 -3.70000000e-01 -1.63000000e+00 -1.40240364e-11 -1.63000000e+00 -1.63000000e+00 
-1.64000000e+00 -3.70000000e-01 -1.64000000e+00 -1.40783371e-11 -1.64000000e+00 -1.64000000e+00 
-1.65000000e+00 -3.70000000e-01 -1.65000000e+00 -1.41326374e-11 -1.65000000e+00 -1.65000000e+00 
-1.66000000e+00 -3.70000000e-01 -1.66000000e+00 -1.41869372e-11 -1.66000000e+00 -1.66000000e+00 
-1.67000000e+00 -3.70000000e-01 -1.67000000e+00 -1.42412366e-11 -1.67000000e+00 -1.67000000e+00 
-1.68000000e+00 -3.70000000e-01 -1.68000000e+00 -1.42955357e-11 -1.68000000e+00 -1.68000000e+00 
-1.69000000e+00 -3.70000000e-01 -1.69000000e+00 -1.43498343e-11 -1.69000000e+00 -1.69000000e+00 
-1.70000000e+00 -3.70000000e-01 -1.70000000e+00 -1.44041325e-11 -1.70000000e+00 -1.70000000e+00 
-1.71000000e+00 -3.70000000e-01 -1.71000000e+00 -1.44584303e-11 -1.71000000e+00 -1.71000000e+00 
-1.72000000e+00 -3.70000000e-01 -1.72000000e+00 -1.45127278e-11 -1.72000000e+00 -1.72000000e+00 
-1.73000000e+00 -3.70000000e-01 -1.73000000e+00 -1.45670249e-11 -1.73000000e+00 -1.73000000e+00 
-1.74000000e+00 -3.70000000e-01 -1.74000000e+00 -1.46213217e-11 -1.74000000e+00 -1.74000000e+00 
-1.75000000e+00 -3.70000000e-01 -1.75000000e+00 -1.46756181e-11 -1.75000000e+00 -1.75000000e+00 
-1.76000000e+00 -3.70000000e-01 -1.76000000e+00 -1.47299142e-11 -1.76000000e+00 -1.76000000e+00 
-1.77000000e+00 -3.70000000e-01 -1.77000000e+00 -1.47842100e-11 -1.77000000e+00 -1.77000000e+00 
-1.78000000e+00 -3.70000000e-01 -1.78000000e+00 -1.48385055e-11 -1.78000000e+00 -1.78000000e+00 
-1.79000000e+00 -3.70000000e-01 -1.79000000e+00 -1.48928006e-11 -1.79000000e+00 -1.79000000e+00 
-1.80000000e+00 -3.70000000e-01 -1.80000000e+00 -1.49470955e-11 -1.80000000e+00 -1.80000000e+00 
-1.81000000e+00 -3.70000000e-01 -1.81000000e+00 -1.50013901e-11 -1.81000000e+00 -1.81000000e+00 
-1.82000000e+00 -3.70000000e-01 -1.82000000e+00 -1.50556844e-11 -1.82000000e+00 -1.82000000e+00 
-1.83000000e+00 -3.70000000e-01 -1.83000000e+00 -1.51099784e-11 -1.83000000e+00 -1.83000000e+00 
-1.84000000e+00 -3.70000000e-01 -1.84000000e+00 -1.51642721e-11 -1.84000000e+00 -1.84000000e+00 
-1.85000000e+00 -3.70000000e-01 -1.85000000e+00 -1.52185656e-11 -1.85000000e+00 -1.85000000e+00 
