 0.00000000e+00 -1.48000000e+00  0.00000000e+00 -0.00000000e+00  0.00000000e+00  0.00000000e+00 
-1.00000000e-02 -1.48000000e+00 -1.00000000e-02 -2.95320560e-06 -1.00000000e-02 -1.00000000e-02 
-2.00000000e-02 -1.48000000e+00 -2.00000000e-02 -5.83892905e-06 -2.00000000e-02 -2.00000000e-02 
-3.00000000e-02 -1.48000000e+00 -3.00000000e-02 -8.65156285e-06 -3.00000000e-02 -3.00000000e-02 
-4.00000000e-02 -1.48000000e+00 -4.00000000e-02 -1.13859462e-05 -4.00000000e-02 -4.00000000e-02 
-5.00000000e-02 -1.48000000e+00 -5.00000000e-02 -1.40368406e-05 -5.00000000e-02 -5.00000000e-02 
-6.00000000e-02 -1.48000000e+00 -6.00000000e-02 -1.65989301e-05 -6.00000000e-02 -6.00000000e-02 
-7.00000000e-02 -1.48000000e+00 -7.00000000e-02 -1.90668936e-05 -7.00000000e-02 -7.00000000e-02 
-8.00000000e-02 -1.48000000e+00 -8.00000000e-02 -2.14355175e-05 -8.00000000e-02 -8.00000000e-02 
-9.00000000e-02 -1.48000000e+00 -9.00000000e-02 -2.36998431e-05 -9.00000000e-02 -9.00000000e-02 
-1.00000000e-01 -1.48000000e+00 -1.00000000e-01 -2.58553430e-05 -1.00000000e-01 -1.00000000e-01 
-1.10000000e-01 -1.48000000e+00 -1.10000000e-01 -2.78981198e-05 -1.10000000e-01 -1.10000000e-01 
-1.20000000e-01 -1.48000000e+00 -1.20000000e-01 -2.98251143e-05 -1.20000000e-01 -1.20000000e-01 
-1.30000000e-01 -1.48000000e+00 -1.30000000e-01 -3.16343036e-05 -1.30000000e-01 -1.30000000e-01 
-1.40000000e-01 -1.48000000e+00 -1.40000000e-01 -3.33248701e-05 -1.40000000e-01 -1.40000000e-01 
-1.50000000e-01 -1.48000000e+00 -1.50000000e-01 -3.48973155e-05 -1.50000000e-01 -1.50000000e-01 
-1.60000000e-01 -1.48000000e+00 -1.60000000e-01 -3.63535046e-05 -1.60000000e-01 -1.60000000e-01 
-1.70000000e-01 -1.48000000e+00 -1.70000000e-01 -3.76966257e-05 -1.70000000e-01 -1.70000000e-01 
-1.80000000e-01 -1.48000000e+00 -1.80000000e-01 -3.89310704e-05 -1.80000000e-01 -1.80000000e-01 
-1.90000000e-01 -1.48000000e+00 -1.90000000e-01 -4.00622438e-05 -1.90000000e-01 -1.90000000e-01 
-2.00000000e-01 -1.48000000e+00 -2.00000000e-01 -4.10963283e-05 -2.00000000e-01 -2.00000000e-01 
-2.10000000e-01 -1.48000000e+00 -2.10000000e-01 -4.20400266e-05 -2.10000000e-01 -2.10000000e-01 
-2.20000000e-01 -1.48000000e+00 -2.20000000e-01 -4.29003091e-05 -2.20000000e-01 -2.20000000e-01 
-2.30000000e-01 -1.48000000e+00 -2.30000000e-01 -4.36841872e-05 -2.30000000e-01 -2.30000000e-01 
-2.40000000e-01 -1.48000000e+00 -2.40000000e-01 -4.43985244e-05 -2.40000000e-01 -2.40000000e-01 
-2.50000000e-01 -1.48000000e+00 -2.50000000e-01 -4.50498924e-05 -2.50000000e-01 -2.50000000e-01 
-2.60000000e-01 -1.48000000e+00 -2.60000000e-01 -4.56444705e-05 -2.60000000e-01 -2.60000000e-01 
-2.70000000e-01 -1.48000000e+00 -2.70000000e-01 -4.61879846e-05 -2.70000000e-01 -2.70000000e-01 
-2.80000000e-01 -1.48000000e+00 -2.80000000e-01 -4.66856784e-05 -2.80000000e-01 -2.80000000e-01 
-2.90000000e-01 -1.48000000e+00 -2.90000000e-01 -4.71423094e-05 -2.90000000e-01 -2.90000000e-01 
-3.00000000e-01 -1.48000000e+00 -3.00000000e-01 -4.75621629e-05 -3.00000000e-01 -3.00000000e-01 
-3.10000000e-01 -1.48000000e+00 -3.10000000e-01 -4.79490772e-05 -3.10000000e-01 -3.10000000e-01 
-3.20000000e-01 -1.48000000e+00 -3.20000000e-01 -4.83064767e-05 -3.20000000e-01 -3.20000000e-01 
-3.30000000e-01 -1.48000000e+00 -3.30000000e-01 -4.86374071e-05 -3.30000000e-01 -3.30000000e-01 
-3.40000000e-01 -1.48000000e+00 -3.40000000e-01 -4.89445725e-05 -3.40000000e-01 -3.40000000e-01 
-3.50000000e-01 -1.48000000e+00 -3.50000000e-01 -4.92303710e-05 -3.50000000e-01 -3.50000000e-01 
-3.60000000e-01 -1.48000000e+00 -3.60000000e-01 -4.94969280e-05 -3.60000000e-01 -3.60000000e-01 
-3.70000000e-01 -1.48000000e+00 -3.70000000e-01 -4.97461280e-05 -3.70000000e-01 -3.70000000e-01 
-3.80000000e-01 -1.48000000e+00 -3.80000000e-01 -4.99796420e-05 -3.80000000e-01 -3.80000000e-01 
-3.90000000e-01 -1.48000000e+00 -3.90000000e-01 -5.01989538e-05 -3.90000000e-01 -3.90000000e-01 
-4.00000000e-01 -1.48000000e+00 -4.00000000e-01 -5.04053815e-05 -4.00000000e-01 -4.00000000e-01 
-4.10000000e-01 -1.48000000e+00 -4.10000000e-01 -5.06000985e-05 -4.10000000e-01 -4.10000000e-01 
-4.20000000e-01 -1.48000000e+00 -4.20000000e-01 -5.07841502e-05 -4.20000000e-01 -4.20000000e-01 
-4.30000000e-01 -1.48000000e+00 -4.30000000e-01 -5.09584701e-05 -4.30000000e-01 -4.30000000e-01 
-4.40000000e-01 -1.48000000e+00 -4.40000000e-01 -5.11238925e-05 -4.40000000e-01 -4.40000000e-01 
-4.50000000e-01 -1.48000000e+00 -4.50000000e-01 -5.12811651e-05 -4.50000000e-01 -4.50000000e-01 
-4.60000000e-01 -1.48000000e+00 -4.60000000e-01 -5.14309587e-05 -4.60000000e-01 -4.60000000e-01 
-4.70000000e-01 -1.48000000e+00 -4.70000000e-01 -5.15738764e-05 -4.70000000e-01 -4.70000000e-01 
-4.80000000e-01 -1.48000000e+00 -4.80000000e-01 -5.17104615e-05 -4.80000000e-01 -4.80000000e-01 
-4.90000000e-01 -1.48000000e+00 -4.90000000e-01 -5.18412040e-05 -4.90000000e-01 -4.90000000e-01 
-5.00000000e-01 -1.48000000e+00 -5.00000000e-01 -5.19665472e-05 -5.00000000e-01 -5.00000000e-01 
-5.10000000e-01 -1.48000000e+00 -5.10000000e-01 -5.20868922e-05 -5.10000000e-01 -5.10000000e-01 
-5.20000000e-01 -1.48000000e+00 -5.20000000e-01 -5.22026034e-05 -5.20000000e-01 -5.20000000e-01 
-5.30000000e-01 -1.48000000e+00 -5.30000000e-01 -5.23140115e-05 -5.30000000e-01 -5.30000000e-01 
-5.40000000e-01 -1.48000000e+00 -5.40000000e-01 -5.24214179e-05 -5.40000000e-01 -5.40000000e-01 
-5.50000000e-01 -1.48000000e+00 -5.50000000e-01 -5.25250973e-05 -5.50000000e-01 -5.50000000e-01 
-5.60000000e-01 -1.48000000e+00 -5.60000000e-01 -5.26253008e-05 -5.60000000e-01 -5.60000000e-01 
-5.70000000e-01 -1.48000000e+00 -5.70000000e-01 -5.27222580e-05 -5.70000000e-01 -5.70000000e-01 
-5.80000000e-01 -1.48000000e+00 -5.80000000e-01 -5.28161795e-05 -5.80000000e-01 -5.80000000e-01 
-5.90000000e-01 -1.48000000e+00 -5.90000000e-01 -5.29072584e-05 -5.90000000e-01 -5.90000000e-01 
-6.00000000e-01 -1.48000000e+00 -6.00000000e-01 -5.29956723e-05 -6.00000000e-01 -6.00000000e-01 
-6.10000000e-01 -1.48000000e+00 -6.10000000e-01 -5.30815847e-05 -6.10000000e-01 -6.10000000e-01 
-6.20000000e-01 -1.48000000e+00 -6.20000000e-01 -5.31651463e-05 -6.20000000e-01 -6.20000000e-01 
-6.30000000e-01 -1.48000000e+00 -6.30000000e-01 -5.32464963e-05 -6.30000000e-01 -6.30000000e-01 
-6.40000000e-01 -1.48000000e+00 -6.40000000e-01 -5.33257633e-05 -6.40000000e-01 -6.40000000e-01 
-6.50000000e-01 -1.48000000e+00 -6.50000000e-01 -5.34030663e-05 -6.50000000e-01 -6.50000000e-01 
-6.60000000e-01 -1.48000000e+00 -6.60000000e-01 -5.34785158e-05 -6.60000000e-01 -6.60000000e-01 
-6.70000000e-01 -1.48000000e+00 -6.70000000e-01 -5.35522141e-05 -6.70000000e-01 -6.70000000e-01 
-6.80000000e-01 -1.48000000e+00 -6.80000000e-01 -5.36242564e-05 -6.80000000e-01 -6.80000000e-01 
-6.90000000e-01 -1.48000000e+00 -6.90000000e-01 -5.36947312e-05 -6.90000000e-01 -6.90000000e-01 
-7.00000000e-01 -1.48000000e+00 -7.00000000e-01 -5.37637209e-05 -7.00000000e-01 -7.00000000e-01 
-7.10000000e-01 -1.48000000e+00 -7.10000000e-01 -5.38313025e-05 -7.10000000e-01 -7.10000000e-01 
-7.20000000e-01 -1.48000000e+00 -7.20000000e-01 -5.38975475e-05 -7.20000000e-01 -7.20000000e-01 
-7.30000000e-01 -1.48000000e+00 -7.30000000e-01 -5.39625231e-05 -7.30000000e-01 -7.30000000e-01 
-7.40000000e-01 -1.48000000e+00 -7.40000000e-01 -5.40262919e-05 -7.40000000e-01 -7.40000000e-01 
-7.50000000e-01 -1.48000000e+00 -7.50000000e-01 -5.40889127e-05 -7.50000000e-01 -7.50000000e-01 
-7.60000000e-01 -1.48000000e+00 -7.60000000e-01 -5.41504403e-05 -7.60000000e-01 -7.60000000e-01 
-7.70000000e-01 -1.48000000e+00 -7.70000000e-01 -5.42109265e-05 -7.70000000e-01 -7.70000000e-01 
-7.80000000e-01 -1.48000000e+00 -7.80000000e-01 -5.42704197e-05 -7.80000000e-01 -7.80000000e-01 
-7.90000000e-01 -1.48000000e+00 -7.90000000e-01 -5.43289653e-05 -7.90000000e-01 -7.90000000e-01 
-8.00000000e-01 -1.48000000e+00 -8.00000000e-01 -5.43866063e-05 -8.00000000e-01 -8.00000000e-01 
-8.10000000e-01 -1.48000000e+00 -8.10000000e-01 -5.44433829e-05 -8.10000000e-01 -8.10000000e-01 
-8.20000000e-01 -1.48000000e+00 -8.20000000e-01 -5.44993331e-05 -8.20000000e-01 -8.20000000e-01 
-8.30000000e-01 -1.48000000e+00 -8.30000000e-01 -5.45544927e-05 -8.30000000e-01 -8.30000000e-01 
-8.40000000e-01 -1.48000000e+00 -8.40000000e-01 -5.46088955e-05 -8.40000000e-01 -8.40000000e-01 
-8.50000000e-01 -1.48000000e+00 -8.50000000e-01 -5.46625734e-05 -8.50000000e-01 -8.50000000e-01 
-8.60000000e-01 -1.48000000e+00 -8.60000000e-01 -5.47155567e-05 -8.60000000e-01 -8.60000000e-01 
-8.70000000e-01 -1.48000000e+00 -8.70000000e-01 -5.47678738e-05 -8.70000000e-01 -8.70000000e-01 
-8.80000000e-01 -1.48000000e+00 -8.80000000e-01 -5.48195518e-05 -8.80000000e-01 -8.80000000e-01 
-8.90000000e-01 -1.48000000e+00 -8.90000000e-01 -5.48706162e-05 -8.90000000e-01 -8.90000000e-01 
-9.00000000e-01 -1.48000000e+00 -9.00000000e-01 -5.49210913e-05 -9.00000000e-01 -9.00000000e-01 
-9.10000000e-01 -1.48000000e+00 -9.10000000e-01 -5.49710001e-05 -9.10000000e-01 -9.10000000e-01 
-9.20000000e-01 -1.48000000e+00 -9.20000000e-01 -5.50203644e-05 -9.20000000e-01 -9.20000000e-01 
-9.30000000e-01 -1.48000000e+00 -9.30000000e-01 -5.50692049e-05 -9.30000000e-01 -9.30000000e-01 
-9.40000000e-01 -1.48000000e+00 -9.40000000e-01 -5.51175414e-05 -9.40000000e-01 -9.40000000e-01 
-9.50000000e-01 -1.48000000e+00 -9.50000000e-01 -5.51653926e-05 -9.50000000e-01 -9.50000000e-01 
-9.60000000e-01 -1.48000000e+00 -9.60000000e-01 -5.52127763e-05 -9.60000000e-01 -9.60000000e-01 
-9.70000000e-01 -1.48000000e+00 -9.70000000e-01 -5.52597095e-05 -9.70000000e-01 -9.70000000e-01 
-9.80000000e-01 -1.48000000e+00 -9.80000000e-01 -5.53062084e-05 -9.80000000e-01 -9.80000000e-01 
-9.90000000e-01 -1.48000000e+00 -9.90000000e-01 -5.53522883e-05 -9.90000000e-01 -9.90000000e-01 
-1.00000000e+00 -1.48000000e+00 -1.00000000e+00 -5.53979639e-05 -1.00000000e+00 -1.00000000e+00 
-1.01000000e+00 -1.48000000e+00 -1.01000000e+00 -5.54432493e-05 -1.01000000e+00 -1.01000000e+00 
-1.02000000e+00 -1.48000000e+00 -1.02000000e+00 -5.54881579e-05 -1.02000000e+00 -1.02000000e+00 
-1.03000000e+00 -1.48000000e+00 -1.03000000e+00 -5.55327023e-05 -1.03000000e+00 -1.03000000e+00 
-1.04000000e+00 -1.48000000e+00 -1.04000000e+00 -5.55768949e-05 -1.04000000e+00 -1.04000000e+00 
-1.05000000e+00 -1.48000000e+00 -1.05000000e+00 -5.56207474e-05 -1.05000000e+00 -1.05000000e+00 
-1.06000000e+00 -1.48000000e+00 -1.06000000e+00 -5.56642707e-05 -1.06000000e+00 -1.06000000e+00 
-1.07000000e+00 -1.48000000e+00 -1.07000000e+00 -5.57074758e-05 -1.07000000e+00 -1.07000000e+00 
-1.08000000e+00 -1.48000000e+00 -1.08000000e+00 -5.57503728e-05 -1.08000000e+00 -1.08000000e+00 
-1.09000000e+00 -1.48000000e+00 -1.09000000e+00 -5.57929714e-05 -1.09000000e+00 -1.09000000e+00 
-1.10000000e+00 -1.48000000e+00 -1.10000000e+00 -5.58352812e-05 -1.10000000e+00 -1.10000000e+00 
-1.11000000e+00 -1.48000000e+00 -1.11000000e+00 -5.58773110e-05 -1.11000000e+00 -1.11000000e+00 
-1.12000000e+00 -1.48000000e+00 -1.12000000e+00 -5.59190696e-05 -1.12000000e+00 -1.12000000e+00 
-1.13000000e+00 -1.48000000e+00 -1.13000000e+00 -5.59605652e-05 -1.13000000e+00 -1.13000000e+00 
-1.14000000e+00 -1.48000000e+00 -1.14000000e+00 -5.60018058e-05 -1.14000000e+00 -1.14000000e+00 
-1.15000000e+00 -1.48000000e+00 -1.15000000e+00 -5.60427990e-05 -1.15000000e+00 -1.15000000e+00 
-1.16000000e+00 -1.48000000e+00 -1.16000000e+00 -5.60835521e-05 -1.16000000e+00 -1.16000000e+00 
-1.17000000e+00 -1.48000000e+00 -1.17000000e+00 -5.61240722e-05 -1.17000000e+00 -1.17000000e+00 
-1.18000000e+00 -1.48000000e+00 -1.18000000e+00 -5.61643661e-05 -1.18000000e+00 -1.18000000e+00 
-1.19000000e+00 -1.48000000e+00 -1.19000000e+00 -5.62044403e-05 -1.19000000e+00 -1.19000000e+00 
-1.20000000e+00 -1.48000000e+00 -1.20000000e+00 -5.62443011e-05 -1.20000000e+00 -1.20000000e+00 
-1.21000000e+00 -1.48000000e+00 -1.21000000e+00 -5.62839545e-05 -1.21000000e+00 -1.21000000e+00 
-1.22000000e+00 -1.48000000e+00 -1.22000000e+00 -5.63234062e-05 -1.22000000e+00 -1.22000000e+00 
-1.23000000e+00 -1.48000000e+00 -1.23000000e+00 -5.63626620e-05 -1.23000000e+00 -1.23000000e+00 
-1.24000000e+00 -1.48000000e+00 -1.24000000e+00 -5.64017273e-05 -1.24000000e+00 -1.24000000e+00 
-1.25000000e+00 -1.48000000e+00 -1.25000000e+00 -5.64406071e-05 -1.25000000e+00 -1.25000000e+00 
-1.26000000e+00 -1.48000000e+00 -1.26000000e+00 -5.64793065e-05 -1.26000000e+00 -1.26000000e+00 
-1.27000000e+00 -1.48000000e+00 -1.27000000e+00 -5.65178304e-05 -1.27000000e+00 -1.27000000e+00 
-1.28000000e+00 -1.48000000e+00 -1.28000000e+00 -5.65561834e-05 -1.28000000e+00 -1.28000000e+00 
-1.29000000e+00 -1.48000000e+00 -1.29000000e+00 -5.65943700e-05 -1.29000000e+00 -1.29000000e+00 
-1.30000000e+00 -1.48000000e+00 -1.30000000e+00 -5.66323946e-05 -1.30000000e+00 -1.30000000e+00 
-1.31000000e+00 -1.48000000e+00 -1.31000000e+00 -5.66702613e-05 -1.31000000e+00 -1.31000000e+00 
-1.32000000e+00 -1.48000000e+00 -1.32000000e+00 -5.67079743e-05 -1.32000000e+00 -1.32000000e+00 
-1.33000000e+00 -1.48000000e+00 -1.33000000e+00 -5.67455373e-05 -1.33000000e+00 -1.33000000e+00 
-1.34000000e+00 -1.48000000e+00 -1.34000000e+00 -5.67829542e-05 -1.34000000e+00 -1.34000000e+00 
-1.35000000e+00 -1.48000000e+00 -1.35000000e+00 -5.68202288e-05 -1.35000000e+00 -1.35000000e+00 
-1.36000000e+00 -1.48000000e+00 -1.36000000e+00 -5.68573643e-05 -1.36000000e+00 -1.36000000e+00 
-1.37000000e+00 -1.48000000e+00 -1.37000000e+00 -5.68943645e-05 -1.37000000e+00 -1.37000000e+00 
-1.38000000e+00 -1.48000000e+00 -1.38000000e+00 -5.69312324e-05 -1.38000000e+00 -1.38000000e+00 
-1.39000000e+00 -1.48000000e+00 -1.39000000e+00 -5.69679713e-05 -1.39000000e+00 -1.39000000e+00 
-1.40000000e+00 -1.48000000e+00 -1.40000000e+00 -5.70045844e-05 -1.40000000e+00 -1.40000000e+00 
-1.41000000e+00 -1.48000000e+00 -1.41000000e+00 -5.70410746e-05 -1.41000000e+00 -1.41000000e+00 
-1.42000000e+00 -1.48000000e+00 -1.42000000e+00 -5.70774449e-05 -1.42000000e+00 -1.42000000e+00 
-1.43000000e+00 -1.48000000e+00 -1.43000000e+00 -5.71136980e-05 -1.43000000e+00 -1.43000000e+00 
-1.44000000e+00 -1.48000000e+00 -1.44000000e+00 -5.71498366e-05 -1.44000000e+00 -1.44000000e+00 
-1.45000000e+00 -1.48000000e+00 -1.45000000e+00 -5.71858635e-05 -1.45000000e+00 -1.45000000e+00 
-1.46000000e+00 -1.48000000e+00 -1.46000000e+00 -5.72217812e-05 -1.46000000e+00 -1.46000000e+00 
-1.47000000e+00 -1.48000000e+00 -1.47000000e+00 -5.72575922e-05 -1.47000000e+00 -1.47000000e+00 
-1.48000000e+00 -1.48000000e+00 -1.48000000e+00 -5.72932988e-05 -1.48000000e+00 -1.48000000e+00 
-1.49000000e+00 -1.48000000e+00 -1.49000000e+00 -5.73289035e-05 -1.49000000e+00 -1.49000000e+00 
-1.50000000e+00 -1.48000000e+00 -1.50000000e+00 -5.73644085e-05 -1.50000000e+00 -1.50000000e+00 
-1.51000000e+00 -1.48000000e+00 -1.51000000e+00 -5.73998160e-05 -1.51000000e+00 -1.51000000e+00 
-1.52000000e+00 -1.48000000e+00 -1.52000000e+00 -5.74351281e-05 -1.52000000e+00 -1.52000000e+00 
-1.53000000e+00 -1.48000000e+00 -1.53000000e+00 -5.74703470e-05 -1.53000000e+00 -1.53000000e+00 
-1.54000000e+00 -1.48000000e+00 -1.54000000e+00 -5.75054746e-05 -1.54000000e+00 -1.54000000e+00 
-1.55000000e+00 -1.48000000e+00 -1.55000000e+00 -5.75405129e-05 -1.55000000e+00 -1.55000000e+00 
-1.56000000e+00 -1.48000000e+00 -1.56000000e+00 -5.75754638e-05 -1.56000000e+00 -1.56000000e+00 
-1.57000000e+00 -1.48000000e+00 -1.57000000e+00 -5.76103291e-05 -1.57000000e+00 -1.57000000e+00 
-1.58000000e+00 -1.48000000e+00 -1.58000000e+00 -5.76451108e-05 -1.58000000e+00 -1.58000000e+00 
-1.59000000e+00 -1.48000000e+00 -1.59000000e+00 -5.76798104e-05 -1.59000000e+00 -1.59000000e+00 
-1.60000000e+00 -1.48000000e+00 -1.60000000e+00 -5.77144297e-05 -1.60000000e+00 -1.60000000e+00 
-1.61000000e+00 -1.48000000e+00 -1.61000000e+00 -5.77489704e-05 -1.61000000e+00 -1.61000000e+00 
-1.62000000e+00 -1.48000000e+00 -1.62000000e+00 -5.77834340e-05 -1.62000000e+00 -1.62000000e+00 
-1.63000000e+00 -1.48000000e+00 -1.63000000e+00 -5.78178222e-05 -1.63000000e+00 -1.63000000e+00 
-1.64000000e+00 -1.48000000e+00 -1.64000000e+00 -5.78521364e-05 -1.64000000e+00 -1.64000000e+00 
-1.65000000e+00 -1.48000000e+00 -1.65000000e+00 -5.78863782e-05 -1.65000000e+00 -1.65000000e+00 
-1.66000000e+00 -1.48000000e+00 -1.66000000e+00 -5.79205489e-05 -1.66000000e+00 -1.66000000e+00 
-1.67000000e+00 -1.48000000e+00 -1.67000000e+00 -5.79546500e-05 -1.67000000e+00 -1.67000000e+00 
-1.68000000e+00 -1.48000000e+00 -1.68000000e+00 -5.79886829e-05 -1.68000000e+00 -1.68000000e+00 
-1.69000000e+00 -1.48000000e+00 -1.69000000e+00 -5.80226489e-05 -1.69000000e+00 -1.69000000e+00 
-1.70000000e+00 -1.48000000e+00 -1.70000000e+00 -5.80565493e-05 -1.70000000e+00 -1.70000000e+00 
-1.71000000e+00 -1.48000000e+00 -1.71000000e+00 -5.80903853e-05 -1.71000000e+00 -1.71000000e+00 
-1.72000000e+00 -1.48000000e+00 -1.72000000e+00 -5.81241582e-05 -1.72000000e+00 -1.72000000e+00 
-1.73000000e+00 -1.48000000e+00 -1.73000000e+00 -5.81578692e-05 -1.73000000e+00 -1.73000000e+00 
-1.74000000e+00 -1.48000000e+00 -1.74000000e+00 -5.81915194e-05 -1.74000000e+00 -1.74000000e+00 
-1.75000000e+00 -1.48000000e+00 -1.75000000e+00 -5.82251100e-05 -1.75000000e+00 -1.75000000e+00 
-1.76000000e+00 -1.48000000e+00 -1.76000000e+00 -5.82586422e-05 -1.76000000e+00 -1.76000000e+00 
-1.77000000e+00 -1.48000000e+00 -1.77000000e+00 -5.82921169e-05 -1.77000000e+00 -1.77000000e+00 
-1.78000000e+00 -1.48000000e+00 -1.78000000e+00 -5.83255353e-05 -1.78000000e+00 -1.78000000e+00 
-1.79000000e+00 -1.48000000e+00 -1.79000000e+00 -5.83588984e-05 -1.79000000e+00 -1.79000000e+00 
-1.80000000e+00 -1.48000000e+00 -1.80000000e+00 -5.83922072e-05 -1.80000000e+00 -1.80000000e+00 
-1.81000000e+00 -1.48000000e+00 -1.81000000e+00 -5.84254627e-05 -1.81000000e+00 -1.81000000e+00 
-1.82000000e+00 -1.48000000e+00 -1.82000000e+00 -5.84586658e-05 -1.82000000e+00 -1.82000000e+00 
-1.83000000e+00 -1.48000000e+00 -1.83000000e+00 -5.84918175e-05 -1.83000000e+00 -1.83000000e+00 
-1.84000000e+00 -1.48000000e+00 -1.84000000e+00 -5.85249187e-05 -1.84000000e+00 -1.84000000e+00 
-1.85000000e+00 -1.48000000e+00 -1.85000000e+00 -5.85579703e-05 -1.85000000e+00 -1.85000000e+00 
