 0.00000000e+00  0.00000000e+00  0.00000000e+00  0.00000000e+00 
 1.00000000e-02  1.00000000e-02  1.00000000e-02 -5.35741450e-05 
 2.00000000e-02  2.00000000e-02  2.00000000e-02 -1.06574659e-04 
 3.00000000e-02  3.00000000e-02  3.00000000e-02 -1.59001553e-04 
 4.00000000e-02  4.00000000e-02  4.00000000e-02 -2.10854839e-04 
 5.00000000e-02  5.00000000e-02  5.00000000e-02 -2.62134529e-04 
 6.00000000e-02  6.00000000e-02  6.00000000e-02 -3.12840637e-04 
 7.00000000e-02  7.00000000e-02  7.00000000e-02 -3.62973175e-04 
 8.00000000e-02  8.00000000e-02  8.00000000e-02 -4.12532158e-04 
 9.00000000e-02  9.00000000e-02  9.00000000e-02 -4.61517602e-04 
 1.00000000e-01  1.00000000e-01  1.00000000e-01 -5.09929521e-04 
 1.10000000e-01  1.10000000e-01  1.10000000e-01 -5.57767934e-04 
 1.20000000e-01  1.20000000e-01  1.20000000e-01 -6.05032857e-04 
 1.30000000e-01  1.30000000e-01  1.30000000e-01 -6.51724310e-04 
 1.40000000e-01  1.40000000e-01  1.40000000e-01 -6.97842312e-04 
 1.50000000e-01  1.50000000e-01  1.50000000e-01 -7.43386884e-04 
 1.60000000e-01  1.60000000e-01  1.60000000e-01 -7.88358047e-04 
 1.70000000e-01  1.70000000e-01  1.70000000e-01 -8.32755827e-04 
 1.80000000e-01  1.80000000e-01  1.80000000e-01 -8.76580247e-04 
 1.90000000e-01  1.90000000e-01  1.90000000e-01 -9.19831333e-04 
 2.00000000e-01  2.00000000e-01  2.00000000e-01 -9.62509114e-04 
 2.10000000e-01  2.10000000e-01  2.10000000e-01 -1.00461362e-03 
 2.20000000e-01  2.20000000e-01  2.20000000e-01 -1.04614488e-03 
 2.30000000e-01  2.30000000e-01  2.30000000e-01 -1.08710293e-03 
 2.40000000e-01  2.40000000e-01  2.40000000e-01 -1.12748780e-03 
 2.50000000e-01  2.50000000e-01  2.50000000e-01 -1.16729954e-03 
 2.60000000e-01  2.60000000e-01  2.60000000e-01 -1.20653817e-03 
 2.70000000e-01  2.70000000e-01  2.70000000e-01 -1.24520376e-03 
 2.80000000e-01  2.80000000e-01  2.80000000e-01 -1.28329633e-03 
 2.90000000e-01  2.90000000e-01  2.90000000e-01 -1.32081594e-03 
 3.00000000e-01  3.00000000e-01  3.00000000e-01 -1.35776265e-03 
 3.10000000e-01  3.10000000e-01  3.10000000e-01 -1.39413651e-03 
 3.20000000e-01  3.20000000e-01  3.20000000e-01 -1.42993757e-03 
 3.30000000e-01  3.30000000e-01  3.30000000e-01 -1.46516591e-03 
 3.40000000e-01  3.40000000e-01  3.40000000e-01 -1.49982159e-03 
 3.50000000e-01  3.50000000e-01  3.50000000e-01 -1.53390468e-03 
 3.60000000e-01  3.60000000e-01  3.60000000e-01 -1.56741527e-03 
 3.70000000e-01  3.70000000e-01  3.70000000e-01 -1.60035344e-03 
 3.80000000e-01  3.80000000e-01  3.80000000e-01 -1.63271929e-03 
 3.90000000e-01  3.90000000e-01  3.90000000e-01 -1.66451291e-03 
 4.00000000e-01  4.00000000e-01  4.00000000e-01 -1.69573441e-03 
 4.10000000e-01  4.10000000e-01  4.10000000e-01 -1.72638391e-03 
 4.20000000e-01  4.20000000e-01  4.20000000e-01 -1.75646154e-03 
 4.30000000e-01  4.30000000e-01  4.30000000e-01 -1.78596742e-03 
 4.40000000e-01  4.40000000e-01  4.40000000e-01 -1.81490172e-03 
 4.50000000e-01  4.50000000e-01  4.50000000e-01 -1.84326458e-03 
 4.60000000e-01  4.60000000e-01  4.60000000e-01 -1.87105619e-03 
 4.70000000e-01  4.70000000e-01  4.70000000e-01 -1.89827673e-03 
 4.80000000e-01  4.80000000e-01  4.80000000e-01 -1.92492642e-03 
 4.90000000e-01  4.90000000e-01  4.90000000e-01 -1.95100547e-03 
 5.00000000e-01  5.00000000e-01  5.00000000e-01 -1.97651415e-03 
 5.10000000e-01  5.10000000e-01  5.10000000e-01 -2.00145271e-03 
 5.20000000e-01  5.20000000e-01  5.20000000e-01 -2.02582146e-03 
 5.30000000e-01  5.30000000e-01  5.30000000e-01 -2.04962072e-03 
 5.40000000e-01  5.40000000e-01  5.40000000e-01 -2.07285086e-03 
 5.50000000e-01  5.50000000e-01  5.50000000e-01 -2.09551227e-03 
 5.60000000e-01  5.60000000e-01  5.60000000e-01 -2.11760538e-03 
 5.70000000e-01  5.70000000e-01  5.70000000e-01 -2.13913068e-03 
 5.80000000e-01  5.80000000e-01  5.80000000e-01 -2.16008871e-03 
 5.90000000e-01  5.90000000e-01  5.90000000e-01 -2.18048005e-03 
 6.00000000e-01  6.00000000e-01  6.00000000e-01 -2.20030536e-03 
 6.10000000e-01  6.10000000e-01  6.10000000e-01 -2.21956538e-03 
 6.20000000e-01  6.20000000e-01  6.20000000e-01 -2.23826092e-03 
 6.30000000e-01  6.30000000e-01  6.30000000e-01 -2.25639288e-03 
 6.40000000e-01  6.40000000e-01  6.40000000e-01 -2.27396228e-03 
 6.50000000e-01  6.50000000e-01  6.50000000e-01 -2.29097025e-03 
 6.60000000e-01  6.60000000e-01  6.60000000e-01 -2.30741807e-03 
 6.70000000e-01  6.70000000e-01  6.70000000e-01 -2.32330717e-03 
 6.80000000e-01  6.80000000e-01  6.80000000e-01 -2.33863916e-03 
 6.90000000e-01  6.90000000e-01  6.90000000e-01 -2.35341584e-03 
 7.00000000e-01  7.00000000e-01  7.00000000e-01 -2.36763925e-03 
 7.10000000e-01  7.10000000e-01  7.10000000e-01 -2.38131170e-03 
 7.20000000e-01  7.20000000e-01  7.20000000e-01 -2.39443579e-03 
 7.30000000e-01  7.30000000e-01  7.30000000e-01 -2.40701447e-03 
 7.40000000e-01  7.40000000e-01  7.40000000e-01 -2.41905107e-03 
 7.50000000e-01  7.50000000e-01  7.50000000e-01 -2.43054937e-03 
 7.60000000e-01  7.60000000e-01  7.60000000e-01 -2.44151365e-03 
 7.70000000e-01  7.70000000e-01  7.70000000e-01 -2.45194874e-03 
 7.80000000e-01  7.80000000e-01  7.80000000e-01 -2.46186015e-03 
 7.90000000e-01  7.90000000e-01  7.90000000e-01 -2.47125408e-03 
 8.00000000e-01  8.00000000e-01  8.00000000e-01 -2.48013755e-03 
 8.10000000e-01  8.10000000e-01  8.10000000e-01 -2.48851846e-03 
 8.20000000e-01  8.20000000e-01  8.20000000e-01 -2.49640572e-03 
 8.30000000e-01  8.30000000e-01  8.30000000e-01 -2.50380929e-03 
 8.40000000e-01  8.40000000e-01  8.40000000e-01 -2.51074030e-03 
 8.50000000e-01  8.50000000e-01  8.50000000e-01 -2.51721112e-03 
 8.60000000e-01  8.60000000e-01  8.60000000e-01 -2.52323540e-03 
 8.70000000e-01  8.70000000e-01  8.70000000e-01 -2.52882813e-03 
 8.80000000e-01  8.80000000e-01  8.80000000e-01 -2.53400562e-03 
 8.90000000e-01  8.90000000e-01  8.90000000e-01 -2.53878545e-03 
 9.00000000e-01  9.00000000e-01  9.00000000e-01 -2.54318645e-03 
 9.10000000e-01  9.10000000e-01  9.10000000e-01 -2.54722849e-03 
 9.20000000e-01  9.20000000e-01  9.20000000e-01 -2.55093238e-03 
 9.30000000e-01  9.30000000e-01  9.30000000e-01 -2.55431960e-03 
 9.40000000e-01  9.40000000e-01  9.40000000e-01 -2.55741208e-03 
 9.50000000e-01  9.50000000e-01  9.50000000e-01 -2.56023189e-03 
 9.60000000e-01  9.60000000e-01  9.60000000e-01 -2.56280097e-03 
 9.70000000e-01  9.70000000e-01  9.70000000e-01 -2.56514086e-03 
 9.80000000e-01  9.80000000e-01  9.80000000e-01 -2.56727240e-03 
 9.90000000e-01  9.90000000e-01  9.90000000e-01 -2.56921555e-03 
 1.00000000e+00  1.00000000e+00  1.00000000e+00 -2.57098916e-03 
 1.01000000e+00  1.01000000e+00  1.01000000e+00 -2.57261087e-03 
 1.02000000e+00  1.02000000e+00  1.02000000e+00 -2.57409700e-03 
 1.03000000e+00  1.03000000e+00  1.03000000e+00 -2.57546250e-03 
 1.04000000e+00  1.04000000e+00  1.04000000e+00 -2.57672100e-03 
 1.05000000e+00  1.05000000e+00  1.05000000e+00 -2.57788475e-03 
 1.06000000e+00  1.06000000e+00  1.06000000e+00 -2.57896479e-03 
 1.07000000e+00  1.07000000e+00  1.07000000e+00 -2.57997093e-03 
 1.08000000e+00  1.08000000e+00  1.08000000e+00 -2.58091189e-03 
 1.09000000e+00  1.09000000e+00  1.09000000e+00 -2.58179538e-03 
 1.10000000e+00  1.10000000e+00  1.10000000e+00 -2.58262820e-03 
 1.11000000e+00  1.11000000e+00  1.11000000e+00 -2.58341633e-03 
 1.12000000e+00  1.12000000e+00  1.12000000e+00 -2.58416503e-03 
 1.13000000e+00  1.13000000e+00  1.13000000e+00 -2.58487890e-03 
 1.14000000e+00  1.14000000e+00  1.14000000e+00 -2.58556198e-03 
 1.15000000e+00  1.15000000e+00  1.15000000e+00 -2.58621780e-03 
 1.16000000e+00  1.16000000e+00  1.16000000e+00 -2.58684947e-03 
 1.17000000e+00  1.17000000e+00  1.17000000e+00 -2.58745969e-03 
 1.18000000e+00  1.18000000e+00  1.18000000e+00 -2.58805085e-03 
 1.19000000e+00  1.19000000e+00  1.19000000e+00 -2.58862504e-03 
 1.20000000e+00  1.20000000e+00  1.20000000e+00 -2.58918409e-03 
 1.21000000e+00  1.21000000e+00  1.21000000e+00 -2.58972963e-03 
 1.22000000e+00  1.22000000e+00  1.22000000e+00 -2.59026307e-03 
 1.23000000e+00  1.23000000e+00  1.23000000e+00 -2.59078566e-03 
 1.24000000e+00  1.24000000e+00  1.24000000e+00 -2.59129851e-03 
 1.25000000e+00  1.25000000e+00  1.25000000e+00 -2.59180261e-03 
 1.26000000e+00  1.26000000e+00  1.26000000e+00 -2.59229882e-03 
 1.27000000e+00  1.27000000e+00  1.27000000e+00 -2.59278791e-03 
 1.28000000e+00  1.28000000e+00  1.28000000e+00 -2.59327056e-03 
 1.29000000e+00  1.29000000e+00  1.29000000e+00 -2.59374739e-03 
 1.30000000e+00  1.30000000e+00  1.30000000e+00 -2.59421894e-03 
 1.31000000e+00  1.31000000e+00  1.31000000e+00 -2.59468568e-03 
 1.32000000e+00  1.32000000e+00  1.32000000e+00 -2.59514807e-03 
 1.33000000e+00  1.33000000e+00  1.33000000e+00 -2.59560647e-03 
 1.34000000e+00  1.34000000e+00  1.34000000e+00 -2.59606125e-03 
 1.35000000e+00  1.35000000e+00  1.35000000e+00 -2.59651272e-03 
 1.36000000e+00  1.36000000e+00  1.36000000e+00 -2.59696115e-03 
 1.37000000e+00  1.37000000e+00  1.37000000e+00 -2.59740681e-03 
 1.38000000e+00  1.38000000e+00  1.38000000e+00 -2.59784992e-03 
 1.39000000e+00  1.39000000e+00  1.39000000e+00 -2.59829069e-03 
 1.40000000e+00  1.40000000e+00  1.40000000e+00 -2.59872931e-03 
 1.41000000e+00  1.41000000e+00  1.41000000e+00 -2.59916595e-03 
 1.42000000e+00  1.42000000e+00  1.42000000e+00 -2.59960076e-03 
 1.43000000e+00  1.43000000e+00  1.43000000e+00 -2.60003389e-03 
 1.44000000e+00  1.44000000e+00  1.44000000e+00 -2.60046546e-03 
 1.45000000e+00  1.45000000e+00  1.45000000e+00 -2.60089559e-03 
 1.46000000e+00  1.46000000e+00  1.46000000e+00 -2.60132438e-03 
 1.47000000e+00  1.47000000e+00  1.47000000e+00 -2.60175194e-03 
 1.48000000e+00  1.48000000e+00  1.48000000e+00 -2.60217836e-03 
 1.49000000e+00  1.49000000e+00  1.49000000e+00 -2.60260370e-03 
 1.50000000e+00  1.50000000e+00  1.50000000e+00 -2.60302806e-03 
 1.51000000e+00  1.51000000e+00  1.51000000e+00 -2.60345150e-03 
 1.52000000e+00  1.52000000e+00  1.52000000e+00 -2.60387407e-03 
 1.53000000e+00  1.53000000e+00  1.53000000e+00 -2.60429585e-03 
 1.54000000e+00  1.54000000e+00  1.54000000e+00 -2.60471688e-03 
 1.55000000e+00  1.55000000e+00  1.55000000e+00 -2.60513722e-03 
 1.56000000e+00  1.56000000e+00  1.56000000e+00 -2.60555690e-03 
 1.57000000e+00  1.57000000e+00  1.57000000e+00 -2.60597598e-03 
 1.58000000e+00  1.58000000e+00  1.58000000e+00 -2.60639448e-03 
 1.59000000e+00  1.59000000e+00  1.59000000e+00 -2.60681245e-03 
 1.60000000e+00  1.60000000e+00  1.60000000e+00 -2.60722992e-03 
 1.61000000e+00  1.61000000e+00  1.61000000e+00 -2.60764692e-03 
 1.62000000e+00  1.62000000e+00  1.62000000e+00 -2.60806349e-03 
 1.63000000e+00  1.63000000e+00  1.63000000e+00 -2.60847963e-03 
 1.64000000e+00  1.64000000e+00  1.64000000e+00 -2.60889539e-03 
 1.65000000e+00  1.65000000e+00  1.65000000e+00 -2.60931079e-03 
 1.66000000e+00  1.66000000e+00  1.66000000e+00 -2.60972584e-03 
 1.67000000e+00  1.67000000e+00  1.67000000e+00 -2.61014056e-03 
 1.68000000e+00  1.68000000e+00  1.68000000e+00 -2.61055499e-03 
 1.69000000e+00  1.69000000e+00  1.69000000e+00 -2.61096912e-03 
 1.70000000e+00  1.70000000e+00  1.70000000e+00 -2.61138298e-03 
 1.71000000e+00  1.71000000e+00  1.71000000e+00 -2.61179659e-03 
 1.72000000e+00  1.72000000e+00  1.72000000e+00 -2.61220995e-03 
 1.73000000e+00  1.73000000e+00  1.73000000e+00 -2.61262309e-03 
 1.74000000e+00  1.74000000e+00  1.74000000e+00 -2.61303601e-03 
 1.75000000e+00  1.75000000e+00  1.75000000e+00 -2.61344873e-03 
 1.76000000e+00  1.76000000e+00  1.76000000e+00 -2.61386125e-03 
 1.77000000e+00  1.77000000e+00  1.77000000e+00 -2.61427359e-03 
 1.78000000e+00  1.78000000e+00  1.78000000e+00 -2.61468576e-03 
 1.79000000e+00  1.79000000e+00  1.79000000e+00 -2.61509777e-03 
 1.80000000e+00  1.80000000e+00  1.80000000e+00 -2.61550962e-03 
 1.81000000e+00  1.81000000e+00  1.81000000e+00 -2.61592132e-03 
 1.82000000e+00  1.82000000e+00  1.82000000e+00 -2.61633288e-03 
 1.83000000e+00  1.83000000e+00  1.83000000e+00 -2.61674431e-03 
 1.84000000e+00  1.84000000e+00  1.84000000e+00 -2.61715562e-03 
 1.85000000e+00  1.85000000e+00  1.85000000e+00 -2.61756680e-03 
