 0.00000000e+00  0.00000000e+00  0.00000000e+00 -1.71868096e-11 
 1.00000000e-02  1.00000000e-02  1.00000000e-02 -2.09649734e-11 
 2.00000000e-02  2.00000000e-02  2.00000000e-02 -2.69520241e-11 
 3.00000000e-02  3.00000000e-02  3.00000000e-02 -3.39635368e-11 
 4.00000000e-02  4.00000000e-02  4.00000000e-02 -4.29324543e-11 
 5.00000000e-02  5.00000000e-02  5.00000000e-02 -5.44044081e-11 
 6.00000000e-02  6.00000000e-02  6.00000000e-02 -6.90767627e-11 
 7.00000000e-02  7.00000000e-02  7.00000000e-02 -8.78406495e-11 
 8.00000000e-02  8.00000000e-02  8.00000000e-02 -1.11834574e-10 
 9.00000000e-02  9.00000000e-02  9.00000000e-02 -1.42512754e-10 
 1.00000000e-01  1.00000000e-01  1.00000000e-01 -1.81732184e-10 
 1.10000000e-01  1.10000000e-01  1.10000000e-01 -2.31863506e-10 
 1.20000000e-01  1.20000000e-01  1.20000000e-01 -2.95932093e-10 
 1.30000000e-01  1.30000000e-01  1.30000000e-01 -3.77797454e-10 
 1.40000000e-01  1.40000000e-01  1.40000000e-01 -4.82381180e-10 
 1.50000000e-01  1.50000000e-01  1.50000000e-01 -6.15956299e-10 
 1.60000000e-01  1.60000000e-01  1.60000000e-01 -7.86514213e-10 
 1.70000000e-01  1.70000000e-01  1.70000000e-01 -1.00422947e-09 
 1.80000000e-01  1.80000000e-01  1.80000000e-01 -1.28204775e-09 
 1.90000000e-01  1.90000000e-01  1.90000000e-01 -1.63642859e-09 
 2.00000000e-01  2.00000000e-01  2.00000000e-01 -2.08828216e-09 
 2.10000000e-01  2.10000000e-01  2.10000000e-01 -2.66414880e-09 
 2.20000000e-01  2.20000000e-01  2.20000000e-01 -3.39768113e-09 
 2.30000000e-01  2.30000000e-01  2.30000000e-01 -4.33150276e-09 
 2.40000000e-01  2.40000000e-01  2.40000000e-01 -5.51953366e-09 
 2.50000000e-01  2.50000000e-01  2.50000000e-01 -7.02989226e-09 
 2.60000000e-01  2.60000000e-01  2.60000000e-01 -8.94850748e-09 
 2.70000000e-01  2.70000000e-01  2.70000000e-01 -1.13836016e-08 
 2.80000000e-01  2.80000000e-01  2.80000000e-01 -1.44712370e-08 
 2.90000000e-01  2.90000000e-01  2.90000000e-01 -1.83821578e-08 
 3.00000000e-01  3.00000000e-01  3.00000000e-01 -2.33302010e-08 
 3.10000000e-01  3.10000000e-01  3.10000000e-01 -2.95826056e-08 
 3.20000000e-01  3.20000000e-01  3.20000000e-01 -3.74726064e-08 
 3.30000000e-01  3.30000000e-01  3.30000000e-01 -4.74147764e-08 
 3.40000000e-01  3.40000000e-01  3.40000000e-01 -5.99236688e-08 
 3.50000000e-01  3.50000000e-01  3.50000000e-01 -7.56364223e-08 
 3.60000000e-01  3.60000000e-01  3.60000000e-01 -9.53401314e-08 
 3.70000000e-01  3.70000000e-01  3.70000000e-01 -1.20004960e-07 
 3.80000000e-01  3.80000000e-01  3.80000000e-01 -1.50824192e-07 
 3.90000000e-01  3.90000000e-01  3.90000000e-01 -1.89262695e-07 
 4.00000000e-01  4.00000000e-01  4.00000000e-01 -2.37115559e-07 
 4.10000000e-01  4.10000000e-01  4.10000000e-01 -2.96579045e-07 
 4.20000000e-01  4.20000000e-01  4.20000000e-01 -3.70336267e-07 
 4.30000000e-01  4.30000000e-01  4.30000000e-01 -4.61660234e-07 
 4.40000000e-01  4.40000000e-01  4.40000000e-01 -5.74536823e-07 
 4.50000000e-01  4.50000000e-01  4.50000000e-01 -7.13809663e-07 
 4.60000000e-01  4.60000000e-01  4.60000000e-01 -8.85347677e-07 
 4.70000000e-01  4.70000000e-01  4.70000000e-01 -1.09623362e-06 
 4.80000000e-01  4.80000000e-01  4.80000000e-01 -1.35496837e-06 
 4.90000000e-01  4.90000000e-01  4.90000000e-01 -1.67168078e-06 
 5.00000000e-01  5.00000000e-01  5.00000000e-01 -2.05832665e-06 
 5.10000000e-01  5.10000000e-01  5.10000000e-01 -2.52885384e-06 
 5.20000000e-01  5.20000000e-01  5.20000000e-01 -3.09930441e-06 
 5.30000000e-01  5.30000000e-01  5.30000000e-01 -3.78782069e-06 
 5.40000000e-01  5.40000000e-01  5.40000000e-01 -4.61452234e-06 
 5.50000000e-01  5.50000000e-01  5.50000000e-01 -5.60122671e-06 
 5.60000000e-01  5.60000000e-01  5.60000000e-01 -6.77099667e-06 
 5.70000000e-01  5.70000000e-01  5.70000000e-01 -8.14751775e-06 
 5.80000000e-01  5.80000000e-01  5.80000000e-01 -9.75432781e-06 
 5.90000000e-01  5.90000000e-01  5.90000000e-01 -1.16139450e-05 
 6.00000000e-01  6.00000000e-01  6.00000000e-01 -1.37469577e-05 
 6.10000000e-01  6.10000000e-01  6.10000000e-01 -1.61711530e-05 
 6.20000000e-01  6.20000000e-01  6.20000000e-01 -1.89007592e-05 
 6.30000000e-01  6.30000000e-01  6.30000000e-01 -2.19458693e-05 
 6.40000000e-01  6.40000000e-01  6.40000000e-01 -2.53120931e-05 
 6.50000000e-01  6.50000000e-01  6.50000000e-01 -2.90004593e-05 
 6.60000000e-01  6.60000000e-01  6.60000000e-01 -3.30075633e-05 
 6.70000000e-01  6.70000000e-01  6.70000000e-01 -3.73259299e-05 
 6.80000000e-01  6.80000000e-01  6.80000000e-01 -4.19445472e-05 
 6.90000000e-01  6.90000000e-01  6.90000000e-01 -4.68495121e-05 
 7.00000000e-01  7.00000000e-01  7.00000000e-01 -5.20247310e-05 
 7.10000000e-01  7.10000000e-01  7.10000000e-01 -5.74526225e-05 
 7.20000000e-01  7.20000000e-01  7.20000000e-01 -6.31147783e-05 
 7.30000000e-01  7.30000000e-01  7.30000000e-01 -6.89925507e-05 
 7.40000000e-01  7.40000000e-01  7.40000000e-01 -7.50675476e-05 
 7.50000000e-01  7.50000000e-01  7.50000000e-01 -8.13220280e-05 
 7.60000000e-01  7.60000000e-01  7.60000000e-01 -8.77391970e-05 
 7.70000000e-01  7.70000000e-01  7.70000000e-01 -9.43034089e-05 
 7.80000000e-01  7.80000000e-01  7.80000000e-01 -1.01000289e-04 
 7.90000000e-01  7.90000000e-01  7.90000000e-01 -1.07816789e-04 
 8.00000000e-01  8.00000000e-01  8.00000000e-01 -1.14741184e-04 
 8.10000000e-01  8.10000000e-01  8.10000000e-01 -1.21763037e-04 
 8.20000000e-01  8.20000000e-01  8.20000000e-01 -1.28873127e-04 
 8.30000000e-01  8.30000000e-01  8.30000000e-01 -1.36063357e-04 
 8.40000000e-01  8.40000000e-01  8.40000000e-01 -1.43326660e-04 
 8.50000000e-01  8.50000000e-01  8.50000000e-01 -1.50656891e-04 
 8.60000000e-01  8.60000000e-01  8.60000000e-01 -1.58048727e-04 
 8.70000000e-01  8.70000000e-01  8.70000000e-01 -1.65497565e-04 
 8.80000000e-01  8.80000000e-01  8.80000000e-01 -1.72999423e-04 
 8.90000000e-01  8.90000000e-01  8.90000000e-01 -1.80550861e-04 
 9.00000000e-01  9.00000000e-01  9.00000000e-01 -1.88148895e-04 
 9.10000000e-01  9.10000000e-01  9.10000000e-01 -1.95790931e-04 
 9.20000000e-01  9.20000000e-01  9.20000000e-01 -2.03474703e-04 
 9.30000000e-01  9.30000000e-01  9.30000000e-01 -2.11198213e-04 
 9.40000000e-01  9.40000000e-01  9.40000000e-01 -2.18959694e-04 
 9.50000000e-01  9.50000000e-01  9.50000000e-01 -2.26757559e-04 
 9.60000000e-01  9.60000000e-01  9.60000000e-01 -2.34590376e-04 
 9.70000000e-01  9.70000000e-01  9.70000000e-01 -2.42456833e-04 
 9.80000000e-01  9.80000000e-01  9.80000000e-01 -2.50355717e-04 
 9.90000000e-01  9.90000000e-01  9.90000000e-01 -2.58285894e-04 
 1.00000000e+00  1.00000000e+00  1.00000000e+00 -2.66246290e-04 
 1.01000000e+00  1.01000000e+00  1.01000000e+00 -2.74235882e-04 
 1.02000000e+00  1.02000000e+00  1.02000000e+00 -2.82253685e-04 
 1.03000000e+00  1.03000000e+00  1.03000000e+00 -2.90298742e-04 
 1.04000000e+00  1.04000000e+00  1.04000000e+00 -2.98370119e-04 
 1.05000000e+00  1.05000000e+00  1.05000000e+00 -3.06466903e-04 
 1.06000000e+00  1.06000000e+00  1.06000000e+00 -3.14588190e-04 
 1.07000000e+00  1.07000000e+00  1.07000000e+00 -3.22733092e-04 
 1.08000000e+00  1.08000000e+00  1.08000000e+00 -3.30900727e-04 
 1.09000000e+00  1.09000000e+00  1.09000000e+00 -3.39090223e-04 
 1.10000000e+00  1.10000000e+00  1.10000000e+00 -3.47300713e-04 
 1.11000000e+00  1.11000000e+00  1.11000000e+00 -3.55531339e-04 
 1.12000000e+00  1.12000000e+00  1.12000000e+00 -3.63781249e-04 
 1.13000000e+00  1.13000000e+00  1.13000000e+00 -3.72049598e-04 
 1.14000000e+00  1.14000000e+00  1.14000000e+00 -3.80335548e-04 
 1.15000000e+00  1.15000000e+00  1.15000000e+00 -3.88638269e-04 
 1.16000000e+00  1.16000000e+00  1.16000000e+00 -3.96956942e-04 
 1.17000000e+00  1.17000000e+00  1.17000000e+00 -4.05290754e-04 
 1.18000000e+00  1.18000000e+00  1.18000000e+00 -4.13638903e-04 
 1.19000000e+00  1.19000000e+00  1.19000000e+00 -4.22000599e-04 
 1.20000000e+00  1.20000000e+00  1.20000000e+00 -4.30375061e-04 
 1.21000000e+00  1.21000000e+00  1.21000000e+00 -4.38761520e-04 
 1.22000000e+00  1.22000000e+00  1.22000000e+00 -4.47159221e-04 
 1.23000000e+00  1.23000000e+00  1.23000000e+00 -4.55567420e-04 
 1.24000000e+00  1.24000000e+00  1.24000000e+00 -4.63985388e-04 
 1.25000000e+00  1.25000000e+00  1.25000000e+00 -4.72412408e-04 
 1.26000000e+00  1.26000000e+00  1.26000000e+00 -4.80847777e-04 
 1.27000000e+00  1.27000000e+00  1.27000000e+00 -4.89290806e-04 
 1.28000000e+00  1.28000000e+00  1.28000000e+00 -4.97740824e-04 
 1.29000000e+00  1.29000000e+00  1.29000000e+00 -5.06197169e-04 
 1.30000000e+00  1.30000000e+00  1.30000000e+00 -5.14659197e-04 
 1.31000000e+00  1.31000000e+00  1.31000000e+00 -5.23126279e-04 
 1.32000000e+00  1.32000000e+00  1.32000000e+00 -5.31597799e-04 
 1.33000000e+00  1.33000000e+00  1.33000000e+00 -5.40073159e-04 
 1.34000000e+00  1.34000000e+00  1.34000000e+00 -5.48551771e-04 
 1.35000000e+00  1.35000000e+00  1.35000000e+00 -5.57033066e-04 
 1.36000000e+00  1.36000000e+00  1.36000000e+00 -5.65516487e-04 
 1.37000000e+00  1.37000000e+00  1.37000000e+00 -5.74001494e-04 
 1.38000000e+00  1.38000000e+00  1.38000000e+00 -5.82487557e-04 
 1.39000000e+00  1.39000000e+00  1.39000000e+00 -5.90974166e-04 
 1.40000000e+00  1.40000000e+00  1.40000000e+00 -5.99460819e-04 
 1.41000000e+00  1.41000000e+00  1.41000000e+00 -6.07947031e-04 
 1.42000000e+00  1.42000000e+00  1.42000000e+00 -6.16432331e-04 
 1.43000000e+00  1.43000000e+00  1.43000000e+00 -6.24916260e-04 
 1.44000000e+00  1.44000000e+00  1.44000000e+00 -6.33398371e-04 
 1.45000000e+00  1.45000000e+00  1.45000000e+00 -6.41878231e-04 
 1.46000000e+00  1.46000000e+00  1.46000000e+00 -6.50355420e-04 
 1.47000000e+00  1.47000000e+00  1.47000000e+00 -6.58829530e-04 
 1.48000000e+00  1.48000000e+00  1.48000000e+00 -6.67300162e-04 
 1.49000000e+00  1.49000000e+00  1.49000000e+00 -6.75766933e-04 
 1.50000000e+00  1.50000000e+00  1.50000000e+00 -6.84229470e-04 
 1.51000000e+00  1.51000000e+00  1.51000000e+00 -6.92687408e-04 
 1.52000000e+00  1.52000000e+00  1.52000000e+00 -7.01140398e-04 
 1.53000000e+00  1.53000000e+00  1.53000000e+00 -7.09588097e-04 
 1.54000000e+00  1.54000000e+00  1.54000000e+00 -7.18030175e-04 
 1.55000000e+00  1.55000000e+00  1.55000000e+00 -7.26466311e-04 
 1.56000000e+00  1.56000000e+00  1.56000000e+00 -7.34896194e-04 
 1.57000000e+00  1.57000000e+00  1.57000000e+00 -7.43319522e-04 
 1.58000000e+00  1.58000000e+00  1.58000000e+00 -7.51736003e-04 
 1.59000000e+00  1.59000000e+00  1.59000000e+00 -7.60145352e-04 
 1.60000000e+00  1.60000000e+00  1.60000000e+00 -7.68547297e-04 
 1.61000000e+00  1.61000000e+00  1.61000000e+00 -7.76941569e-04 
 1.62000000e+00  1.62000000e+00  1.62000000e+00 -7.85327911e-04 
 1.63000000e+00  1.63000000e+00  1.63000000e+00 -7.93706073e-04 
 1.64000000e+00  1.64000000e+00  1.64000000e+00 -8.02075812e-04 
 1.65000000e+00  1.65000000e+00  1.65000000e+00 -8.10436894e-04 
 1.66000000e+00  1.66000000e+00  1.66000000e+00 -8.18789090e-04 
 1.67000000e+00  1.67000000e+00  1.67000000e+00 -8.27132180e-04 
 1.68000000e+00  1.68000000e+00  1.68000000e+00 -8.35465951e-04 
 1.69000000e+00  1.69000000e+00  1.69000000e+00 -8.43790196e-04 
 1.70000000e+00  1.70000000e+00  1.70000000e+00 -8.52104713e-04 
 1.71000000e+00  1.71000000e+00  1.71000000e+00 -8.60409310e-04 
 1.72000000e+00  1.72000000e+00  1.72000000e+00 -8.68703796e-04 
 1.73000000e+00  1.73000000e+00  1.73000000e+00 -8.76987991e-04 
 1.74000000e+00  1.74000000e+00  1.74000000e+00 -8.85261717e-04 
 1.75000000e+00  1.75000000e+00  1.75000000e+00 -8.93524803e-04 
 1.76000000e+00  1.76000000e+00  1.76000000e+00 -9.01777083e-04 
 1.77000000e+00  1.77000000e+00  1.77000000e+00 -9.10018398e-04 
 1.78000000e+00  1.78000000e+00  1.78000000e+00 -9.18248591e-04 
 1.79000000e+00  1.79000000e+00  1.79000000e+00 -9.26467512e-04 
 1.80000000e+00  1.80000000e+00  1.80000000e+00 -9.34675014e-04 
 1.81000000e+00  1.81000000e+00  1.81000000e+00 -9.42870957e-04 
 1.82000000e+00  1.82000000e+00  1.82000000e+00 -9.51055203e-04 
 1.83000000e+00  1.83000000e+00  1.83000000e+00 -9.59227620e-04 
 1.84000000e+00  1.84000000e+00  1.84000000e+00 -9.67388080e-04 
 1.85000000e+00  1.85000000e+00  1.85000000e+00 -9.75536457e-04 
