 0.00000000e+00  0.00000000e+00  0.00000000e+00 -5.34359829e-43 
 1.00000000e-02  1.00000000e-02  1.00000000e-02 -2.00826208e-05 
 2.00000000e-02  2.00000000e-02  2.00000000e-02 -3.92705704e-05 
 3.00000000e-02  3.00000000e-02  3.00000000e-02 -5.74732366e-05 
 4.00000000e-02  4.00000000e-02  4.00000000e-02 -7.46523860e-05 
 5.00000000e-02  5.00000000e-02  5.00000000e-02 -9.07979527e-05 
 6.00000000e-02  6.00000000e-02  6.00000000e-02 -1.05917675e-04 
 7.00000000e-02  7.00000000e-02  7.00000000e-02 -1.20031927e-04 
 8.00000000e-02  8.00000000e-02  8.00000000e-02 -1.33170735e-04 
 9.00000000e-02  9.00000000e-02  9.00000000e-02 -1.45371740e-04 
 1.00000000e-01  1.00000000e-01  1.00000000e-01 -1.56678563e-04 
 1.10000000e-01  1.10000000e-01  1.10000000e-01 -1.67139331e-04 
 1.20000000e-01  1.20000000e-01  1.20000000e-01 -1.76805276e-04 
 1.30000000e-01  1.30000000e-01  1.30000000e-01 -1.85729410e-04 
 1.40000000e-01  1.40000000e-01  1.40000000e-01 -1.93965290e-04 
 1.50000000e-01  1.50000000e-01  1.50000000e-01 -2.01565935e-04 
 1.60000000e-01  1.60000000e-01  1.60000000e-01 -2.08582912e-04 
 1.70000000e-01  1.70000000e-01  1.70000000e-01 -2.15065620e-04 
 1.80000000e-01  1.80000000e-01  1.80000000e-01 -2.21060771e-04 
 1.90000000e-01  1.90000000e-01  1.90000000e-01 -2.26612041e-04 
 2.00000000e-01  2.00000000e-01  2.00000000e-01 -2.31759894e-04 
 2.10000000e-01  2.10000000e-01  2.10000000e-01 -2.36541531e-04 
 2.20000000e-01  2.20000000e-01  2.20000000e-01 -2.40990932e-04 
 2.30000000e-01  2.30000000e-01  2.30000000e-01 -2.45138984e-04 
 2.40000000e-01  2.40000000e-01  2.40000000e-01 -2.49013649e-04 
 2.50000000e-01  2.50000000e-01  2.50000000e-01 -2.52640166e-04 
 2.60000000e-01  2.60000000e-01  2.60000000e-01 -2.56041264e-04 
 2.70000000e-01  2.70000000e-01  2.70000000e-01 -2.59237385e-04 
 2.80000000e-01  2.80000000e-01  2.80000000e-01 -2.62246893e-04 
 2.90000000e-01  2.90000000e-01  2.90000000e-01 -2.65086282e-04 
 3.00000000e-01  3.00000000e-01  3.00000000e-01 -2.67770361e-04 
 3.10000000e-01  3.10000000e-01  3.10000000e-01 -2.70312438e-04 
 3.20000000e-01  3.20000000e-01  3.20000000e-01 -2.72724473e-04 
 3.30000000e-01  3.30000000e-01  3.30000000e-01 -2.75017227e-04 
 3.40000000e-01  3.40000000e-01  3.40000000e-01 -2.77200390e-04 
 3.50000000e-01  3.50000000e-01  3.50000000e-01 -2.79282699e-04 
 3.60000000e-01  3.60000000e-01  3.60000000e-01 -2.81272043e-04 
 3.70000000e-01  3.70000000e-01  3.70000000e-01 -2.83175551e-04 
 3.80000000e-01  3.80000000e-01  3.80000000e-01 -2.84999679e-04 
 3.90000000e-01  3.90000000e-01  3.90000000e-01 -2.86750280e-04 
 4.00000000e-01  4.00000000e-01  4.00000000e-01 -2.88432669e-04 
 4.10000000e-01  4.10000000e-01  4.10000000e-01 -2.90051679e-04 
 4.20000000e-01  4.20000000e-01  4.20000000e-01 -2.91611712e-04 
 4.30000000e-01  4.30000000e-01  4.30000000e-01 -2.93116784e-04 
 4.40000000e-01  4.40000000e-01  4.40000000e-01 -2.94570564e-04 
 4.50000000e-01  4.50000000e-01  4.50000000e-01 -2.95976410e-04 
 4.60000000e-01  4.60000000e-01  4.60000000e-01 -2.97337399e-04 
 4.70000000e-01  4.70000000e-01  4.70000000e-01 -2.98656355e-04 
 4.80000000e-01  4.80000000e-01  4.80000000e-01 -2.99935874e-04 
 4.90000000e-01  4.90000000e-01  4.90000000e-01 -3.01178344e-04 
 5.00000000e-01  5.00000000e-01  5.00000000e-01 -3.02385969e-04 
 5.10000000e-01  5.10000000e-01  5.10000000e-01 -3.03560781e-04 
 5.20000000e-01  5.20000000e-01  5.20000000e-01 -3.04704660e-04 
 5.30000000e-01  5.30000000e-01  5.30000000e-01 -3.05819345e-04 
 5.40000000e-01  5.40000000e-01  5.40000000e-01 -3.06906448e-04 
 5.50000000e-01  5.50000000e-01  5.50000000e-01 -3.07967465e-04 
 5.60000000e-01  5.60000000e-01  5.60000000e-01 -3.09003785e-04 
 5.70000000e-01  5.70000000e-01  5.70000000e-01 -3.10016702e-04 
 5.80000000e-01  5.80000000e-01  5.80000000e-01 -3.11007420e-04 
 5.90000000e-01  5.90000000e-01  5.90000000e-01 -3.11977060e-04 
 6.00000000e-01  6.00000000e-01  6.00000000e-01 -3.12926671e-04 
 6.10000000e-01  6.10000000e-01  6.10000000e-01 -3.13857232e-04 
 6.20000000e-01  6.20000000e-01  6.20000000e-01 -3.14769660e-04 
 6.30000000e-01  6.30000000e-01  6.30000000e-01 -3.15664811e-04 
 6.40000000e-01  6.40000000e-01  6.40000000e-01 -3.16543491e-04 
 6.50000000e-01  6.50000000e-01  6.50000000e-01 -3.17406453e-04 
 6.60000000e-01  6.60000000e-01  6.60000000e-01 -3.18254407e-04 
 6.70000000e-01  6.70000000e-01  6.70000000e-01 -3.19088017e-04 
 6.80000000e-01  6.80000000e-01  6.80000000e-01 -3.19907913e-04 
 6.90000000e-01  6.90000000e-01  6.90000000e-01 -3.20714683e-04 
 7.00000000e-01  7.00000000e-01  7.00000000e-01 -3.21508884e-04 
 7.10000000e-01  7.10000000e-01  7.10000000e-01 -3.22291042e-04 
 7.20000000e-01  7.20000000e-01  7.20000000e-01 -3.23061652e-04 
 7.30000000e-01  7.30000000e-01  7.30000000e-01 -3.23821183e-04 
 7.40000000e-01  7.40000000e-01  7.40000000e-01 -3.24570078e-04 
 7.50000000e-01  7.50000000e-01  7.50000000e-01 -3.25308756e-04 
 7.60000000e-01  7.60000000e-01  7.60000000e-01 -3.26037614e-04 
 7.70000000e-01  7.70000000e-01  7.70000000e-01 -3.26757030e-04 
 7.80000000e-01  7.80000000e-01  7.80000000e-01 -3.27467359e-04 
 7.90000000e-01  7.90000000e-01  7.90000000e-01 -3.28168942e-04 
 8.00000000e-01  8.00000000e-01  8.00000000e-01 -3.28862099e-04 
 8.10000000e-01  8.10000000e-01  8.10000000e-01 -3.29547138e-04 
 8.20000000e-01  8.20000000e-01  8.20000000e-01 -3.30224349e-04 
 8.30000000e-01  8.30000000e-01  8.30000000e-01 -3.30894009e-04 
 8.40000000e-01  8.40000000e-01  8.40000000e-01 -3.31556382e-04 
 8.50000000e-01  8.50000000e-01  8.50000000e-01 -3.32211720e-04 
 8.60000000e-01  8.60000000e-01  8.60000000e-01 -3.32860261e-04 
 8.70000000e-01  8.70000000e-01  8.70000000e-01 -3.33502236e-04 
 8.80000000e-01  8.80000000e-01  8.80000000e-01 -3.34137862e-04 
 8.90000000e-01  8.90000000e-01  8.90000000e-01 -3.34767348e-04 
 9.00000000e-01  9.00000000e-01  9.00000000e-01 -3.35390892e-04 
 9.10000000e-01  9.10000000e-01  9.10000000e-01 -3.36008686e-04 
 9.20000000e-01  9.20000000e-01  9.20000000e-01 -3.36620911e-04 
 9.30000000e-01  9.30000000e-01  9.30000000e-01 -3.37227743e-04 
 9.40000000e-01  9.40000000e-01  9.40000000e-01 -3.37829347e-04 
 9.50000000e-01  9.50000000e-01  9.50000000e-01 -3.38425884e-04 
 9.60000000e-01  9.60000000e-01  9.60000000e-01 -3.39017508e-04 
 9.70000000e-01  9.70000000e-01  9.70000000e-01 -3.39604365e-04 
 9.80000000e-01  9.80000000e-01  9.80000000e-01 -3.40186596e-04 
 9.90000000e-01  9.90000000e-01  9.90000000e-01 -3.40764337e-04 
 1.00000000e+00  1.00000000e+00  1.00000000e+00 -3.41337719e-04 
 1.01000000e+00  1.01000000e+00  1.01000000e+00 -3.41906865e-04 
 1.02000000e+00  1.02000000e+00  1.02000000e+00 -3.42471896e-04 
 1.03000000e+00  1.03000000e+00  1.03000000e+00 -3.43032927e-04 
 1.04000000e+00  1.04000000e+00  1.04000000e+00 -3.43590070e-04 
 1.05000000e+00  1.05000000e+00  1.05000000e+00 -3.44143431e-04 
 1.06000000e+00  1.06000000e+00  1.06000000e+00 -3.44693113e-04 
 1.07000000e+00  1.07000000e+00  1.07000000e+00 -3.45239216e-04 
 1.08000000e+00  1.08000000e+00  1.08000000e+00 -3.45781834e-04 
 1.09000000e+00  1.09000000e+00  1.09000000e+00 -3.46321059e-04 
 1.10000000e+00  1.10000000e+00  1.10000000e+00 -3.46856981e-04 
 1.11000000e+00  1.11000000e+00  1.11000000e+00 -3.47389684e-04 
 1.12000000e+00  1.12000000e+00  1.12000000e+00 -3.47919251e-04 
 1.13000000e+00  1.13000000e+00  1.13000000e+00 -3.48445762e-04 
 1.14000000e+00  1.14000000e+00  1.14000000e+00 -3.48969294e-04 
 1.15000000e+00  1.15000000e+00  1.15000000e+00 -3.49489921e-04 
 1.16000000e+00  1.16000000e+00  1.16000000e+00 -3.50007714e-04 
 1.17000000e+00  1.17000000e+00  1.17000000e+00 -3.50522743e-04 
 1.18000000e+00  1.18000000e+00  1.18000000e+00 -3.51035075e-04 
 1.19000000e+00  1.19000000e+00  1.19000000e+00 -3.51544774e-04 
 1.20000000e+00  1.20000000e+00  1.20000000e+00 -3.52051904e-04 
 1.21000000e+00  1.21000000e+00  1.21000000e+00 -3.52556525e-04 
 1.22000000e+00  1.22000000e+00  1.22000000e+00 -3.53058696e-04 
 1.23000000e+00  1.23000000e+00  1.23000000e+00 -3.53558473e-04 
 1.24000000e+00  1.24000000e+00  1.24000000e+00 -3.54055912e-04 
 1.25000000e+00  1.25000000e+00  1.25000000e+00 -3.54551065e-04 
 1.26000000e+00  1.26000000e+00  1.26000000e+00 -3.55043986e-04 
 1.27000000e+00  1.27000000e+00  1.27000000e+00 -3.55534724e-04 
 1.28000000e+00  1.28000000e+00  1.28000000e+00 -3.56023327e-04 
 1.29000000e+00  1.29000000e+00  1.29000000e+00 -3.56509843e-04 
 1.30000000e+00  1.30000000e+00  1.30000000e+00 -3.56994318e-04 
 1.31000000e+00  1.31000000e+00  1.31000000e+00 -3.57476797e-04 
 1.32000000e+00  1.32000000e+00  1.32000000e+00 -3.57957322e-04 
 1.33000000e+00  1.33000000e+00  1.33000000e+00 -3.58435936e-04 
 1.34000000e+00  1.34000000e+00  1.34000000e+00 -3.58912680e-04 
 1.35000000e+00  1.35000000e+00  1.35000000e+00 -3.59387594e-04 
 1.36000000e+00  1.36000000e+00  1.36000000e+00 -3.59860716e-04 
 1.37000000e+00  1.37000000e+00  1.37000000e+00 -3.60332085e-04 
 1.38000000e+00  1.38000000e+00  1.38000000e+00 -3.60801738e-04 
 1.39000000e+00  1.39000000e+00  1.39000000e+00 -3.61269711e-04 
 1.40000000e+00  1.40000000e+00  1.40000000e+00 -3.61736038e-04 
 1.41000000e+00  1.41000000e+00  1.41000000e+00 -3.62200756e-04 
 1.42000000e+00  1.42000000e+00  1.42000000e+00 -3.62663897e-04 
 1.43000000e+00  1.43000000e+00  1.43000000e+00 -3.63125495e-04 
 1.44000000e+00  1.44000000e+00  1.44000000e+00 -3.63585583e-04 
 1.45000000e+00  1.45000000e+00  1.45000000e+00 -3.64044192e-04 
 1.46000000e+00  1.46000000e+00  1.46000000e+00 -3.64501355e-04 
 1.47000000e+00  1.47000000e+00  1.47000000e+00 -3.64957103e-04 
 1.48000000e+00  1.48000000e+00  1.48000000e+00 -3.65411466e-04 
 1.49000000e+00  1.49000000e+00  1.49000000e+00 -3.65864476e-04 
 1.50000000e+00  1.50000000e+00  1.50000000e+00 -3.66316162e-04 
 1.51000000e+00  1.51000000e+00  1.51000000e+00 -3.66766556e-04 
 1.52000000e+00  1.52000000e+00  1.52000000e+00 -3.67215688e-04 
 1.53000000e+00  1.53000000e+00  1.53000000e+00 -3.67663587e-04 
 1.54000000e+00  1.54000000e+00  1.54000000e+00 -3.68110285e-04 
 1.55000000e+00  1.55000000e+00  1.55000000e+00 -3.68555813e-04 
 1.56000000e+00  1.56000000e+00  1.56000000e+00 -3.69000200e-04 
 1.57000000e+00  1.57000000e+00  1.57000000e+00 -3.69443479e-04 
 1.58000000e+00  1.58000000e+00  1.58000000e+00 -3.69885681e-04 
 1.59000000e+00  1.59000000e+00  1.59000000e+00 -3.70326840e-04 
 1.60000000e+00  1.60000000e+00  1.60000000e+00 -3.70766987e-04 
 1.61000000e+00  1.61000000e+00  1.61000000e+00 -3.71206157e-04 
 1.62000000e+00  1.62000000e+00  1.62000000e+00 -3.71644385e-04 
 1.63000000e+00  1.63000000e+00  1.63000000e+00 -3.72081707e-04 
 1.64000000e+00  1.64000000e+00  1.64000000e+00 -3.72518161e-04 
 1.65000000e+00  1.65000000e+00  1.65000000e+00 -3.72953784e-04 
 1.66000000e+00  1.66000000e+00  1.66000000e+00 -3.73388617e-04 
 1.67000000e+00  1.67000000e+00  1.67000000e+00 -3.73822702e-04 
 1.68000000e+00  1.68000000e+00  1.68000000e+00 -3.74256083e-04 
 1.69000000e+00  1.69000000e+00  1.69000000e+00 -3.74688804e-04 
 1.70000000e+00  1.70000000e+00  1.70000000e+00 -3.75120914e-04 
 1.71000000e+00  1.71000000e+00  1.71000000e+00 -3.75552463e-04 
 1.72000000e+00  1.72000000e+00  1.72000000e+00 -3.75983503e-04 
 1.73000000e+00  1.73000000e+00  1.73000000e+00 -3.76414091e-04 
 1.74000000e+00  1.74000000e+00  1.74000000e+00 -3.76844285e-04 
 1.75000000e+00  1.75000000e+00  1.75000000e+00 -3.77274146e-04 
 1.76000000e+00  1.76000000e+00  1.76000000e+00 -3.77703740e-04 
 1.77000000e+00  1.77000000e+00  1.77000000e+00 -3.78133136e-04 
 1.78000000e+00  1.78000000e+00  1.78000000e+00 -3.78562406e-04 
 1.79000000e+00  1.79000000e+00  1.79000000e+00 -3.78991628e-04 
 1.80000000e+00  1.80000000e+00  1.80000000e+00 -3.79420883e-04 
