 0.00000000e+00  0.00000000e+00  0.00000000e+00 -1.85137524e-12 
 1.00000000e-02  1.00000000e-02  1.00000000e-02 -1.85137525e-12 
 2.00000000e-02  2.00000000e-02  2.00000000e-02 -1.85137530e-12 
 3.00000000e-02  3.00000000e-02  3.00000000e-02 -1.85137536e-12 
 4.00000000e-02  4.00000000e-02  4.00000000e-02 -1.85137546e-12 
 5.00000000e-02  5.00000000e-02  5.00000000e-02 -1.85137561e-12 
 6.00000000e-02  6.00000000e-02  6.00000000e-02 -1.85137587e-12 
 7.00000000e-02  7.00000000e-02  7.00000000e-02 -1.85137629e-12 
 8.00000000e-02  8.00000000e-02  8.00000000e-02 -1.85137696e-12 
 9.00000000e-02  9.00000000e-02  9.00000000e-02 -1.85137805e-12 
 1.00000000e-01  1.00000000e-01  1.00000000e-01 -1.85137981e-12 
 1.10000000e-01  1.10000000e-01  1.10000000e-01 -1.85138268e-12 
 1.20000000e-01  1.20000000e-01  1.20000000e-01 -1.85138731e-12 
 1.30000000e-01  1.30000000e-01  1.30000000e-01 -1.85139482e-12 
 1.40000000e-01  1.40000000e-01  1.40000000e-01 -1.85140699e-12 
 1.50000000e-01  1.50000000e-01  1.50000000e-01 -1.85142670e-12 
 1.60000000e-01  1.60000000e-01  1.60000000e-01 -1.85145863e-12 
 1.70000000e-01  1.70000000e-01  1.70000000e-01 -1.85151036e-12 
 1.80000000e-01  1.80000000e-01  1.80000000e-01 -1.85159417e-12 
 1.90000000e-01  1.90000000e-01  1.90000000e-01 -1.85172995e-12 
 2.00000000e-01  2.00000000e-01  2.00000000e-01 -1.85194991e-12 
 2.10000000e-01  2.10000000e-01  2.10000000e-01 -1.85230626e-12 
 2.20000000e-01  2.20000000e-01  2.20000000e-01 -1.85288357e-12 
 2.30000000e-01  2.30000000e-01  2.30000000e-01 -1.85381883e-12 
 2.40000000e-01  2.40000000e-01  2.40000000e-01 -1.85533399e-12 
 2.50000000e-01  2.50000000e-01  2.50000000e-01 -1.85778861e-12 
 2.60000000e-01  2.60000000e-01  2.60000000e-01 -1.86176518e-12 
 2.70000000e-01  2.70000000e-01  2.70000000e-01 -1.86820731e-12 
 2.80000000e-01  2.80000000e-01  2.80000000e-01 -1.87864365e-12 
 2.90000000e-01  2.90000000e-01  2.90000000e-01 -1.89555056e-12 
 3.00000000e-01  3.00000000e-01  3.00000000e-01 -1.92293950e-12 
 3.10000000e-01  3.10000000e-01  3.10000000e-01 -1.96730868e-12 
 3.20000000e-01  3.20000000e-01  3.20000000e-01 -2.03918412e-12 
 3.30000000e-01  3.30000000e-01  3.30000000e-01 -2.15561575e-12 
 3.40000000e-01  3.40000000e-01  3.40000000e-01 -2.34421954e-12 
 3.50000000e-01  3.50000000e-01  3.50000000e-01 -2.64972275e-12 
 3.60000000e-01  3.60000000e-01  3.60000000e-01 -3.14456102e-12 
 3.70000000e-01  3.70000000e-01  3.70000000e-01 -3.94603238e-12 
 3.80000000e-01  3.80000000e-01  3.80000000e-01 -5.24405963e-12 
 3.90000000e-01  3.90000000e-01  3.90000000e-01 -7.34610850e-12 
 4.00000000e-01  4.00000000e-01  4.00000000e-01 -1.07498379e-11 
 4.10000000e-01  4.10000000e-01  4.10000000e-01 -1.62605505e-11 
 4.20000000e-01  4.20000000e-01  4.20000000e-01 -2.51809630e-11 
 4.30000000e-01  4.30000000e-01  4.30000000e-01 -3.96176039e-11 
 4.40000000e-01  4.40000000e-01  4.40000000e-01 -6.29750607e-11 
 4.50000000e-01  4.50000000e-01  4.50000000e-01 -1.00752320e-10 
 4.60000000e-01  4.60000000e-01  4.60000000e-01 -1.61823955e-10 
 4.70000000e-01  4.70000000e-01  4.70000000e-01 -2.60497518e-10 
 4.80000000e-01  4.80000000e-01  4.80000000e-01 -4.19809647e-10 
 4.90000000e-01  4.90000000e-01  4.90000000e-01 -6.76791063e-10 
 5.00000000e-01  5.00000000e-01  5.00000000e-01 -1.09084534e-09 
 5.10000000e-01  5.10000000e-01  5.10000000e-01 -1.75702108e-09 
 5.20000000e-01  5.20000000e-01  5.20000000e-01 -2.82691419e-09 
 5.30000000e-01  5.30000000e-01  5.30000000e-01 -4.54135216e-09 
 5.40000000e-01  5.40000000e-01  5.40000000e-01 -7.28105709e-09 
 5.50000000e-01  5.50000000e-01  5.50000000e-01 -1.16443529e-08 
 5.60000000e-01  5.60000000e-01  5.60000000e-01 -1.85648722e-08 
 5.70000000e-01  5.70000000e-01  5.70000000e-01 -2.94872996e-08 
 5.80000000e-01  5.80000000e-01  5.80000000e-01 -4.66255913e-08 
 5.90000000e-01  5.90000000e-01  5.90000000e-01 -7.33360235e-08 
 6.00000000e-01  6.00000000e-01  6.00000000e-01 -1.14647320e-07 
 6.10000000e-01  6.10000000e-01  6.10000000e-01 -1.78003042e-07 
 6.20000000e-01  6.20000000e-01  6.20000000e-01 -2.74288454e-07 
 6.30000000e-01  6.30000000e-01  6.30000000e-01 -4.19232756e-07 
 6.40000000e-01  6.40000000e-01  6.40000000e-01 -6.35282145e-07 
 6.50000000e-01  6.50000000e-01  6.50000000e-01 -9.53985918e-07 
 6.60000000e-01  6.60000000e-01  6.60000000e-01 -1.41874997e-06 
 6.70000000e-01  6.70000000e-01  6.70000000e-01 -2.08742069e-06 
 6.80000000e-01  6.80000000e-01  6.80000000e-01 -3.03361904e-06 
 6.90000000e-01  6.90000000e-01  6.90000000e-01 -4.34534362e-06 
 7.00000000e-01  7.00000000e-01  7.00000000e-01 -6.11958900e-06 
 7.10000000e-01  7.10000000e-01  7.10000000e-01 -8.45289226e-06 
 7.20000000e-01  7.20000000e-01  7.20000000e-01 -1.14294980e-05 
 7.30000000e-01  7.30000000e-01  7.30000000e-01 -1.51102353e-05 
 7.40000000e-01  7.40000000e-01  7.40000000e-01 -1.95252662e-05 
 7.50000000e-01  7.50000000e-01  7.50000000e-01 -2.46724707e-05 
 7.60000000e-01  7.60000000e-01  7.60000000e-01 -3.05212042e-05 
 7.70000000e-01  7.70000000e-01  7.70000000e-01 -3.70196022e-05 
 7.80000000e-01  7.80000000e-01  7.80000000e-01 -4.41030951e-05 
 7.90000000e-01  7.90000000e-01  7.90000000e-01 -5.17022140e-05 
 8.00000000e-01  8.00000000e-01  8.00000000e-01 -5.97486058e-05 
 8.10000000e-01  8.10000000e-01  8.10000000e-01 -6.81789703e-05 
 8.20000000e-01  8.20000000e-01  8.20000000e-01 -7.69371494e-05 
 8.30000000e-01  8.30000000e-01  8.30000000e-01 -8.59748256e-05 
 8.40000000e-01  8.40000000e-01  8.40000000e-01 -9.52513118e-05 
 8.50000000e-01  8.50000000e-01  8.50000000e-01 -1.04732831e-04 
 8.60000000e-01  8.60000000e-01  8.60000000e-01 -1.14391575e-04 
 8.70000000e-01  8.70000000e-01  8.70000000e-01 -1.24204722e-04 
 8.80000000e-01  8.80000000e-01  8.80000000e-01 -1.34153523e-04 
 8.90000000e-01  8.90000000e-01  8.90000000e-01 -1.44222502e-04 
 9.00000000e-01  9.00000000e-01  9.00000000e-01 -1.54398783e-04 
 9.10000000e-01  9.10000000e-01  9.10000000e-01 -1.64671548e-04 
 9.20000000e-01  9.20000000e-01  9.20000000e-01 -1.75031599e-04 
 9.30000000e-01  9.30000000e-01  9.30000000e-01 -1.85471022e-04 
 9.40000000e-01  9.40000000e-01  9.40000000e-01 -1.95982917e-04 
 9.50000000e-01  9.50000000e-01  9.50000000e-01 -2.06561203e-04 
 9.60000000e-01  9.60000000e-01  9.60000000e-01 -2.17200458e-04 
 9.70000000e-01  9.70000000e-01  9.70000000e-01 -2.27895798e-04 
 9.80000000e-01  9.80000000e-01  9.80000000e-01 -2.38642795e-04 
 9.90000000e-01  9.90000000e-01  9.90000000e-01 -2.49437404e-04 
 1.00000000e+00  1.00000000e+00  1.00000000e+00 -2.60275908e-04 
 1.01000000e+00  1.01000000e+00  1.01000000e+00 -2.71154881e-04 
 1.02000000e+00  1.02000000e+00  1.02000000e+00 -2.82071150e-04 
 1.03000000e+00  1.03000000e+00  1.03000000e+00 -2.93021770e-04 
 1.04000000e+00  1.04000000e+00  1.04000000e+00 -3.04004002e-04 
 1.05000000e+00  1.05000000e+00  1.05000000e+00 -3.15015298e-04 
 1.06000000e+00  1.06000000e+00  1.06000000e+00 -3.26053281e-04 
 1.07000000e+00  1.07000000e+00  1.07000000e+00 -3.37115735e-04 
 1.08000000e+00  1.08000000e+00  1.08000000e+00 -3.48200589e-04 
 1.09000000e+00  1.09000000e+00  1.09000000e+00 -3.59305913e-04 
 1.10000000e+00  1.10000000e+00  1.10000000e+00 -3.70429902e-04 
 1.11000000e+00  1.11000000e+00  1.11000000e+00 -3.81570870e-04 
 1.12000000e+00  1.12000000e+00  1.12000000e+00 -3.92727242e-04 
 1.13000000e+00  1.13000000e+00  1.13000000e+00 -4.03897546e-04 
 1.14000000e+00  1.14000000e+00  1.14000000e+00 -4.15080407e-04 
 1.15000000e+00  1.15000000e+00  1.15000000e+00 -4.26274538e-04 
 1.16000000e+00  1.16000000e+00  1.16000000e+00 -4.37478736e-04 
 1.17000000e+00  1.17000000e+00  1.17000000e+00 -4.48691878e-04 
 1.18000000e+00  1.18000000e+00  1.18000000e+00 -4.59912910e-04 
 1.19000000e+00  1.19000000e+00  1.19000000e+00 -4.71140849e-04 
 1.20000000e+00  1.20000000e+00  1.20000000e+00 -4.82374774e-04 
 1.21000000e+00  1.21000000e+00  1.21000000e+00 -4.93613823e-04 
 1.22000000e+00  1.22000000e+00  1.22000000e+00 -5.04857189e-04 
 1.23000000e+00  1.23000000e+00  1.23000000e+00 -5.16104117e-04 
 1.24000000e+00  1.24000000e+00  1.24000000e+00 -5.27353899e-04 
 1.25000000e+00  1.25000000e+00  1.25000000e+00 -5.38605871e-04 
 1.26000000e+00  1.26000000e+00  1.26000000e+00 -5.49859413e-04 
 1.27000000e+00  1.27000000e+00  1.27000000e+00 -5.61113943e-04 
 1.28000000e+00  1.28000000e+00  1.28000000e+00 -5.72368915e-04 
 1.29000000e+00  1.29000000e+00  1.29000000e+00 -5.83623816e-04 
 1.30000000e+00  1.30000000e+00  1.30000000e+00 -5.94878167e-04 
 1.31000000e+00  1.31000000e+00  1.31000000e+00 -6.06131519e-04 
 1.32000000e+00  1.32000000e+00  1.32000000e+00 -6.17383447e-04 
 1.33000000e+00  1.33000000e+00  1.33000000e+00 -6.28633558e-04 
 1.34000000e+00  1.34000000e+00  1.34000000e+00 -6.39881477e-04 
 1.35000000e+00  1.35000000e+00  1.35000000e+00 -6.51126858e-04 
 1.36000000e+00  1.36000000e+00  1.36000000e+00 -6.62369371e-04 
 1.37000000e+00  1.37000000e+00  1.37000000e+00 -6.73608711e-04 
 1.38000000e+00  1.38000000e+00  1.38000000e+00 -6.84844588e-04 
 1.39000000e+00  1.39000000e+00  1.39000000e+00 -6.96076731e-04 
 1.40000000e+00  1.40000000e+00  1.40000000e+00 -7.07304887e-04 
 1.41000000e+00  1.41000000e+00  1.41000000e+00 -7.18528816e-04 
 1.42000000e+00  1.42000000e+00  1.42000000e+00 -7.29748296e-04 
 1.43000000e+00  1.43000000e+00  1.43000000e+00 -7.40963115e-04 
 1.44000000e+00  1.44000000e+00  1.44000000e+00 -7.52173078e-04 
 1.45000000e+00  1.45000000e+00  1.45000000e+00 -7.63377997e-04 
 1.46000000e+00  1.46000000e+00  1.46000000e+00 -7.74577701e-04 
 1.47000000e+00  1.47000000e+00  1.47000000e+00 -7.85772027e-04 
 1.48000000e+00  1.48000000e+00  1.48000000e+00 -7.96960821e-04 
 1.49000000e+00  1.49000000e+00  1.49000000e+00 -8.08143941e-04 
 1.50000000e+00  1.50000000e+00  1.50000000e+00 -8.19321252e-04 
 1.51000000e+00  1.51000000e+00  1.51000000e+00 -8.30492630e-04 
 1.52000000e+00  1.52000000e+00  1.52000000e+00 -8.41657956e-04 
 1.53000000e+00  1.53000000e+00  1.53000000e+00 -8.52817120e-04 
 1.54000000e+00  1.54000000e+00  1.54000000e+00 -8.63970020e-04 
 1.55000000e+00  1.55000000e+00  1.55000000e+00 -8.75116558e-04 
 1.56000000e+00  1.56000000e+00  1.56000000e+00 -8.86256644e-04 
 1.57000000e+00  1.57000000e+00  1.57000000e+00 -8.97390195e-04 
 1.58000000e+00  1.58000000e+00  1.58000000e+00 -9.08517131e-04 
 1.59000000e+00  1.59000000e+00  1.59000000e+00 -9.19637378e-04 
 1.60000000e+00  1.60000000e+00  1.60000000e+00 -9.30750869e-04 
 1.61000000e+00  1.61000000e+00  1.61000000e+00 -9.41857540e-04 
 1.62000000e+00  1.62000000e+00  1.62000000e+00 -9.52957329e-04 
 1.63000000e+00  1.63000000e+00  1.63000000e+00 -9.64050183e-04 
 1.64000000e+00  1.64000000e+00  1.64000000e+00 -9.75136049e-04 
 1.65000000e+00  1.65000000e+00  1.65000000e+00 -9.86214879e-04 
 1.66000000e+00  1.66000000e+00  1.66000000e+00 -9.97286628e-04 
 1.67000000e+00  1.67000000e+00  1.67000000e+00 -1.00835126e-03 
 1.68000000e+00  1.68000000e+00  1.68000000e+00 -1.01940872e-03 
 1.69000000e+00  1.69000000e+00  1.69000000e+00 -1.03045899e-03 
 1.70000000e+00  1.70000000e+00  1.70000000e+00 -1.04150203e-03 
 1.71000000e+00  1.71000000e+00  1.71000000e+00 -1.05253781e-03 
 1.72000000e+00  1.72000000e+00  1.72000000e+00 -1.06356630e-03 
 1.73000000e+00  1.73000000e+00  1.73000000e+00 -1.07458748e-03 
 1.74000000e+00  1.74000000e+00  1.74000000e+00 -1.08560132e-03 
 1.75000000e+00  1.75000000e+00  1.75000000e+00 -1.09660780e-03 
 1.76000000e+00  1.76000000e+00  1.76000000e+00 -1.10760689e-03 
 1.77000000e+00  1.77000000e+00  1.77000000e+00 -1.11859858e-03 
 1.78000000e+00  1.78000000e+00  1.78000000e+00 -1.12958286e-03 
 1.79000000e+00  1.79000000e+00  1.79000000e+00 -1.14055970e-03 
 1.80000000e+00  1.80000000e+00  1.80000000e+00 -1.15152909e-03 
 1.81000000e+00  1.81000000e+00  1.81000000e+00 -1.16249102e-03 
 1.82000000e+00  1.82000000e+00  1.82000000e+00 -1.17344548e-03 
 1.83000000e+00  1.83000000e+00  1.83000000e+00 -1.18439245e-03 
 1.84000000e+00  1.84000000e+00  1.84000000e+00 -1.19533192e-03 
 1.85000000e+00  1.85000000e+00  1.85000000e+00 -1.20626389e-03 
