 0.00000000e+00  1.90000000e+00  0.00000000e+00  0.00000000e+00  0.00000000e+00  0.00000000e+00 
 1.00000000e-02  1.90000000e+00  1.00000000e-02  2.71626382e-05  1.00000000e-02  1.00000000e-02 
 2.00000000e-02  1.90000000e+00  2.00000000e-02  5.39111692e-05  2.00000000e-02  2.00000000e-02 
 3.00000000e-02  1.90000000e+00  3.00000000e-02  8.02505110e-05  3.00000000e-02  3.00000000e-02 
 4.00000000e-02  1.90000000e+00  4.00000000e-02  1.06185404e-04  4.00000000e-02  4.00000000e-02 
 5.00000000e-02  1.90000000e+00  5.00000000e-02  1.31720396e-04  5.00000000e-02  5.00000000e-02 
 6.00000000e-02  1.90000000e+00  6.00000000e-02  1.56859833e-04  6.00000000e-02  6.00000000e-02 
 7.00000000e-02  1.90000000e+00  7.00000000e-02  1.81607835e-04  7.00000000e-02  7.00000000e-02 
 8.00000000e-02  1.90000000e+00  8.00000000e-02  2.05968277e-04  8.00000000e-02  8.00000000e-02 
 9.00000000e-02  1.90000000e+00  9.00000000e-02  2.29944762e-04  9.00000000e-02  9.00000000e-02 
 1.00000000e-01  1.90000000e+00  1.00000000e-01  2.53540587e-04  1.00000000e-01  1.00000000e-01 
 1.10000000e-01  1.90000000e+00  1.10000000e-01  2.76758707e-04  1.10000000e-01  1.10000000e-01 
 1.20000000e-01  1.90000000e+00  1.20000000e-01  2.99601683e-04  1.20000000e-01  1.20000000e-01 
 1.30000000e-01  1.90000000e+00  1.30000000e-01  3.22071632e-04  1.30000000e-01  1.30000000e-01 
 1.40000000e-01  1.90000000e+00  1.40000000e-01  3.44170151e-04  1.40000000e-01  1.40000000e-01 
 1.50000000e-01  1.90000000e+00  1.50000000e-01  3.65898240e-04  1.50000000e-01  1.50000000e-01 
 1.60000000e-01  1.90000000e+00  1.60000000e-01  3.87256200e-04  1.60000000e-01  1.60000000e-01 
 1.70000000e-01  1.90000000e+00  1.70000000e-01  4.08243515e-04  1.70000000e-01  1.70000000e-01 
 1.80000000e-01  1.90000000e+00  1.80000000e-01  4.28858711e-04  1.80000000e-01  1.80000000e-01 
 1.90000000e-01  1.90000000e+00  1.90000000e-01  4.49099184e-04  1.90000000e-01  1.90000000e-01 
 2.00000000e-01  1.90000000e+00  2.00000000e-01  4.68961005e-04  2.00000000e-01  2.00000000e-01 
 2.10000000e-01  1.90000000e+00  2.10000000e-01  4.88438687e-04  2.10000000e-01  2.10000000e-01 
 2.20000000e-01  1.90000000e+00  2.20000000e-01  5.07524920e-04  2.20000000e-01  2.20000000e-01 
 2.30000000e-01  1.90000000e+00  2.30000000e-01  5.26210273e-04  2.30000000e-01  2.30000000e-01 
 2.40000000e-01  1.90000000e+00  2.40000000e-01  5.44482871e-04  2.40000000e-01  2.40000000e-01 
 2.50000000e-01  1.90000000e+00  2.50000000e-01  5.62328066e-04  2.50000000e-01  2.50000000e-01 
 2.60000000e-01  1.90000000e+00  2.60000000e-01  5.79728117e-04  2.60000000e-01  2.60000000e-01 
 2.70000000e-01  1.90000000e+00  2.70000000e-01  5.96661948e-04  2.70000000e-01  2.70000000e-01 
 2.80000000e-01  1.90000000e+00  2.80000000e-01  6.13105021e-04  2.80000000e-01  2.80000000e-01 
 2.90000000e-01  1.90000000e+00  2.90000000e-01  6.29029438e-04  2.90000000e-01  2.90000000e-01 
 3.00000000e-01  1.90000000e+00  3.00000000e-01  6.44404374e-04  3.00000000e-01  3.00000000e-01 
 3.10000000e-01  1.90000000e+00  3.10000000e-01  6.59196951e-04  3.10000000e-01  3.10000000e-01 
 3.20000000e-01  1.90000000e+00  3.20000000e-01  6.73373642e-04  3.20000000e-01  3.20000000e-01 
 3.30000000e-01  1.90000000e+00  3.30000000e-01  6.86902235e-04  3.30000000e-01  3.30000000e-01 
 3.40000000e-01  1.90000000e+00  3.40000000e-01  6.99754234e-04  3.40000000e-01  3.40000000e-01 
 3.50000000e-01  1.90000000e+00  3.50000000e-01  7.11907460e-04  3.50000000e-01  3.50000000e-01 
 3.60000000e-01  1.90000000e+00  3.60000000e-01  7.23348460e-04  3.60000000e-01  3.60000000e-01 
 3.70000000e-01  1.90000000e+00  3.70000000e-01  7.34074301e-04  3.70000000e-01  3.70000000e-01 
 3.80000000e-01  1.90000000e+00  3.80000000e-01  7.44093374e-04  3.80000000e-01  3.80000000e-01 
 3.90000000e-01  1.90000000e+00  3.90000000e-01  7.53425076e-04  3.90000000e-01  3.90000000e-01 
 4.00000000e-01  1.90000000e+00  4.00000000e-01  7.62098448e-04  4.00000000e-01  4.00000000e-01 
 4.10000000e-01  1.90000000e+00  4.10000000e-01  7.70150080e-04  4.10000000e-01  4.10000000e-01 
 4.20000000e-01  1.90000000e+00  4.20000000e-01  7.77621684e-04  4.20000000e-01  4.20000000e-01 
 4.30000000e-01  1.90000000e+00  4.30000000e-01  7.84557704e-04  4.30000000e-01  4.30000000e-01 
 4.40000000e-01  1.90000000e+00  4.40000000e-01  7.91003239e-04  4.40000000e-01  4.40000000e-01 
 4.50000000e-01  1.90000000e+00  4.50000000e-01  7.97002420e-04  4.50000000e-01  4.50000000e-01 
 4.60000000e-01  1.90000000e+00  4.60000000e-01  8.02597258e-04  4.60000000e-01  4.60000000e-01 
 4.70000000e-01  1.90000000e+00  4.70000000e-01  8.07826924e-04  4.70000000e-01  4.70000000e-01 
 4.80000000e-01  1.90000000e+00  4.80000000e-01  8.12727381e-04  4.80000000e-01  4.80000000e-01 
 4.90000000e-01  1.90000000e+00  4.90000000e-01  8.17331265e-04  4.90000000e-01  4.90000000e-01 
 5.00000000e-01  1.90000000e+00  5.00000000e-01  8.21667948e-04  5.00000000e-01  5.00000000e-01 
 5.10000000e-01  1.90000000e+00  5.10000000e-01  8.25763715e-04  5.10000000e-01  5.10000000e-01 
 5.20000000e-01  1.90000000e+00  5.20000000e-01  8.29641991e-04  5.20000000e-01  5.20000000e-01 
 5.30000000e-01  1.90000000e+00  5.30000000e-01  8.33323608e-04  5.30000000e-01  5.30000000e-01 
 5.40000000e-01  1.90000000e+00  5.40000000e-01  8.36827064e-04  5.40000000e-01  5.40000000e-01 
 5.50000000e-01  1.90000000e+00  5.50000000e-01  8.40168785e-04  5.50000000e-01  5.50000000e-01 
 5.60000000e-01  1.90000000e+00  5.60000000e-01  8.43363361e-04  5.60000000e-01  5.60000000e-01 
 5.70000000e-01  1.90000000e+00  5.70000000e-01  8.46423762e-04  5.70000000e-01  5.70000000e-01 
 5.80000000e-01  1.90000000e+00  5.80000000e-01  8.49361533e-04  5.80000000e-01  5.80000000e-01 
 5.90000000e-01  1.90000000e+00  5.90000000e-01  8.52186971e-04  5.90000000e-01  5.90000000e-01 
 6.00000000e-01  1.90000000e+00  6.00000000e-01  8.54909272e-04  6.00000000e-01  6.00000000e-01 
 6.10000000e-01  1.90000000e+00  6.10000000e-01  8.57536666e-04  6.10000000e-01  6.10000000e-01 
 6.20000000e-01  1.90000000e+00  6.20000000e-01  8.60076538e-04  6.20000000e-01  6.20000000e-01 
 6.30000000e-01  1.90000000e+00  6.30000000e-01  8.62535523e-04  6.30000000e-01  6.30000000e-01 
 6.40000000e-01  1.90000000e+00  6.40000000e-01  8.64919599e-04  6.40000000e-01  6.40000000e-01 
 6.50000000e-01  1.90000000e+00  6.50000000e-01  8.67234162e-04  6.50000000e-01  6.50000000e-01 
 6.60000000e-01  1.90000000e+00  6.60000000e-01  8.69484094e-04  6.60000000e-01  6.60000000e-01 
 6.70000000e-01  1.90000000e+00  6.70000000e-01  8.71673823e-04  6.70000000e-01  6.70000000e-01 
 6.80000000e-01  1.90000000e+00  6.80000000e-01  8.73807370e-04  6.80000000e-01  6.80000000e-01 
 6.90000000e-01  1.90000000e+00  6.90000000e-01  8.75888398e-04  6.90000000e-01  6.90000000e-01 
 7.00000000e-01  1.90000000e+00  7.00000000e-01  8.77920247e-04  7.00000000e-01  7.00000000e-01 
 7.10000000e-01  1.90000000e+00  7.10000000e-01  8.79905971e-04  7.10000000e-01  7.10000000e-01 
 7.20000000e-01  1.90000000e+00  7.20000000e-01  8.81848369e-04  7.20000000e-01  7.20000000e-01 
 7.30000000e-01  1.90000000e+00  7.30000000e-01  8.83750007e-04  7.30000000e-01  7.30000000e-01 
 7.40000000e-01  1.90000000e+00  7.40000000e-01  8.85613246e-04  7.40000000e-01  7.40000000e-01 
 7.50000000e-01  1.90000000e+00  7.50000000e-01  8.87440258e-04  7.50000000e-01  7.50000000e-01 
 7.60000000e-01  1.90000000e+00  7.60000000e-01  8.89233049e-04  7.60000000e-01  7.60000000e-01 
 7.70000000e-01  1.90000000e+00  7.70000000e-01  8.90993472e-04  7.70000000e-01  7.70000000e-01 
 7.80000000e-01  1.90000000e+00  7.80000000e-01  8.92723240e-04  7.80000000e-01  7.80000000e-01 
 7.90000000e-01  1.90000000e+00  7.90000000e-01  8.94423946e-04  7.90000000e-01  7.90000000e-01 
 8.00000000e-01  1.90000000e+00  8.00000000e-01  8.96097063e-04  8.00000000e-01  8.00000000e-01 
 8.10000000e-01  1.90000000e+00  8.10000000e-01  8.97743965e-04  8.10000000e-01  8.10000000e-01 
 8.20000000e-01  1.90000000e+00  8.20000000e-01  8.99365928e-04  8.20000000e-01  8.20000000e-01 
 8.30000000e-01  1.90000000e+00  8.30000000e-01  9.00964145e-04  8.30000000e-01  8.30000000e-01 
 8.40000000e-01  1.90000000e+00  8.40000000e-01  9.02539727e-04  8.40000000e-01  8.40000000e-01 
 8.50000000e-01  1.90000000e+00  8.50000000e-01  9.04093715e-04  8.50000000e-01  8.50000000e-01 
 8.60000000e-01  1.90000000e+00  8.60000000e-01  9.05627080e-04  8.60000000e-01  8.60000000e-01 
 8.70000000e-01  1.90000000e+00  8.70000000e-01  9.07140736e-04  8.70000000e-01  8.70000000e-01 
 8.80000000e-01  1.90000000e+00  8.80000000e-01  9.08635536e-04  8.80000000e-01  8.80000000e-01 
 8.90000000e-01  1.90000000e+00  8.90000000e-01  9.10112286e-04  8.90000000e-01  8.90000000e-01 
 9.00000000e-01  1.90000000e+00  9.00000000e-01  9.11571740e-04  9.00000000e-01  9.00000000e-01 
 9.10000000e-01  1.90000000e+00  9.10000000e-01  9.13014609e-04  9.10000000e-01  9.10000000e-01 
 9.20000000e-01  1.90000000e+00  9.20000000e-01  9.14441565e-04  9.20000000e-01  9.20000000e-01 
 9.30000000e-01  1.90000000e+00  9.30000000e-01  9.15853237e-04  9.30000000e-01  9.30000000e-01 
 9.40000000e-01  1.90000000e+00  9.40000000e-01  9.17250224e-04  9.40000000e-01  9.40000000e-01 
 9.50000000e-01  1.90000000e+00  9.50000000e-01  9.18633089e-04  9.50000000e-01  9.50000000e-01 
 9.60000000e-01  1.90000000e+00  9.60000000e-01  9.20002366e-04  9.60000000e-01  9.60000000e-01 
 9.70000000e-01  1.90000000e+00  9.70000000e-01  9.21358558e-04  9.70000000e-01  9.70000000e-01 
 9.80000000e-01  1.90000000e+00  9.80000000e-01  9.22702146e-04  9.80000000e-01  9.80000000e-01 
 9.90000000e-01  1.90000000e+00  9.90000000e-01  9.24033581e-04  9.90000000e-01  9.90000000e-01 
 1.00000000e+00  1.90000000e+00  1.00000000e+00  9.25353296e-04  1.00000000e+00  1.00000000e+00 
 1.01000000e+00  1.90000000e+00  1.01000000e+00  9.26661698e-04  1.01000000e+00  1.01000000e+00 
 1.02000000e+00  1.90000000e+00  1.02000000e+00  9.27959176e-04  1.02000000e+00  1.02000000e+00 
 1.03000000e+00  1.90000000e+00  1.03000000e+00  9.29246101e-04  1.03000000e+00  1.03000000e+00 
 1.04000000e+00  1.90000000e+00  1.04000000e+00  9.30522824e-04  1.04000000e+00  1.04000000e+00 
 1.05000000e+00  1.90000000e+00  1.05000000e+00  9.31789681e-04  1.05000000e+00  1.05000000e+00 
 1.06000000e+00  1.90000000e+00  1.06000000e+00  9.33046991e-04  1.06000000e+00  1.06000000e+00 
 1.07000000e+00  1.90000000e+00  1.07000000e+00  9.34295059e-04  1.07000000e+00  1.07000000e+00 
 1.08000000e+00  1.90000000e+00  1.08000000e+00  9.35534176e-04  1.08000000e+00  1.08000000e+00 
 1.09000000e+00  1.90000000e+00  1.09000000e+00  9.36764621e-04  1.09000000e+00  1.09000000e+00 
 1.10000000e+00  1.90000000e+00  1.10000000e+00  9.37986658e-04  1.10000000e+00  1.10000000e+00 
 1.11000000e+00  1.90000000e+00  1.11000000e+00  9.39200542e-04  1.11000000e+00  1.11000000e+00 
 1.12000000e+00  1.90000000e+00  1.12000000e+00  9.40406517e-04  1.12000000e+00  1.12000000e+00 
 1.13000000e+00  1.90000000e+00  1.13000000e+00  9.41604814e-04  1.13000000e+00  1.13000000e+00 
 1.14000000e+00  1.90000000e+00  1.14000000e+00  9.42795658e-04  1.14000000e+00  1.14000000e+00 
 1.15000000e+00  1.90000000e+00  1.15000000e+00  9.43979261e-04  1.15000000e+00  1.15000000e+00 
 1.16000000e+00  1.90000000e+00  1.16000000e+00  9.45155830e-04  1.16000000e+00  1.16000000e+00 
 1.17000000e+00  1.90000000e+00  1.17000000e+00  9.46325559e-04  1.17000000e+00  1.17000000e+00 
 1.18000000e+00  1.90000000e+00  1.18000000e+00  9.47488639e-04  1.18000000e+00  1.18000000e+00 
 1.19000000e+00  1.90000000e+00  1.19000000e+00  9.48645251e-04  1.19000000e+00  1.19000000e+00 
 1.20000000e+00  1.90000000e+00  1.20000000e+00  9.49795568e-04  1.20000000e+00  1.20000000e+00 
 1.21000000e+00  1.90000000e+00  1.21000000e+00  9.50939760e-04  1.21000000e+00  1.21000000e+00 
 1.22000000e+00  1.90000000e+00  1.22000000e+00  9.52077986e-04  1.22000000e+00  1.22000000e+00 
 1.23000000e+00  1.90000000e+00  1.23000000e+00  9.53210401e-04  1.23000000e+00  1.23000000e+00 
 1.24000000e+00  1.90000000e+00  1.24000000e+00  9.54337156e-04  1.24000000e+00  1.24000000e+00 
 1.25000000e+00  1.90000000e+00  1.25000000e+00  9.55458394e-04  1.25000000e+00  1.25000000e+00 
 1.26000000e+00  1.90000000e+00  1.26000000e+00  9.56574253e-04  1.26000000e+00  1.26000000e+00 
 1.27000000e+00  1.90000000e+00  1.27000000e+00  9.57684867e-04  1.27000000e+00  1.27000000e+00 
 1.28000000e+00  1.90000000e+00  1.28000000e+00  9.58790365e-04  1.28000000e+00  1.28000000e+00 
 1.29000000e+00  1.90000000e+00  1.29000000e+00  9.59890872e-04  1.29000000e+00  1.29000000e+00 
 1.30000000e+00  1.90000000e+00  1.30000000e+00  9.60986506e-04  1.30000000e+00  1.30000000e+00 
 1.31000000e+00  1.90000000e+00  1.31000000e+00  9.62077384e-04  1.31000000e+00  1.31000000e+00 
 1.32000000e+00  1.90000000e+00  1.32000000e+00  9.63163617e-04  1.32000000e+00  1.32000000e+00 
 1.33000000e+00  1.90000000e+00  1.33000000e+00  9.64245315e-04  1.33000000e+00  1.33000000e+00 
 1.34000000e+00  1.90000000e+00  1.34000000e+00  9.65322580e-04  1.34000000e+00  1.34000000e+00 
 1.35000000e+00  1.90000000e+00  1.35000000e+00  9.66395514e-04  1.35000000e+00  1.35000000e+00 
 1.36000000e+00  1.90000000e+00  1.36000000e+00  9.67464215e-04  1.36000000e+00  1.36000000e+00 
 1.37000000e+00  1.90000000e+00  1.37000000e+00  9.68528777e-04  1.37000000e+00  1.37000000e+00 
 1.38000000e+00  1.90000000e+00  1.38000000e+00  9.69589292e-04  1.38000000e+00  1.38000000e+00 
 1.39000000e+00  1.90000000e+00  1.39000000e+00  9.70645848e-04  1.39000000e+00  1.39000000e+00 
 1.40000000e+00  1.90000000e+00  1.40000000e+00  9.71698530e-04  1.40000000e+00  1.40000000e+00 
 1.41000000e+00  1.90000000e+00  1.41000000e+00  9.72747423e-04  1.41000000e+00  1.41000000e+00 
 1.42000000e+00  1.90000000e+00  1.42000000e+00  9.73792606e-04  1.42000000e+00  1.42000000e+00 
 1.43000000e+00  1.90000000e+00  1.43000000e+00  9.74834157e-04  1.43000000e+00  1.43000000e+00 
 1.44000000e+00  1.90000000e+00  1.44000000e+00  9.75872153e-04  1.44000000e+00  1.44000000e+00 
 1.45000000e+00  1.90000000e+00  1.45000000e+00  9.76906666e-04  1.45000000e+00  1.45000000e+00 
 1.46000000e+00  1.90000000e+00  1.46000000e+00  9.77937767e-04  1.46000000e+00  1.46000000e+00 
 1.47000000e+00  1.90000000e+00  1.47000000e+00  9.78965526e-04  1.47000000e+00  1.47000000e+00 
 1.48000000e+00  1.90000000e+00  1.48000000e+00  9.79990010e-04  1.48000000e+00  1.48000000e+00 
 1.49000000e+00  1.90000000e+00  1.49000000e+00  9.81011284e-04  1.49000000e+00  1.49000000e+00 
 1.50000000e+00  1.90000000e+00  1.50000000e+00  9.82029411e-04  1.50000000e+00  1.50000000e+00 
 1.51000000e+00  1.90000000e+00  1.51000000e+00  9.83044452e-04  1.51000000e+00  1.51000000e+00 
 1.52000000e+00  1.90000000e+00  1.52000000e+00  9.84056468e-04  1.52000000e+00  1.52000000e+00 
 1.53000000e+00  1.90000000e+00  1.53000000e+00  9.85065517e-04  1.53000000e+00  1.53000000e+00 
 1.54000000e+00  1.90000000e+00  1.54000000e+00  9.86071654e-04  1.54000000e+00  1.54000000e+00 
 1.55000000e+00  1.90000000e+00  1.55000000e+00  9.87074934e-04  1.55000000e+00  1.55000000e+00 
 1.56000000e+00  1.90000000e+00  1.56000000e+00  9.88075412e-04  1.56000000e+00  1.56000000e+00 
 1.57000000e+00  1.90000000e+00  1.57000000e+00  9.89073139e-04  1.57000000e+00  1.57000000e+00 
 1.58000000e+00  1.90000000e+00  1.58000000e+00  9.90068165e-04  1.58000000e+00  1.58000000e+00 
 1.59000000e+00  1.90000000e+00  1.59000000e+00  9.91060541e-04  1.59000000e+00  1.59000000e+00 
 1.60000000e+00  1.90000000e+00  1.60000000e+00  9.92050312e-04  1.60000000e+00  1.60000000e+00 
 1.61000000e+00  1.90000000e+00  1.61000000e+00  9.93037528e-04  1.61000000e+00  1.61000000e+00 
 1.62000000e+00  1.90000000e+00  1.62000000e+00  9.94022232e-04  1.62000000e+00  1.62000000e+00 
 1.63000000e+00  1.90000000e+00  1.63000000e+00  9.95004469e-04  1.63000000e+00  1.63000000e+00 
 1.64000000e+00  1.90000000e+00  1.64000000e+00  9.95984282e-04  1.64000000e+00  1.64000000e+00 
 1.65000000e+00  1.90000000e+00  1.65000000e+00  9.96961713e-04  1.65000000e+00  1.65000000e+00 
 1.66000000e+00  1.90000000e+00  1.66000000e+00  9.97936804e-04  1.66000000e+00  1.66000000e+00 
 1.67000000e+00  1.90000000e+00  1.67000000e+00  9.98909595e-04  1.67000000e+00  1.67000000e+00 
 1.68000000e+00  1.90000000e+00  1.68000000e+00  9.99880123e-04  1.68000000e+00  1.68000000e+00 
 1.69000000e+00  1.90000000e+00  1.69000000e+00  1.00084843e-03  1.69000000e+00  1.69000000e+00 
 1.70000000e+00  1.90000000e+00  1.70000000e+00  1.00181455e-03  1.70000000e+00  1.70000000e+00 
 1.71000000e+00  1.90000000e+00  1.71000000e+00  1.00277851e-03  1.71000000e+00  1.71000000e+00 
 1.72000000e+00  1.90000000e+00  1.72000000e+00  1.00374037e-03  1.72000000e+00  1.72000000e+00 
 1.73000000e+00  1.90000000e+00  1.73000000e+00  1.00470014e-03  1.73000000e+00  1.73000000e+00 
 1.74000000e+00  1.90000000e+00  1.74000000e+00  1.00565787e-03  1.74000000e+00  1.74000000e+00 
 1.75000000e+00  1.90000000e+00  1.75000000e+00  1.00661358e-03  1.75000000e+00  1.75000000e+00 
 1.76000000e+00  1.90000000e+00  1.76000000e+00  1.00756731e-03  1.76000000e+00  1.76000000e+00 
 1.77000000e+00  1.90000000e+00  1.77000000e+00  1.00851909e-03  1.77000000e+00  1.77000000e+00 
 1.78000000e+00  1.90000000e+00  1.78000000e+00  1.00946895e-03  1.78000000e+00  1.78000000e+00 
 1.79000000e+00  1.90000000e+00  1.79000000e+00  1.01041692e-03  1.79000000e+00  1.79000000e+00 
 1.80000000e+00  1.90000000e+00  1.80000000e+00  1.01136304e-03  1.80000000e+00  1.80000000e+00 
