 0.00000000e+00  1.50000000e+00  0.00000000e+00  0.00000000e+00  0.00000000e+00  0.00000000e+00 
 1.00000000e-02  1.50000000e+00  1.00000000e-02  2.10904179e-05  1.00000000e-02  1.00000000e-02 
 2.00000000e-02  1.50000000e+00  2.00000000e-02  4.17667770e-05  2.00000000e-02  2.00000000e-02 
 3.00000000e-02  1.50000000e+00  3.00000000e-02  6.20347726e-05  3.00000000e-02  3.00000000e-02 
 4.00000000e-02  1.50000000e+00  4.00000000e-02  8.18998288e-05  4.00000000e-02  4.00000000e-02 
 5.00000000e-02  1.50000000e+00  5.00000000e-02  1.01367075e-04  5.00000000e-02  5.00000000e-02 
 6.00000000e-02  1.50000000e+00  6.00000000e-02  1.20441314e-04  6.00000000e-02  6.00000000e-02 
 7.00000000e-02  1.50000000e+00  7.00000000e-02  1.39126988e-04  7.00000000e-02  7.00000000e-02 
 8.00000000e-02  1.50000000e+00  8.00000000e-02  1.57428128e-04  8.00000000e-02  8.00000000e-02 
 9.00000000e-02  1.50000000e+00  9.00000000e-02  1.75348299e-04  9.00000000e-02  9.00000000e-02 
 1.00000000e-01  1.50000000e+00  1.00000000e-01  1.92890530e-04  1.00000000e-01  1.00000000e-01 
 1.10000000e-01  1.50000000e+00  1.10000000e-01  2.10057226e-04  1.10000000e-01  1.10000000e-01 
 1.20000000e-01  1.50000000e+00  1.20000000e-01  2.26850062e-04  1.20000000e-01  1.20000000e-01 
 1.30000000e-01  1.50000000e+00  1.30000000e-01  2.43269856e-04  1.30000000e-01  1.30000000e-01 
 1.40000000e-01  1.50000000e+00  1.40000000e-01  2.59316409e-04  1.40000000e-01  1.40000000e-01 
 1.50000000e-01  1.50000000e+00  1.50000000e-01  2.74988325e-04  1.50000000e-01  1.50000000e-01 
 1.60000000e-01  1.50000000e+00  1.60000000e-01  2.90282780e-04  1.60000000e-01  1.60000000e-01 
 1.70000000e-01  1.50000000e+00  1.70000000e-01  3.05195272e-04  1.70000000e-01  1.70000000e-01 
 1.80000000e-01  1.50000000e+00  1.80000000e-01  3.19719329e-04  1.80000000e-01  1.80000000e-01 
 1.90000000e-01  1.50000000e+00  1.90000000e-01  3.33846192e-04  1.90000000e-01  1.90000000e-01 
 2.00000000e-01  1.50000000e+00  2.00000000e-01  3.47564498e-04  2.00000000e-01  2.00000000e-01 
 2.10000000e-01  1.50000000e+00  2.10000000e-01  3.60859995e-04  2.10000000e-01  2.10000000e-01 
 2.20000000e-01  1.50000000e+00  2.20000000e-01  3.73715355e-04  2.20000000e-01  2.20000000e-01 
 2.30000000e-01  1.50000000e+00  2.30000000e-01  3.86110169e-04  2.30000000e-01  2.30000000e-01 
 2.40000000e-01  1.50000000e+00  2.40000000e-01  3.98021251e-04  2.40000000e-01  2.40000000e-01 
 2.50000000e-01  1.50000000e+00  2.50000000e-01  4.09423386e-04  2.50000000e-01  2.50000000e-01 
 2.60000000e-01  1.50000000e+00  2.60000000e-01  4.20290633e-04  2.60000000e-01  2.60000000e-01 
 2.70000000e-01  1.50000000e+00  2.70000000e-01  4.30598233e-04  2.70000000e-01  2.70000000e-01 
 2.80000000e-01  1.50000000e+00  2.80000000e-01  4.40325024e-04  2.80000000e-01  2.80000000e-01 
 2.90000000e-01  1.50000000e+00  2.90000000e-01  4.49456060e-04  2.90000000e-01  2.90000000e-01 
 3.00000000e-01  1.50000000e+00  3.00000000e-01  4.57984986e-04  3.00000000e-01  3.00000000e-01 
 3.10000000e-01  1.50000000e+00  3.10000000e-01  4.65915634e-04  3.10000000e-01  3.10000000e-01 
 3.20000000e-01  1.50000000e+00  3.20000000e-01  4.73262466e-04  3.20000000e-01  3.20000000e-01 
 3.30000000e-01  1.50000000e+00  3.30000000e-01  4.80049757e-04  3.30000000e-01  3.30000000e-01 
 3.40000000e-01  1.50000000e+00  3.40000000e-01  4.86309745e-04  3.40000000e-01  3.40000000e-01 
 3.50000000e-01  1.50000000e+00  3.50000000e-01  4.92080188e-04  3.50000000e-01  3.50000000e-01 
 3.60000000e-01  1.50000000e+00  3.60000000e-01  4.97401822e-04  3.60000000e-01  3.60000000e-01 
 3.70000000e-01  1.50000000e+00  3.70000000e-01  5.02316105e-04  3.70000000e-01  3.70000000e-01 
 3.80000000e-01  1.50000000e+00  3.80000000e-01  5.06863449e-04  3.80000000e-01  3.80000000e-01 
 3.90000000e-01  1.50000000e+00  3.90000000e-01  5.11082014e-04  3.90000000e-01  3.90000000e-01 
 4.00000000e-01  1.50000000e+00  4.00000000e-01  5.15006987e-04  4.00000000e-01  4.00000000e-01 
 4.10000000e-01  1.50000000e+00  4.10000000e-01  5.18670255e-04  4.10000000e-01  4.10000000e-01 
 4.20000000e-01  1.50000000e+00  4.20000000e-01  5.22100359e-04  4.20000000e-01  4.20000000e-01 
 4.30000000e-01  1.50000000e+00  4.30000000e-01  5.25322624e-04  4.30000000e-01  4.30000000e-01 
 4.40000000e-01  1.50000000e+00  4.40000000e-01  5.28359392e-04  4.40000000e-01  4.40000000e-01 
 4.50000000e-01  1.50000000e+00  4.50000000e-01  5.31230303e-04  4.50000000e-01  4.50000000e-01 
 4.60000000e-01  1.50000000e+00  4.60000000e-01  5.33952590e-04  4.60000000e-01  4.60000000e-01 
 4.70000000e-01  1.50000000e+00  4.70000000e-01  5.36541368e-04  4.70000000e-01  4.70000000e-01 
 4.80000000e-01  1.50000000e+00  4.80000000e-01  5.39009894e-04  4.80000000e-01  4.80000000e-01 
 4.90000000e-01  1.50000000e+00  4.90000000e-01  5.41369815e-04  4.90000000e-01  4.90000000e-01 
 5.00000000e-01  1.50000000e+00  5.00000000e-01  5.43631375e-04  5.00000000e-01  5.00000000e-01 
 5.10000000e-01  1.50000000e+00  5.10000000e-01  5.45803605e-04  5.10000000e-01  5.10000000e-01 
 5.20000000e-01  1.50000000e+00  5.20000000e-01  5.47894483e-04  5.20000000e-01  5.20000000e-01 
 5.30000000e-01  1.50000000e+00  5.30000000e-01  5.49911076e-04  5.30000000e-01  5.30000000e-01 
 5.40000000e-01  1.50000000e+00  5.40000000e-01  5.51859659e-04  5.40000000e-01  5.40000000e-01 
 5.50000000e-01  1.50000000e+00  5.50000000e-01  5.53745817e-04  5.50000000e-01  5.50000000e-01 
 5.60000000e-01  1.50000000e+00  5.60000000e-01  5.55574537e-04  5.60000000e-01  5.60000000e-01 
 5.70000000e-01  1.50000000e+00  5.70000000e-01  5.57350280e-04  5.70000000e-01  5.70000000e-01 
 5.80000000e-01  1.50000000e+00  5.80000000e-01  5.59077053e-04  5.80000000e-01  5.80000000e-01 
 5.90000000e-01  1.50000000e+00  5.90000000e-01  5.60758456e-04  5.90000000e-01  5.90000000e-01 
 6.00000000e-01  1.50000000e+00  6.00000000e-01  5.62397740e-04  6.00000000e-01  6.00000000e-01 
 6.10000000e-01  1.50000000e+00  6.10000000e-01  5.63997841e-04  6.10000000e-01  6.10000000e-01 
 6.20000000e-01  1.50000000e+00  6.20000000e-01  5.65561422e-04  6.20000000e-01  6.20000000e-01 
 6.30000000e-01  1.50000000e+00  6.30000000e-01  5.67090902e-04  6.30000000e-01  6.30000000e-01 
 6.40000000e-01  1.50000000e+00  6.40000000e-01  5.68588482e-04  6.40000000e-01  6.40000000e-01 
 6.50000000e-01  1.50000000e+00  6.50000000e-01  5.70056170e-04  6.50000000e-01  6.50000000e-01 
 6.60000000e-01  1.50000000e+00  6.60000000e-01  5.71495805e-04  6.60000000e-01  6.60000000e-01 
 6.70000000e-01  1.50000000e+00  6.70000000e-01  5.72909069e-04  6.70000000e-01  6.70000000e-01 
 6.80000000e-01  1.50000000e+00  6.80000000e-01  5.74297506e-04  6.80000000e-01  6.80000000e-01 
 6.90000000e-01  1.50000000e+00  6.90000000e-01  5.75662538e-04  6.90000000e-01  6.90000000e-01 
 7.00000000e-01  1.50000000e+00  7.00000000e-01  5.77005475e-04  7.00000000e-01  7.00000000e-01 
 7.10000000e-01  1.50000000e+00  7.10000000e-01  5.78327523e-04  7.10000000e-01  7.10000000e-01 
 7.20000000e-01  1.50000000e+00  7.20000000e-01  5.79629802e-04  7.20000000e-01  7.20000000e-01 
 7.30000000e-01  1.50000000e+00  7.30000000e-01  5.80913346e-04  7.30000000e-01  7.30000000e-01 
 7.40000000e-01  1.50000000e+00  7.40000000e-01  5.82179115e-04  7.40000000e-01  7.40000000e-01 
 7.50000000e-01  1.50000000e+00  7.50000000e-01  5.83428001e-04  7.50000000e-01  7.50000000e-01 
 7.60000000e-01  1.50000000e+00  7.60000000e-01  5.84660833e-04  7.60000000e-01  7.60000000e-01 
 7.70000000e-01  1.50000000e+00  7.70000000e-01  5.85878385e-04  7.70000000e-01  7.70000000e-01 
 7.80000000e-01  1.50000000e+00  7.80000000e-01  5.87081379e-04  7.80000000e-01  7.80000000e-01 
 7.90000000e-01  1.50000000e+00  7.90000000e-01  5.88270487e-04  7.90000000e-01  7.90000000e-01 
 8.00000000e-01  1.50000000e+00  8.00000000e-01  5.89446342e-04  8.00000000e-01  8.00000000e-01 
 8.10000000e-01  1.50000000e+00  8.10000000e-01  5.90609533e-04  8.10000000e-01  8.10000000e-01 
 8.20000000e-01  1.50000000e+00  8.20000000e-01  5.91760613e-04  8.20000000e-01  8.20000000e-01 
 8.30000000e-01  1.50000000e+00  8.30000000e-01  5.92900104e-04  8.30000000e-01  8.30000000e-01 
 8.40000000e-01  1.50000000e+00  8.40000000e-01  5.94028493e-04  8.40000000e-01  8.40000000e-01 
 8.50000000e-01  1.50000000e+00  8.50000000e-01  5.95146240e-04  8.50000000e-01  8.50000000e-01 
 8.60000000e-01  1.50000000e+00  8.60000000e-01  5.96253779e-04  8.60000000e-01  8.60000000e-01 
 8.70000000e-01  1.50000000e+00  8.70000000e-01  5.97351518e-04  8.70000000e-01  8.70000000e-01 
 8.80000000e-01  1.50000000e+00  8.80000000e-01  5.98439842e-04  8.80000000e-01  8.80000000e-01 
 8.90000000e-01  1.50000000e+00  8.90000000e-01  5.99519115e-04  8.90000000e-01  8.90000000e-01 
 9.00000000e-01  1.50000000e+00  9.00000000e-01  6.00589682e-04  9.00000000e-01  9.00000000e-01 
 9.10000000e-01  1.50000000e+00  9.10000000e-01  6.01651869e-04  9.10000000e-01  9.10000000e-01 
 9.20000000e-01  1.50000000e+00  9.20000000e-01  6.02705984e-04  9.20000000e-01  9.20000000e-01 
 9.30000000e-01  1.50000000e+00  9.30000000e-01  6.03752319e-04  9.30000000e-01  9.30000000e-01 
 9.40000000e-01  1.50000000e+00  9.40000000e-01  6.04791153e-04  9.40000000e-01  9.40000000e-01 
 9.50000000e-01  1.50000000e+00  9.50000000e-01  6.05822750e-04  9.50000000e-01  9.50000000e-01 
 9.60000000e-01  1.50000000e+00  9.60000000e-01  6.06847359e-04  9.60000000e-01  9.60000000e-01 
 9.70000000e-01  1.50000000e+00  9.70000000e-01  6.07865220e-04  9.70000000e-01  9.70000000e-01 
 9.80000000e-01  1.50000000e+00  9.80000000e-01  6.08876559e-04  9.80000000e-01  9.80000000e-01 
 9.90000000e-01  1.50000000e+00  9.90000000e-01  6.09881592e-04  9.90000000e-01  9.90000000e-01 
 1.00000000e+00  1.50000000e+00  1.00000000e+00  6.10880526e-04  1.00000000e+00  1.00000000e+00 
 1.01000000e+00  1.50000000e+00  1.01000000e+00  6.11873556e-04  1.01000000e+00  1.01000000e+00 
 1.02000000e+00  1.50000000e+00  1.02000000e+00  6.12860870e-04  1.02000000e+00  1.02000000e+00 
 1.03000000e+00  1.50000000e+00  1.03000000e+00  6.13842648e-04  1.03000000e+00  1.03000000e+00 
 1.04000000e+00  1.50000000e+00  1.04000000e+00  6.14819060e-04  1.04000000e+00  1.04000000e+00 
 1.05000000e+00  1.50000000e+00  1.05000000e+00  6.15790270e-04  1.05000000e+00  1.05000000e+00 
 1.06000000e+00  1.50000000e+00  1.06000000e+00  6.16756435e-04  1.06000000e+00  1.06000000e+00 
 1.07000000e+00  1.50000000e+00  1.07000000e+00  6.17717704e-04  1.07000000e+00  1.07000000e+00 
 1.08000000e+00  1.50000000e+00  1.08000000e+00  6.18674222e-04  1.08000000e+00  1.08000000e+00 
 1.09000000e+00  1.50000000e+00  1.09000000e+00  6.19626124e-04  1.09000000e+00  1.09000000e+00 
 1.10000000e+00  1.50000000e+00  1.10000000e+00  6.20573545e-04  1.10000000e+00  1.10000000e+00 
 1.11000000e+00  1.50000000e+00  1.11000000e+00  6.21516609e-04  1.11000000e+00  1.11000000e+00 
 1.12000000e+00  1.50000000e+00  1.12000000e+00  6.22455440e-04  1.12000000e+00  1.12000000e+00 
 1.13000000e+00  1.50000000e+00  1.13000000e+00  6.23390152e-04  1.13000000e+00  1.13000000e+00 
 1.14000000e+00  1.50000000e+00  1.14000000e+00  6.24320859e-04  1.14000000e+00  1.14000000e+00 
 1.15000000e+00  1.50000000e+00  1.15000000e+00  6.25247668e-04  1.15000000e+00  1.15000000e+00 
 1.16000000e+00  1.50000000e+00  1.16000000e+00  6.26170683e-04  1.16000000e+00  1.16000000e+00 
 1.17000000e+00  1.50000000e+00  1.17000000e+00  6.27090004e-04  1.17000000e+00  1.17000000e+00 
 1.18000000e+00  1.50000000e+00  1.18000000e+00  6.28005726e-04  1.18000000e+00  1.18000000e+00 
 1.19000000e+00  1.50000000e+00  1.19000000e+00  6.28917942e-04  1.19000000e+00  1.19000000e+00 
 1.20000000e+00  1.50000000e+00  1.20000000e+00  6.29826742e-04  1.20000000e+00  1.20000000e+00 
 1.21000000e+00  1.50000000e+00  1.21000000e+00  6.30732210e-04  1.21000000e+00  1.21000000e+00 
 1.22000000e+00  1.50000000e+00  1.22000000e+00  6.31634430e-04  1.22000000e+00  1.22000000e+00 
 1.23000000e+00  1.50000000e+00  1.23000000e+00  6.32533482e-04  1.23000000e+00  1.23000000e+00 
 1.24000000e+00  1.50000000e+00  1.24000000e+00  6.33429443e-04  1.24000000e+00  1.24000000e+00 
 1.25000000e+00  1.50000000e+00  1.25000000e+00  6.34322387e-04  1.25000000e+00  1.25000000e+00 
 1.26000000e+00  1.50000000e+00  1.26000000e+00  6.35212386e-04  1.26000000e+00  1.26000000e+00 
 1.27000000e+00  1.50000000e+00  1.27000000e+00  6.36099509e-04  1.27000000e+00  1.27000000e+00 
 1.28000000e+00  1.50000000e+00  1.28000000e+00  6.36983824e-04  1.28000000e+00  1.28000000e+00 
 1.29000000e+00  1.50000000e+00  1.29000000e+00  6.37865395e-04  1.29000000e+00  1.29000000e+00 
 1.30000000e+00  1.50000000e+00  1.30000000e+00  6.38744286e-04  1.30000000e+00  1.30000000e+00 
 1.31000000e+00  1.50000000e+00  1.31000000e+00  6.39620556e-04  1.31000000e+00  1.31000000e+00 
 1.32000000e+00  1.50000000e+00  1.32000000e+00  6.40494264e-04  1.32000000e+00  1.32000000e+00 
 1.33000000e+00  1.50000000e+00  1.33000000e+00  6.41365468e-04  1.33000000e+00  1.33000000e+00 
 1.34000000e+00  1.50000000e+00  1.34000000e+00  6.42234222e-04  1.34000000e+00  1.34000000e+00 
 1.35000000e+00  1.50000000e+00  1.35000000e+00  6.43100580e-04  1.35000000e+00  1.35000000e+00 
 1.36000000e+00  1.50000000e+00  1.36000000e+00  6.43964593e-04  1.36000000e+00  1.36000000e+00 
 1.37000000e+00  1.50000000e+00  1.37000000e+00  6.44826311e-04  1.37000000e+00  1.37000000e+00 
 1.38000000e+00  1.50000000e+00  1.38000000e+00  6.45685784e-04  1.38000000e+00  1.38000000e+00 
 1.39000000e+00  1.50000000e+00  1.39000000e+00  6.46543057e-04  1.39000000e+00  1.39000000e+00 
 1.40000000e+00  1.50000000e+00  1.40000000e+00  6.47398178e-04  1.40000000e+00  1.40000000e+00 
 1.41000000e+00  1.50000000e+00  1.41000000e+00  6.48251189e-04  1.41000000e+00  1.41000000e+00 
 1.42000000e+00  1.50000000e+00  1.42000000e+00  6.49102135e-04  1.42000000e+00  1.42000000e+00 
 1.43000000e+00  1.50000000e+00  1.43000000e+00  6.49951056e-04  1.43000000e+00  1.43000000e+00 
 1.44000000e+00  1.50000000e+00  1.44000000e+00  6.50797993e-04  1.44000000e+00  1.44000000e+00 
 1.45000000e+00  1.50000000e+00  1.45000000e+00  6.51642987e-04  1.45000000e+00  1.45000000e+00 
 1.46000000e+00  1.50000000e+00  1.46000000e+00  6.52486075e-04  1.46000000e+00  1.46000000e+00 
 1.47000000e+00  1.50000000e+00  1.47000000e+00  6.53327294e-04  1.47000000e+00  1.47000000e+00 
 1.48000000e+00  1.50000000e+00  1.48000000e+00  6.54166680e-04  1.48000000e+00  1.48000000e+00 
 1.49000000e+00  1.50000000e+00  1.49000000e+00  6.55004269e-04  1.49000000e+00  1.49000000e+00 
 1.50000000e+00  1.50000000e+00  1.50000000e+00  6.55840095e-04  1.50000000e+00  1.50000000e+00 
 1.51000000e+00  1.50000000e+00  1.51000000e+00  6.56674191e-04  1.51000000e+00  1.51000000e+00 
 1.52000000e+00  1.50000000e+00  1.52000000e+00  6.57506590e-04  1.52000000e+00  1.52000000e+00 
 1.53000000e+00  1.50000000e+00  1.53000000e+00  6.58337323e-04  1.53000000e+00  1.53000000e+00 
 1.54000000e+00  1.50000000e+00  1.54000000e+00  6.59166421e-04  1.54000000e+00  1.54000000e+00 
 1.55000000e+00  1.50000000e+00  1.55000000e+00  6.59993913e-04  1.55000000e+00  1.55000000e+00 
 1.56000000e+00  1.50000000e+00  1.56000000e+00  6.60819829e-04  1.56000000e+00  1.56000000e+00 
 1.57000000e+00  1.50000000e+00  1.57000000e+00  6.61644197e-04  1.57000000e+00  1.57000000e+00 
 1.58000000e+00  1.50000000e+00  1.58000000e+00  6.62467045e-04  1.58000000e+00  1.58000000e+00 
 1.59000000e+00  1.50000000e+00  1.59000000e+00  6.63288400e-04  1.59000000e+00  1.59000000e+00 
 1.60000000e+00  1.50000000e+00  1.60000000e+00  6.64108288e-04  1.60000000e+00  1.60000000e+00 
 1.61000000e+00  1.50000000e+00  1.61000000e+00  6.64926734e-04  1.61000000e+00  1.61000000e+00 
 1.62000000e+00  1.50000000e+00  1.62000000e+00  6.65743763e-04  1.62000000e+00  1.62000000e+00 
 1.63000000e+00  1.50000000e+00  1.63000000e+00  6.66559401e-04  1.63000000e+00  1.63000000e+00 
 1.64000000e+00  1.50000000e+00  1.64000000e+00  6.67373670e-04  1.64000000e+00  1.64000000e+00 
 1.65000000e+00  1.50000000e+00  1.65000000e+00  6.68186594e-04  1.65000000e+00  1.65000000e+00 
 1.66000000e+00  1.50000000e+00  1.66000000e+00  6.68998195e-04  1.66000000e+00  1.66000000e+00 
 1.67000000e+00  1.50000000e+00  1.67000000e+00  6.69808495e-04  1.67000000e+00  1.67000000e+00 
 1.68000000e+00  1.50000000e+00  1.68000000e+00  6.70617517e-04  1.68000000e+00  1.68000000e+00 
 1.69000000e+00  1.50000000e+00  1.69000000e+00  6.71425281e-04  1.69000000e+00  1.69000000e+00 
 1.70000000e+00  1.50000000e+00  1.70000000e+00  6.72231807e-04  1.70000000e+00  1.70000000e+00 
 1.71000000e+00  1.50000000e+00  1.71000000e+00  6.73037116e-04  1.71000000e+00  1.71000000e+00 
 1.72000000e+00  1.50000000e+00  1.72000000e+00  6.73841227e-04  1.72000000e+00  1.72000000e+00 
 1.73000000e+00  1.50000000e+00  1.73000000e+00  6.74644160e-04  1.73000000e+00  1.73000000e+00 
 1.74000000e+00  1.50000000e+00  1.74000000e+00  6.75445934e-04  1.74000000e+00  1.74000000e+00 
 1.75000000e+00  1.50000000e+00  1.75000000e+00  6.76246566e-04  1.75000000e+00  1.75000000e+00 
 1.76000000e+00  1.50000000e+00  1.76000000e+00  6.77046074e-04  1.76000000e+00  1.76000000e+00 
 1.77000000e+00  1.50000000e+00  1.77000000e+00  6.77844477e-04  1.77000000e+00  1.77000000e+00 
 1.78000000e+00  1.50000000e+00  1.78000000e+00  6.78641791e-04  1.78000000e+00  1.78000000e+00 
 1.79000000e+00  1.50000000e+00  1.79000000e+00  6.79438033e-04  1.79000000e+00  1.79000000e+00 
 1.80000000e+00  1.50000000e+00  1.80000000e+00  6.80233220e-04  1.80000000e+00  1.80000000e+00 
