 0.00000000e+00  1.10000000e+00  0.00000000e+00  0.00000000e+00  0.00000000e+00  0.00000000e+00 
 1.00000000e-02  1.10000000e+00  1.00000000e-02  1.18836801e-05  1.00000000e-02  1.00000000e-02 
 2.00000000e-02  1.10000000e+00  2.00000000e-02  2.34403463e-05  2.00000000e-02  2.00000000e-02 
 3.00000000e-02  1.10000000e+00  3.00000000e-02  3.46748941e-05  3.00000000e-02  3.00000000e-02 
 4.00000000e-02  1.10000000e+00  4.00000000e-02  4.55919509e-05  4.00000000e-02  4.00000000e-02 
 5.00000000e-02  1.10000000e+00  5.00000000e-02  5.61958458e-05  5.00000000e-02  5.00000000e-02 
 6.00000000e-02  1.10000000e+00  6.00000000e-02  6.64905718e-05  6.00000000e-02  6.00000000e-02 
 7.00000000e-02  1.10000000e+00  7.00000000e-02  7.64797363e-05  7.00000000e-02  7.00000000e-02 
 8.00000000e-02  1.10000000e+00  8.00000000e-02  8.61665006e-05  8.00000000e-02  8.00000000e-02 
 9.00000000e-02  1.10000000e+00  9.00000000e-02  9.55535029e-05  9.00000000e-02  9.00000000e-02 
 1.00000000e-01  1.10000000e+00  1.00000000e-01  1.04642765e-04  1.00000000e-01  1.00000000e-01 
 1.10000000e-01  1.10000000e+00  1.10000000e-01  1.13435576e-04  1.10000000e-01  1.10000000e-01 
 1.20000000e-01  1.10000000e+00  1.20000000e-01  1.21932359e-04  1.20000000e-01  1.20000000e-01 
 1.30000000e-01  1.10000000e+00  1.30000000e-01  1.30132512e-04  1.30000000e-01  1.30000000e-01 
 1.40000000e-01  1.10000000e+00  1.40000000e-01  1.38034236e-04  1.40000000e-01  1.40000000e-01 
 1.50000000e-01  1.10000000e+00  1.50000000e-01  1.45634363e-04  1.50000000e-01  1.50000000e-01 
 1.60000000e-01  1.10000000e+00  1.60000000e-01  1.52928211e-04  1.60000000e-01  1.60000000e-01 
 1.70000000e-01  1.10000000e+00  1.70000000e-01  1.59909503e-04  1.70000000e-01  1.70000000e-01 
 1.80000000e-01  1.10000000e+00  1.80000000e-01  1.66570442e-04  1.80000000e-01  1.80000000e-01 
 1.90000000e-01  1.10000000e+00  1.90000000e-01  1.72902007e-04  1.90000000e-01  1.90000000e-01 
 2.00000000e-01  1.10000000e+00  2.00000000e-01  1.78894592e-04  2.00000000e-01  2.00000000e-01 
 2.10000000e-01  1.10000000e+00  2.10000000e-01  1.84539047e-04  2.10000000e-01  2.10000000e-01 
 2.20000000e-01  1.10000000e+00  2.20000000e-01  1.89828102e-04  2.20000000e-01  2.20000000e-01 
 2.30000000e-01  1.10000000e+00  2.30000000e-01  1.94758022e-04  2.30000000e-01  2.30000000e-01 
 2.40000000e-01  1.10000000e+00  2.40000000e-01  1.99330158e-04  2.40000000e-01  2.40000000e-01 
 2.50000000e-01  1.10000000e+00  2.50000000e-01  2.03551992e-04  2.50000000e-01  2.50000000e-01 
 2.60000000e-01  1.10000000e+00  2.60000000e-01  2.07437358e-04  2.60000000e-01  2.60000000e-01 
 2.70000000e-01  1.10000000e+00  2.70000000e-01  2.11005740e-04  2.70000000e-01  2.70000000e-01 
 2.80000000e-01  1.10000000e+00  2.80000000e-01  2.14280857e-04  2.80000000e-01  2.80000000e-01 
 2.90000000e-01  1.10000000e+00  2.90000000e-01  2.17288904e-04  2.90000000e-01  2.90000000e-01 
 3.00000000e-01  1.10000000e+00  3.00000000e-01  2.20056838e-04  3.00000000e-01  3.00000000e-01 
 3.10000000e-01  1.10000000e+00  3.10000000e-01  2.22610989e-04  3.10000000e-01  3.10000000e-01 
 3.20000000e-01  1.10000000e+00  3.20000000e-01  2.24976085e-04  3.20000000e-01  3.20000000e-01 
 3.30000000e-01  1.10000000e+00  3.30000000e-01  2.27174695e-04  3.30000000e-01  3.30000000e-01 
 3.40000000e-01  1.10000000e+00  3.40000000e-01  2.29226994e-04  3.40000000e-01  3.40000000e-01 
 3.50000000e-01  1.10000000e+00  3.50000000e-01  2.31150761e-04  3.50000000e-01  3.50000000e-01 
 3.60000000e-01  1.10000000e+00  3.60000000e-01  2.32961511e-04  3.60000000e-01  3.60000000e-01 
 3.70000000e-01  1.10000000e+00  3.70000000e-01  2.34672701e-04  3.70000000e-01  3.70000000e-01 
 3.80000000e-01  1.10000000e+00  3.80000000e-01  2.36295964e-04  3.80000000e-01  3.80000000e-01 
 3.90000000e-01  1.10000000e+00  3.90000000e-01  2.37841343e-04  3.90000000e-01  3.90000000e-01 
 4.00000000e-01  1.10000000e+00  4.00000000e-01  2.39317512e-04  4.00000000e-01  4.00000000e-01 
 4.10000000e-01  1.10000000e+00  4.10000000e-01  2.40731966e-04  4.10000000e-01  4.10000000e-01 
 4.20000000e-01  1.10000000e+00  4.20000000e-01  2.42091201e-04  4.20000000e-01  4.20000000e-01 
 4.30000000e-01  1.10000000e+00  4.30000000e-01  2.43400857e-04  4.30000000e-01  4.30000000e-01 
 4.40000000e-01  1.10000000e+00  4.40000000e-01  2.44665844e-04  4.40000000e-01  4.40000000e-01 
 4.50000000e-01  1.10000000e+00  4.50000000e-01  2.45890456e-04  4.50000000e-01  4.50000000e-01 
 4.60000000e-01  1.10000000e+00  4.60000000e-01  2.47078452e-04  4.60000000e-01  4.60000000e-01 
 4.70000000e-01  1.10000000e+00  4.70000000e-01  2.48233141e-04  4.70000000e-01  4.70000000e-01 
 4.80000000e-01  1.10000000e+00  4.80000000e-01  2.49357440e-04  4.80000000e-01  4.80000000e-01 
 4.90000000e-01  1.10000000e+00  4.90000000e-01  2.50453933e-04  4.90000000e-01  4.90000000e-01 
 5.00000000e-01  1.10000000e+00  5.00000000e-01  2.51524914e-04  5.00000000e-01  5.00000000e-01 
 5.10000000e-01  1.10000000e+00  5.10000000e-01  2.52572427e-04  5.10000000e-01  5.10000000e-01 
 5.20000000e-01  1.10000000e+00  5.20000000e-01  2.53598298e-04  5.20000000e-01  5.20000000e-01 
 5.30000000e-01  1.10000000e+00  5.30000000e-01  2.54604163e-04  5.30000000e-01  5.30000000e-01 
 5.40000000e-01  1.10000000e+00  5.40000000e-01  2.55591494e-04  5.40000000e-01  5.40000000e-01 
 5.50000000e-01  1.10000000e+00  5.50000000e-01  2.56561617e-04  5.50000000e-01  5.50000000e-01 
 5.60000000e-01  1.10000000e+00  5.60000000e-01  2.57515731e-04  5.60000000e-01  5.60000000e-01 
 5.70000000e-01  1.10000000e+00  5.70000000e-01  2.58454922e-04  5.70000000e-01  5.70000000e-01 
 5.80000000e-01  1.10000000e+00  5.80000000e-01  2.59380175e-04  5.80000000e-01  5.80000000e-01 
 5.90000000e-01  1.10000000e+00  5.90000000e-01  2.60292390e-04  5.90000000e-01  5.90000000e-01 
 6.00000000e-01  1.10000000e+00  6.00000000e-01  2.61192385e-04  6.00000000e-01  6.00000000e-01 
 6.10000000e-01  1.10000000e+00  6.10000000e-01  2.62080911e-04  6.10000000e-01  6.10000000e-01 
 6.20000000e-01  1.10000000e+00  6.20000000e-01  2.62958655e-04  6.20000000e-01  6.20000000e-01 
 6.30000000e-01  1.10000000e+00  6.30000000e-01  2.63826247e-04  6.30000000e-01  6.30000000e-01 
 6.40000000e-01  1.10000000e+00  6.40000000e-01  2.64684268e-04  6.40000000e-01  6.40000000e-01 
 6.50000000e-01  1.10000000e+00  6.50000000e-01  2.65533254e-04  6.50000000e-01  6.50000000e-01 
 6.60000000e-01  1.10000000e+00  6.60000000e-01  2.66373699e-04  6.60000000e-01  6.60000000e-01 
 6.70000000e-01  1.10000000e+00  6.70000000e-01  2.67206060e-04  6.70000000e-01  6.70000000e-01 
 6.80000000e-01  1.10000000e+00  6.80000000e-01  2.68030761e-04  6.80000000e-01  6.80000000e-01 
 6.90000000e-01  1.10000000e+00  6.90000000e-01  2.68848195e-04  6.90000000e-01  6.90000000e-01 
 7.00000000e-01  1.10000000e+00  7.00000000e-01  2.69658729e-04  7.00000000e-01  7.00000000e-01 
 7.10000000e-01  1.10000000e+00  7.10000000e-01  2.70462702e-04  7.10000000e-01  7.10000000e-01 
 7.20000000e-01  1.10000000e+00  7.20000000e-01  2.71260432e-04  7.20000000e-01  7.20000000e-01 
 7.30000000e-01  1.10000000e+00  7.30000000e-01  2.72052216e-04  7.30000000e-01  7.30000000e-01 
 7.40000000e-01  1.10000000e+00  7.40000000e-01  2.72838330e-04  7.40000000e-01  7.40000000e-01 
 7.50000000e-01  1.10000000e+00  7.50000000e-01  2.73619034e-04  7.50000000e-01  7.50000000e-01 
 7.60000000e-01  1.10000000e+00  7.60000000e-01  2.74394571e-04  7.60000000e-01  7.60000000e-01 
 7.70000000e-01  1.10000000e+00  7.70000000e-01  2.75165169e-04  7.70000000e-01  7.70000000e-01 
 7.80000000e-01  1.10000000e+00  7.80000000e-01  2.75931042e-04  7.80000000e-01  7.80000000e-01 
 7.90000000e-01  1.10000000e+00  7.90000000e-01  2.76692392e-04  7.90000000e-01  7.90000000e-01 
 8.00000000e-01  1.10000000e+00  8.00000000e-01  2.77449408e-04  8.00000000e-01  8.00000000e-01 
 8.10000000e-01  1.10000000e+00  8.10000000e-01  2.78202269e-04  8.10000000e-01  8.10000000e-01 
 8.20000000e-01  1.10000000e+00  8.20000000e-01  2.78951144e-04  8.20000000e-01  8.20000000e-01 
 8.30000000e-01  1.10000000e+00  8.30000000e-01  2.79696192e-04  8.30000000e-01  8.30000000e-01 
 8.40000000e-01  1.10000000e+00  8.40000000e-01  2.80437564e-04  8.40000000e-01  8.40000000e-01 
 8.50000000e-01  1.10000000e+00  8.50000000e-01  2.81175401e-04  8.50000000e-01  8.50000000e-01 
 8.60000000e-01  1.10000000e+00  8.60000000e-01  2.81909840e-04  8.60000000e-01  8.60000000e-01 
 8.70000000e-01  1.10000000e+00  8.70000000e-01  2.82641007e-04  8.70000000e-01  8.70000000e-01 
 8.80000000e-01  1.10000000e+00  8.80000000e-01  2.83369024e-04  8.80000000e-01  8.80000000e-01 
 8.90000000e-01  1.10000000e+00  8.90000000e-01  2.84094006e-04  8.90000000e-01  8.90000000e-01 
 9.00000000e-01  1.10000000e+00  9.00000000e-01  2.84816062e-04  9.00000000e-01  9.00000000e-01 
 9.10000000e-01  1.10000000e+00  9.10000000e-01  2.85535297e-04  9.10000000e-01  9.10000000e-01 
 9.20000000e-01  1.10000000e+00  9.20000000e-01  2.86251809e-04  9.20000000e-01  9.20000000e-01 
 9.30000000e-01  1.10000000e+00  9.30000000e-01  2.86965692e-04  9.30000000e-01  9.30000000e-01 
 9.40000000e-01  1.10000000e+00  9.40000000e-01  2.87677037e-04  9.40000000e-01  9.40000000e-01 
 9.50000000e-01  1.10000000e+00  9.50000000e-01  2.88385928e-04  9.50000000e-01  9.50000000e-01 
 9.60000000e-01  1.10000000e+00  9.60000000e-01  2.89092448e-04  9.60000000e-01  9.60000000e-01 
 9.70000000e-01  1.10000000e+00  9.70000000e-01  2.89796673e-04  9.70000000e-01  9.70000000e-01 
 9.80000000e-01  1.10000000e+00  9.80000000e-01  2.90498680e-04  9.80000000e-01  9.80000000e-01 
 9.90000000e-01  1.10000000e+00  9.90000000e-01  2.91198538e-04  9.90000000e-01  9.90000000e-01 
 1.00000000e+00  1.10000000e+00  1.00000000e+00  2.91896316e-04  1.00000000e+00  1.00000000e+00 
 1.01000000e+00  1.10000000e+00  1.01000000e+00  2.92592080e-04  1.01000000e+00  1.01000000e+00 
 1.02000000e+00  1.10000000e+00  1.02000000e+00  2.93285890e-04  1.02000000e+00  1.02000000e+00 
 1.03000000e+00  1.10000000e+00  1.03000000e+00  2.93977808e-04  1.03000000e+00  1.03000000e+00 
 1.04000000e+00  1.10000000e+00  1.04000000e+00  2.94667891e-04  1.04000000e+00  1.04000000e+00 
 1.05000000e+00  1.10000000e+00  1.05000000e+00  2.95356193e-04  1.05000000e+00  1.05000000e+00 
 1.06000000e+00  1.10000000e+00  1.06000000e+00  2.96042767e-04  1.06000000e+00  1.06000000e+00 
 1.07000000e+00  1.10000000e+00  1.07000000e+00  2.96727664e-04  1.07000000e+00  1.07000000e+00 
 1.08000000e+00  1.10000000e+00  1.08000000e+00  2.97410932e-04  1.08000000e+00  1.08000000e+00 
 1.09000000e+00  1.10000000e+00  1.09000000e+00  2.98092618e-04  1.09000000e+00  1.09000000e+00 
 1.10000000e+00  1.10000000e+00  1.10000000e+00  2.98772768e-04  1.10000000e+00  1.10000000e+00 
 1.11000000e+00  1.10000000e+00  1.11000000e+00  2.99451423e-04  1.11000000e+00  1.11000000e+00 
 1.12000000e+00  1.10000000e+00  1.12000000e+00  3.00128626e-04  1.12000000e+00  1.12000000e+00 
 1.13000000e+00  1.10000000e+00  1.13000000e+00  3.00804418e-04  1.13000000e+00  1.13000000e+00 
 1.14000000e+00  1.10000000e+00  1.14000000e+00  3.01478835e-04  1.14000000e+00  1.14000000e+00 
 1.15000000e+00  1.10000000e+00  1.15000000e+00  3.02151916e-04  1.15000000e+00  1.15000000e+00 
 1.16000000e+00  1.10000000e+00  1.16000000e+00  3.02823697e-04  1.16000000e+00  1.16000000e+00 
 1.17000000e+00  1.10000000e+00  1.17000000e+00  3.03494211e-04  1.17000000e+00  1.17000000e+00 
 1.18000000e+00  1.10000000e+00  1.18000000e+00  3.04163492e-04  1.18000000e+00  1.18000000e+00 
 1.19000000e+00  1.10000000e+00  1.19000000e+00  3.04831572e-04  1.19000000e+00  1.19000000e+00 
 1.20000000e+00  1.10000000e+00  1.20000000e+00  3.05498483e-04  1.20000000e+00  1.20000000e+00 
 1.21000000e+00  1.10000000e+00  1.21000000e+00  3.06164254e-04  1.21000000e+00  1.21000000e+00 
 1.22000000e+00  1.10000000e+00  1.22000000e+00  3.06828914e-04  1.22000000e+00  1.22000000e+00 
 1.23000000e+00  1.10000000e+00  1.23000000e+00  3.07492491e-04  1.23000000e+00  1.23000000e+00 
 1.24000000e+00  1.10000000e+00  1.24000000e+00  3.08155012e-04  1.24000000e+00  1.24000000e+00 
 1.25000000e+00  1.10000000e+00  1.25000000e+00  3.08816503e-04  1.25000000e+00  1.25000000e+00 
 1.26000000e+00  1.10000000e+00  1.26000000e+00  3.09476990e-04  1.26000000e+00  1.26000000e+00 
 1.27000000e+00  1.10000000e+00  1.27000000e+00  3.10136497e-04  1.27000000e+00  1.27000000e+00 
 1.28000000e+00  1.10000000e+00  1.28000000e+00  3.10795047e-04  1.28000000e+00  1.28000000e+00 
 1.29000000e+00  1.10000000e+00  1.29000000e+00  3.11452664e-04  1.29000000e+00  1.29000000e+00 
 1.30000000e+00  1.10000000e+00  1.30000000e+00  3.12109370e-04  1.30000000e+00  1.30000000e+00 
 1.31000000e+00  1.10000000e+00  1.31000000e+00  3.12765186e-04  1.31000000e+00  1.31000000e+00 
 1.32000000e+00  1.10000000e+00  1.32000000e+00  3.13420133e-04  1.32000000e+00  1.32000000e+00 
 1.33000000e+00  1.10000000e+00  1.33000000e+00  3.14074232e-04  1.33000000e+00  1.33000000e+00 
 1.34000000e+00  1.10000000e+00  1.34000000e+00  3.14727502e-04  1.34000000e+00  1.34000000e+00 
 1.35000000e+00  1.10000000e+00  1.35000000e+00  3.15379961e-04  1.35000000e+00  1.35000000e+00 
 1.36000000e+00  1.10000000e+00  1.36000000e+00  3.16031629e-04  1.36000000e+00  1.36000000e+00 
 1.37000000e+00  1.10000000e+00  1.37000000e+00  3.16682523e-04  1.37000000e+00  1.37000000e+00 
 1.38000000e+00  1.10000000e+00  1.38000000e+00  3.17332660e-04  1.38000000e+00  1.38000000e+00 
 1.39000000e+00  1.10000000e+00  1.39000000e+00  3.17982059e-04  1.39000000e+00  1.39000000e+00 
 1.40000000e+00  1.10000000e+00  1.40000000e+00  3.18630733e-04  1.40000000e+00  1.40000000e+00 
 1.41000000e+00  1.10000000e+00  1.41000000e+00  3.19278701e-04  1.41000000e+00  1.41000000e+00 
 1.42000000e+00  1.10000000e+00  1.42000000e+00  3.19925977e-04  1.42000000e+00  1.42000000e+00 
 1.43000000e+00  1.10000000e+00  1.43000000e+00  3.20572576e-04  1.43000000e+00  1.43000000e+00 
 1.44000000e+00  1.10000000e+00  1.44000000e+00  3.21218513e-04  1.44000000e+00  1.44000000e+00 
 1.45000000e+00  1.10000000e+00  1.45000000e+00  3.21863802e-04  1.45000000e+00  1.45000000e+00 
 1.46000000e+00  1.10000000e+00  1.46000000e+00  3.22508457e-04  1.46000000e+00  1.46000000e+00 
 1.47000000e+00  1.10000000e+00  1.47000000e+00  3.23152491e-04  1.47000000e+00  1.47000000e+00 
 1.48000000e+00  1.10000000e+00  1.48000000e+00  3.23795917e-04  1.48000000e+00  1.48000000e+00 
 1.49000000e+00  1.10000000e+00  1.49000000e+00  3.24438748e-04  1.49000000e+00  1.49000000e+00 
 1.50000000e+00  1.10000000e+00  1.50000000e+00  3.25080997e-04  1.50000000e+00  1.50000000e+00 
 1.51000000e+00  1.10000000e+00  1.51000000e+00  3.25722675e-04  1.51000000e+00  1.51000000e+00 
 1.52000000e+00  1.10000000e+00  1.52000000e+00  3.26363794e-04  1.52000000e+00  1.52000000e+00 
 1.53000000e+00  1.10000000e+00  1.53000000e+00  3.27004366e-04  1.53000000e+00  1.53000000e+00 
 1.54000000e+00  1.10000000e+00  1.54000000e+00  3.27644401e-04  1.54000000e+00  1.54000000e+00 
 1.55000000e+00  1.10000000e+00  1.55000000e+00  3.28283911e-04  1.55000000e+00  1.55000000e+00 
 1.56000000e+00  1.10000000e+00  1.56000000e+00  3.28922906e-04  1.56000000e+00  1.56000000e+00 
 1.57000000e+00  1.10000000e+00  1.57000000e+00  3.29561396e-04  1.57000000e+00  1.57000000e+00 
 1.58000000e+00  1.10000000e+00  1.58000000e+00  3.30199392e-04  1.58000000e+00  1.58000000e+00 
 1.59000000e+00  1.10000000e+00  1.59000000e+00  3.30836904e-04  1.59000000e+00  1.59000000e+00 
 1.60000000e+00  1.10000000e+00  1.60000000e+00  3.31473940e-04  1.60000000e+00  1.60000000e+00 
 1.61000000e+00  1.10000000e+00  1.61000000e+00  3.32110510e-04  1.61000000e+00  1.61000000e+00 
 1.62000000e+00  1.10000000e+00  1.62000000e+00  3.32746623e-04  1.62000000e+00  1.62000000e+00 
 1.63000000e+00  1.10000000e+00  1.63000000e+00  3.33382288e-04  1.63000000e+00  1.63000000e+00 
 1.64000000e+00  1.10000000e+00  1.64000000e+00  3.34017514e-04  1.64000000e+00  1.64000000e+00 
 1.65000000e+00  1.10000000e+00  1.65000000e+00  3.34652310e-04  1.65000000e+00  1.65000000e+00 
 1.66000000e+00  1.10000000e+00  1.66000000e+00  3.35286683e-04  1.66000000e+00  1.66000000e+00 
 1.67000000e+00  1.10000000e+00  1.67000000e+00  3.35920641e-04  1.67000000e+00  1.67000000e+00 
 1.68000000e+00  1.10000000e+00  1.68000000e+00  3.36554193e-04  1.68000000e+00  1.68000000e+00 
 1.69000000e+00  1.10000000e+00  1.69000000e+00  3.37187345e-04  1.69000000e+00  1.69000000e+00 
 1.70000000e+00  1.10000000e+00  1.70000000e+00  3.37820107e-04  1.70000000e+00  1.70000000e+00 
 1.71000000e+00  1.10000000e+00  1.71000000e+00  3.38452484e-04  1.71000000e+00  1.71000000e+00 
 1.72000000e+00  1.10000000e+00  1.72000000e+00  3.39084485e-04  1.72000000e+00  1.72000000e+00 
 1.73000000e+00  1.10000000e+00  1.73000000e+00  3.39716115e-04  1.73000000e+00  1.73000000e+00 
 1.74000000e+00  1.10000000e+00  1.74000000e+00  3.40347383e-04  1.74000000e+00  1.74000000e+00 
 1.75000000e+00  1.10000000e+00  1.75000000e+00  3.40978295e-04  1.75000000e+00  1.75000000e+00 
 1.76000000e+00  1.10000000e+00  1.76000000e+00  3.41608856e-04  1.76000000e+00  1.76000000e+00 
 1.77000000e+00  1.10000000e+00  1.77000000e+00  3.42239075e-04  1.77000000e+00  1.77000000e+00 
 1.78000000e+00  1.10000000e+00  1.78000000e+00  3.42868957e-04  1.78000000e+00  1.78000000e+00 
 1.79000000e+00  1.10000000e+00  1.79000000e+00  3.43498508e-04  1.79000000e+00  1.79000000e+00 
 1.80000000e+00  1.10000000e+00  1.80000000e+00  3.44127734e-04  1.80000000e+00  1.80000000e+00 
