 0.00000000e+00  7.40000000e-01  0.00000000e+00  0.00000000e+00  0.00000000e+00  0.00000000e+00 
 1.00000000e-02  7.40000000e-01  1.00000000e-02  2.01347256e-06  1.00000000e-02  1.00000000e-02 
 2.00000000e-02  7.40000000e-01  2.00000000e-02  3.88404198e-06  2.00000000e-02  2.00000000e-02 
 3.00000000e-02  7.40000000e-01  3.00000000e-02  5.61387115e-06  3.00000000e-02  3.00000000e-02 
 4.00000000e-02  7.40000000e-01  4.00000000e-02  7.20530144e-06  4.00000000e-02  4.00000000e-02 
 5.00000000e-02  7.40000000e-01  5.00000000e-02  8.66096751e-06  5.00000000e-02  5.00000000e-02 
 6.00000000e-02  7.40000000e-01  6.00000000e-02  9.98397369e-06  6.00000000e-02  6.00000000e-02 
 7.00000000e-02  7.40000000e-01  7.00000000e-02  1.11781534e-05  7.00000000e-02  7.00000000e-02 
 8.00000000e-02  7.40000000e-01  8.00000000e-02  1.22484223e-05  8.00000000e-02  8.00000000e-02 
 9.00000000e-02  7.40000000e-01  9.00000000e-02  1.32011930e-05  9.00000000e-02  9.00000000e-02 
 1.00000000e-01  7.40000000e-01  1.00000000e-01  1.40447430e-05  1.00000000e-01  1.00000000e-01 
 1.10000000e-01  7.40000000e-01  1.10000000e-01  1.47893376e-05  1.10000000e-01  1.10000000e-01 
 1.20000000e-01  7.40000000e-01  1.20000000e-01  1.54469133e-05  1.20000000e-01  1.20000000e-01 
 1.30000000e-01  7.40000000e-01  1.30000000e-01  1.60302918e-05  1.30000000e-01  1.30000000e-01 
 1.40000000e-01  7.40000000e-01  1.40000000e-01  1.65521528e-05  1.40000000e-01  1.40000000e-01 
 1.50000000e-01  7.40000000e-01  1.50000000e-01  1.70241209e-05  1.50000000e-01  1.50000000e-01 
 1.60000000e-01  7.40000000e-01  1.60000000e-01  1.74562138e-05  1.60000000e-01  1.60000000e-01 
 1.70000000e-01  7.40000000e-01  1.70000000e-01  1.78566797e-05  1.70000000e-01  1.70000000e-01 
 1.80000000e-01  7.40000000e-01  1.80000000e-01  1.82321095e-05  1.80000000e-01  1.80000000e-01 
 1.90000000e-01  7.40000000e-01  1.90000000e-01  1.85876804e-05  1.90000000e-01  1.90000000e-01 
 2.00000000e-01  7.40000000e-01  2.00000000e-01  1.89274294e-05  2.00000000e-01  2.00000000e-01 
 2.10000000e-01  7.40000000e-01  2.10000000e-01  1.92545025e-05  2.10000000e-01  2.10000000e-01 
 2.20000000e-01  7.40000000e-01  2.20000000e-01  1.95713612e-05  2.20000000e-01  2.20000000e-01 
 2.30000000e-01  7.40000000e-01  2.30000000e-01  1.98799438e-05  2.30000000e-01  2.30000000e-01 
 2.40000000e-01  7.40000000e-01  2.40000000e-01  2.01817894e-05  2.40000000e-01  2.40000000e-01 
 2.50000000e-01  7.40000000e-01  2.50000000e-01  2.04781310e-05  2.50000000e-01  2.50000000e-01 
 2.60000000e-01  7.40000000e-01  2.60000000e-01  2.07699656e-05  2.60000000e-01  2.60000000e-01 
 2.70000000e-01  7.40000000e-01  2.70000000e-01  2.10581064e-05  2.70000000e-01  2.70000000e-01 
 2.80000000e-01  7.40000000e-01  2.80000000e-01  2.13432230e-05  2.80000000e-01  2.80000000e-01 
 2.90000000e-01  7.40000000e-01  2.90000000e-01  2.16258710e-05  2.90000000e-01  2.90000000e-01 
 3.00000000e-01  7.40000000e-01  3.00000000e-01  2.19065154e-05  3.00000000e-01  3.00000000e-01 
 3.10000000e-01  7.40000000e-01  3.10000000e-01  2.21855479e-05  3.10000000e-01  3.10000000e-01 
 3.20000000e-01  7.40000000e-01  3.20000000e-01  2.24633013e-05  3.20000000e-01  3.20000000e-01 
 3.30000000e-01  7.40000000e-01  3.30000000e-01  2.27400596e-05  3.30000000e-01  3.30000000e-01 
 3.40000000e-01  7.40000000e-01  3.40000000e-01  2.30160674e-05  3.40000000e-01  3.40000000e-01 
 3.50000000e-01  7.40000000e-01  3.50000000e-01  2.32915356e-05  3.50000000e-01  3.50000000e-01 
 3.60000000e-01  7.40000000e-01  3.60000000e-01  2.35666478e-05  3.60000000e-01  3.60000000e-01 
 3.70000000e-01  7.40000000e-01  3.70000000e-01  2.38415643e-05  3.70000000e-01  3.70000000e-01 
 3.80000000e-01  7.40000000e-01  3.80000000e-01  2.41164256e-05  3.80000000e-01  3.80000000e-01 
 3.90000000e-01  7.40000000e-01  3.90000000e-01  2.43913556e-05  3.90000000e-01  3.90000000e-01 
 4.00000000e-01  7.40000000e-01  4.00000000e-01  2.46664639e-05  4.00000000e-01  4.00000000e-01 
 4.10000000e-01  7.40000000e-01  4.10000000e-01  2.49418475e-05  4.10000000e-01  4.10000000e-01 
 4.20000000e-01  7.40000000e-01  4.20000000e-01  2.52175931e-05  4.20000000e-01  4.20000000e-01 
 4.30000000e-01  7.40000000e-01  4.30000000e-01  2.54937780e-05  4.30000000e-01  4.30000000e-01 
 4.40000000e-01  7.40000000e-01  4.40000000e-01  2.57704714e-05  4.40000000e-01  4.40000000e-01 
 4.50000000e-01  7.40000000e-01  4.50000000e-01  2.60477357e-05  4.50000000e-01  4.50000000e-01 
 4.60000000e-01  7.40000000e-01  4.60000000e-01  2.63256267e-05  4.60000000e-01  4.60000000e-01 
 4.70000000e-01  7.40000000e-01  4.70000000e-01  2.66041951e-05  4.70000000e-01  4.70000000e-01 
 4.80000000e-01  7.40000000e-01  4.80000000e-01  2.68834865e-05  4.80000000e-01  4.80000000e-01 
 4.90000000e-01  7.40000000e-01  4.90000000e-01  2.71635425e-05  4.90000000e-01  4.90000000e-01 
 5.00000000e-01  7.40000000e-01  5.00000000e-01  2.74444004e-05  5.00000000e-01  5.00000000e-01 
 5.10000000e-01  7.40000000e-01  5.10000000e-01  2.77260945e-05  5.10000000e-01  5.10000000e-01 
 5.20000000e-01  7.40000000e-01  5.20000000e-01  2.80086559e-05  5.20000000e-01  5.20000000e-01 
 5.30000000e-01  7.40000000e-01  5.30000000e-01  2.82921128e-05  5.30000000e-01  5.30000000e-01 
 5.40000000e-01  7.40000000e-01  5.40000000e-01  2.85764911e-05  5.40000000e-01  5.40000000e-01 
 5.50000000e-01  7.40000000e-01  5.50000000e-01  2.88618142e-05  5.50000000e-01  5.50000000e-01 
 5.60000000e-01  7.40000000e-01  5.60000000e-01  2.91481038e-05  5.60000000e-01  5.60000000e-01 
 5.70000000e-01  7.40000000e-01  5.70000000e-01  2.94353793e-05  5.70000000e-01  5.70000000e-01 
 5.80000000e-01  7.40000000e-01  5.80000000e-01  2.97236589e-05  5.80000000e-01  5.80000000e-01 
 5.90000000e-01  7.40000000e-01  5.90000000e-01  3.00129588e-05  5.90000000e-01  5.90000000e-01 
 6.00000000e-01  7.40000000e-01  6.00000000e-01  3.03032941e-05  6.00000000e-01  6.00000000e-01 
 6.10000000e-01  7.40000000e-01  6.10000000e-01  3.05946785e-05  6.10000000e-01  6.10000000e-01 
 6.20000000e-01  7.40000000e-01  6.20000000e-01  3.08871244e-05  6.20000000e-01  6.20000000e-01 
 6.30000000e-01  7.40000000e-01  6.30000000e-01  3.11806433e-05  6.30000000e-01  6.30000000e-01 
 6.40000000e-01  7.40000000e-01  6.40000000e-01  3.14752455e-05  6.40000000e-01  6.40000000e-01 
 6.50000000e-01  7.40000000e-01  6.50000000e-01  3.17709406e-05  6.50000000e-01  6.50000000e-01 
 6.60000000e-01  7.40000000e-01  6.60000000e-01  3.20677371e-05  6.60000000e-01  6.60000000e-01 
 6.70000000e-01  7.40000000e-01  6.70000000e-01  3.23656427e-05  6.70000000e-01  6.70000000e-01 
 6.80000000e-01  7.40000000e-01  6.80000000e-01  3.26646647e-05  6.80000000e-01  6.80000000e-01 
 6.90000000e-01  7.40000000e-01  6.90000000e-01  3.29648092e-05  6.90000000e-01  6.90000000e-01 
 7.00000000e-01  7.40000000e-01  7.00000000e-01  3.32660821e-05  7.00000000e-01  7.00000000e-01 
 7.10000000e-01  7.40000000e-01  7.10000000e-01  3.35684883e-05  7.10000000e-01  7.10000000e-01 
 7.20000000e-01  7.40000000e-01  7.20000000e-01  3.38720326e-05  7.20000000e-01  7.20000000e-01 
 7.30000000e-01  7.40000000e-01  7.30000000e-01  3.41767189e-05  7.30000000e-01  7.30000000e-01 
 7.40000000e-01  7.40000000e-01  7.40000000e-01  3.44825507e-05  7.40000000e-01  7.40000000e-01 
 7.50000000e-01  7.40000000e-01  7.50000000e-01  3.47895311e-05  7.50000000e-01  7.50000000e-01 
 7.60000000e-01  7.40000000e-01  7.60000000e-01  3.50976628e-05  7.60000000e-01  7.60000000e-01 
 7.70000000e-01  7.40000000e-01  7.70000000e-01  3.54069479e-05  7.70000000e-01  7.70000000e-01 
 7.80000000e-01  7.40000000e-01  7.80000000e-01  3.57173884e-05  7.80000000e-01  7.80000000e-01 
 7.90000000e-01  7.40000000e-01  7.90000000e-01  3.60289857e-05  7.90000000e-01  7.90000000e-01 
 8.00000000e-01  7.40000000e-01  8.00000000e-01  3.63417409e-05  8.00000000e-01  8.00000000e-01 
 8.10000000e-01  7.40000000e-01  8.10000000e-01  3.66556549e-05  8.10000000e-01  8.10000000e-01 
 8.20000000e-01  7.40000000e-01  8.20000000e-01  3.69707283e-05  8.20000000e-01  8.20000000e-01 
 8.30000000e-01  7.40000000e-01  8.30000000e-01  3.72869612e-05  8.30000000e-01  8.30000000e-01 
 8.40000000e-01  7.40000000e-01  8.40000000e-01  3.76043536e-05  8.40000000e-01  8.40000000e-01 
 8.50000000e-01  7.40000000e-01  8.50000000e-01  3.79229052e-05  8.50000000e-01  8.50000000e-01 
 8.60000000e-01  7.40000000e-01  8.60000000e-01  3.82426155e-05  8.60000000e-01  8.60000000e-01 
 8.70000000e-01  7.40000000e-01  8.70000000e-01  3.85634837e-05  8.70000000e-01  8.70000000e-01 
 8.80000000e-01  7.40000000e-01  8.80000000e-01  3.88855088e-05  8.80000000e-01  8.80000000e-01 
 8.90000000e-01  7.40000000e-01  8.90000000e-01  3.92086896e-05  8.90000000e-01  8.90000000e-01 
 9.00000000e-01  7.40000000e-01  9.00000000e-01  3.95330248e-05  9.00000000e-01  9.00000000e-01 
 9.10000000e-01  7.40000000e-01  9.10000000e-01  3.98585127e-05  9.10000000e-01  9.10000000e-01 
 9.20000000e-01  7.40000000e-01  9.20000000e-01  4.01851515e-05  9.20000000e-01  9.20000000e-01 
 9.30000000e-01  7.40000000e-01  9.30000000e-01  4.05129393e-05  9.30000000e-01  9.30000000e-01 
 9.40000000e-01  7.40000000e-01  9.40000000e-01  4.08418741e-05  9.40000000e-01  9.40000000e-01 
 9.50000000e-01  7.40000000e-01  9.50000000e-01  4.11719535e-05  9.50000000e-01  9.50000000e-01 
 9.60000000e-01  7.40000000e-01  9.60000000e-01  4.15031751e-05  9.60000000e-01  9.60000000e-01 
 9.70000000e-01  7.40000000e-01  9.70000000e-01  4.18355364e-05  9.70000000e-01  9.70000000e-01 
 9.80000000e-01  7.40000000e-01  9.80000000e-01  4.21690348e-05  9.80000000e-01  9.80000000e-01 
 9.90000000e-01  7.40000000e-01  9.90000000e-01  4.25036673e-05  9.90000000e-01  9.90000000e-01 
 1.00000000e+00  7.40000000e-01  1.00000000e+00  4.28394310e-05  1.00000000e+00  1.00000000e+00 
 1.01000000e+00  7.40000000e-01  1.01000000e+00  4.31763229e-05  1.01000000e+00  1.01000000e+00 
 1.02000000e+00  7.40000000e-01  1.02000000e+00  4.35143398e-05  1.02000000e+00  1.02000000e+00 
 1.03000000e+00  7.40000000e-01  1.03000000e+00  4.38534783e-05  1.03000000e+00  1.03000000e+00 
 1.04000000e+00  7.40000000e-01  1.04000000e+00  4.41937353e-05  1.04000000e+00  1.04000000e+00 
 1.05000000e+00  7.40000000e-01  1.05000000e+00  4.45351070e-05  1.05000000e+00  1.05000000e+00 
 1.06000000e+00  7.40000000e-01  1.06000000e+00  4.48775900e-05  1.06000000e+00  1.06000000e+00 
 1.07000000e+00  7.40000000e-01  1.07000000e+00  4.52211805e-05  1.07000000e+00  1.07000000e+00 
 1.08000000e+00  7.40000000e-01  1.08000000e+00  4.55658749e-05  1.08000000e+00  1.08000000e+00 
 1.09000000e+00  7.40000000e-01  1.09000000e+00  4.59116692e-05  1.09000000e+00  1.09000000e+00 
 1.10000000e+00  7.40000000e-01  1.10000000e+00  4.62585595e-05  1.10000000e+00  1.10000000e+00 
 1.11000000e+00  7.40000000e-01  1.11000000e+00  4.66065419e-05  1.11000000e+00  1.11000000e+00 
 1.12000000e+00  7.40000000e-01  1.12000000e+00  4.69556122e-05  1.12000000e+00  1.12000000e+00 
 1.13000000e+00  7.40000000e-01  1.13000000e+00  4.73057663e-05  1.13000000e+00  1.13000000e+00 
 1.14000000e+00  7.40000000e-01  1.14000000e+00  4.76570001e-05  1.14000000e+00  1.14000000e+00 
 1.15000000e+00  7.40000000e-01  1.15000000e+00  4.80093091e-05  1.15000000e+00  1.15000000e+00 
 1.16000000e+00  7.40000000e-01  1.16000000e+00  4.83626891e-05  1.16000000e+00  1.16000000e+00 
 1.17000000e+00  7.40000000e-01  1.17000000e+00  4.87171357e-05  1.17000000e+00  1.17000000e+00 
 1.18000000e+00  7.40000000e-01  1.18000000e+00  4.90726443e-05  1.18000000e+00  1.18000000e+00 
 1.19000000e+00  7.40000000e-01  1.19000000e+00  4.94292106e-05  1.19000000e+00  1.19000000e+00 
 1.20000000e+00  7.40000000e-01  1.20000000e+00  4.97868300e-05  1.20000000e+00  1.20000000e+00 
 1.21000000e+00  7.40000000e-01  1.21000000e+00  5.01454978e-05  1.21000000e+00  1.21000000e+00 
 1.22000000e+00  7.40000000e-01  1.22000000e+00  5.05052093e-05  1.22000000e+00  1.22000000e+00 
 1.23000000e+00  7.40000000e-01  1.23000000e+00  5.08659600e-05  1.23000000e+00  1.23000000e+00 
 1.24000000e+00  7.40000000e-01  1.24000000e+00  5.12277450e-05  1.24000000e+00  1.24000000e+00 
 1.25000000e+00  7.40000000e-01  1.25000000e+00  5.15905595e-05  1.25000000e+00  1.25000000e+00 
 1.26000000e+00  7.40000000e-01  1.26000000e+00  5.19543988e-05  1.26000000e+00  1.26000000e+00 
 1.27000000e+00  7.40000000e-01  1.27000000e+00  5.23192579e-05  1.27000000e+00  1.27000000e+00 
 1.28000000e+00  7.40000000e-01  1.28000000e+00  5.26851320e-05  1.28000000e+00  1.28000000e+00 
 1.29000000e+00  7.40000000e-01  1.29000000e+00  5.30520161e-05  1.29000000e+00  1.29000000e+00 
 1.30000000e+00  7.40000000e-01  1.30000000e+00  5.34199054e-05  1.30000000e+00  1.30000000e+00 
 1.31000000e+00  7.40000000e-01  1.31000000e+00  5.37887947e-05  1.31000000e+00  1.31000000e+00 
 1.32000000e+00  7.40000000e-01  1.32000000e+00  5.41586791e-05  1.32000000e+00  1.32000000e+00 
 1.33000000e+00  7.40000000e-01  1.33000000e+00  5.45295536e-05  1.33000000e+00  1.33000000e+00 
 1.34000000e+00  7.40000000e-01  1.34000000e+00  5.49014130e-05  1.34000000e+00  1.34000000e+00 
 1.35000000e+00  7.40000000e-01  1.35000000e+00  5.52742523e-05  1.35000000e+00  1.35000000e+00 
 1.36000000e+00  7.40000000e-01  1.36000000e+00  5.56480663e-05  1.36000000e+00  1.36000000e+00 
 1.37000000e+00  7.40000000e-01  1.37000000e+00  5.60228500e-05  1.37000000e+00  1.37000000e+00 
 1.38000000e+00  7.40000000e-01  1.38000000e+00  5.63985982e-05  1.38000000e+00  1.38000000e+00 
 1.39000000e+00  7.40000000e-01  1.39000000e+00  5.67753056e-05  1.39000000e+00  1.39000000e+00 
 1.40000000e+00  7.40000000e-01  1.40000000e+00  5.71529672e-05  1.40000000e+00  1.40000000e+00 
 1.41000000e+00  7.40000000e-01  1.41000000e+00  5.75315776e-05  1.41000000e+00  1.41000000e+00 
 1.42000000e+00  7.40000000e-01  1.42000000e+00  5.79111318e-05  1.42000000e+00  1.42000000e+00 
 1.43000000e+00  7.40000000e-01  1.43000000e+00  5.82916244e-05  1.43000000e+00  1.43000000e+00 
 1.44000000e+00  7.40000000e-01  1.44000000e+00  5.86730502e-05  1.44000000e+00  1.44000000e+00 
 1.45000000e+00  7.40000000e-01  1.45000000e+00  5.90554040e-05  1.45000000e+00  1.45000000e+00 
 1.46000000e+00  7.40000000e-01  1.46000000e+00  5.94386805e-05  1.46000000e+00  1.46000000e+00 
 1.47000000e+00  7.40000000e-01  1.47000000e+00  5.98228744e-05  1.47000000e+00  1.47000000e+00 
 1.48000000e+00  7.40000000e-01  1.48000000e+00  6.02079804e-05  1.48000000e+00  1.48000000e+00 
 1.49000000e+00  7.40000000e-01  1.49000000e+00  6.05939933e-05  1.49000000e+00  1.49000000e+00 
 1.50000000e+00  7.40000000e-01  1.50000000e+00  6.09809078e-05  1.50000000e+00  1.50000000e+00 
 1.51000000e+00  7.40000000e-01  1.51000000e+00  6.13687185e-05  1.51000000e+00  1.51000000e+00 
 1.52000000e+00  7.40000000e-01  1.52000000e+00  6.17574202e-05  1.52000000e+00  1.52000000e+00 
 1.53000000e+00  7.40000000e-01  1.53000000e+00  6.21470075e-05  1.53000000e+00  1.53000000e+00 
 1.54000000e+00  7.40000000e-01  1.54000000e+00  6.25374753e-05  1.54000000e+00  1.54000000e+00 
 1.55000000e+00  7.40000000e-01  1.55000000e+00  6.29288180e-05  1.55000000e+00  1.55000000e+00 
 1.56000000e+00  7.40000000e-01  1.56000000e+00  6.33210306e-05  1.56000000e+00  1.56000000e+00 
 1.57000000e+00  7.40000000e-01  1.57000000e+00  6.37141076e-05  1.57000000e+00  1.57000000e+00 
 1.58000000e+00  7.40000000e-01  1.58000000e+00  6.41080437e-05  1.58000000e+00  1.58000000e+00 
 1.59000000e+00  7.40000000e-01  1.59000000e+00  6.45028337e-05  1.59000000e+00  1.59000000e+00 
 1.60000000e+00  7.40000000e-01  1.60000000e+00  6.48984722e-05  1.60000000e+00  1.60000000e+00 
 1.61000000e+00  7.40000000e-01  1.61000000e+00  6.52949540e-05  1.61000000e+00  1.61000000e+00 
 1.62000000e+00  7.40000000e-01  1.62000000e+00  6.56922738e-05  1.62000000e+00  1.62000000e+00 
 1.63000000e+00  7.40000000e-01  1.63000000e+00  6.60904263e-05  1.63000000e+00  1.63000000e+00 
 1.64000000e+00  7.40000000e-01  1.64000000e+00  6.64894062e-05  1.64000000e+00  1.64000000e+00 
 1.65000000e+00  7.40000000e-01  1.65000000e+00  6.68892083e-05  1.65000000e+00  1.65000000e+00 
 1.66000000e+00  7.40000000e-01  1.66000000e+00  6.72898273e-05  1.66000000e+00  1.66000000e+00 
 1.67000000e+00  7.40000000e-01  1.67000000e+00  6.76912580e-05  1.67000000e+00  1.67000000e+00 
 1.68000000e+00  7.40000000e-01  1.68000000e+00  6.80934950e-05  1.68000000e+00  1.68000000e+00 
 1.69000000e+00  7.40000000e-01  1.69000000e+00  6.84965333e-05  1.69000000e+00  1.69000000e+00 
 1.70000000e+00  7.40000000e-01  1.70000000e+00  6.89003675e-05  1.70000000e+00  1.70000000e+00 
 1.71000000e+00  7.40000000e-01  1.71000000e+00  6.93049925e-05  1.71000000e+00  1.71000000e+00 
 1.72000000e+00  7.40000000e-01  1.72000000e+00  6.97104030e-05  1.72000000e+00  1.72000000e+00 
 1.73000000e+00  7.40000000e-01  1.73000000e+00  7.01165940e-05  1.73000000e+00  1.73000000e+00 
 1.74000000e+00  7.40000000e-01  1.74000000e+00  7.05235601e-05  1.74000000e+00  1.74000000e+00 
 1.75000000e+00  7.40000000e-01  1.75000000e+00  7.09312963e-05  1.75000000e+00  1.75000000e+00 
 1.76000000e+00  7.40000000e-01  1.76000000e+00  7.13397975e-05  1.76000000e+00  1.76000000e+00 
 1.77000000e+00  7.40000000e-01  1.77000000e+00  7.17490584e-05  1.77000000e+00  1.77000000e+00 
 1.78000000e+00  7.40000000e-01  1.78000000e+00  7.21590740e-05  1.78000000e+00  1.78000000e+00 
 1.79000000e+00  7.40000000e-01  1.79000000e+00  7.25698392e-05  1.79000000e+00  1.79000000e+00 
 1.80000000e+00  7.40000000e-01  1.80000000e+00  7.29813489e-05  1.80000000e+00  1.80000000e+00 
