 0.00000000e+00  3.70000000e-01  0.00000000e+00  0.00000000e+00  0.00000000e+00  0.00000000e+00 
 1.00000000e-02  3.70000000e-01  1.00000000e-02  1.31353636e-09  1.00000000e-02  1.00000000e-02 
 2.00000000e-02  3.70000000e-01  2.00000000e-02  2.36236258e-09  2.00000000e-02  2.00000000e-02 
 3.00000000e-02  3.70000000e-01  3.00000000e-02  3.16809772e-09  3.00000000e-02  3.00000000e-02 
 4.00000000e-02  3.70000000e-01  4.00000000e-02  3.76728045e-09  4.00000000e-02  4.00000000e-02 
 5.00000000e-02  3.70000000e-01  5.00000000e-02  4.20773374e-09  5.00000000e-02  5.00000000e-02 
 6.00000000e-02  3.70000000e-01  6.00000000e-02  4.53793467e-09  6.00000000e-02  6.00000000e-02 
 7.00000000e-02  3.70000000e-01  7.00000000e-02  4.79704184e-09  7.00000000e-02  7.00000000e-02 
 8.00000000e-02  3.70000000e-01  8.00000000e-02  5.01189351e-09  8.00000000e-02  8.00000000e-02 
 9.00000000e-02  3.70000000e-01  9.00000000e-02  5.19928393e-09  9.00000000e-02  9.00000000e-02 
 1.00000000e-01  3.70000000e-01  1.00000000e-01  5.36939790e-09  1.00000000e-01  1.00000000e-01 
 1.10000000e-01  3.70000000e-01  1.10000000e-01  5.52845067e-09  1.10000000e-01  1.10000000e-01 
 1.20000000e-01  3.70000000e-01  1.20000000e-01  5.68033356e-09  1.20000000e-01  1.20000000e-01 
 1.30000000e-01  3.70000000e-01  1.30000000e-01  5.82756635e-09  1.30000000e-01  1.30000000e-01 
 1.40000000e-01  3.70000000e-01  1.40000000e-01  5.97183997e-09  1.40000000e-01  1.40000000e-01 
 1.50000000e-01  3.70000000e-01  1.50000000e-01  6.11432929e-09  1.50000000e-01  1.50000000e-01 
 1.60000000e-01  3.70000000e-01  1.60000000e-01  6.25587778e-09  1.60000000e-01  1.60000000e-01 
 1.70000000e-01  3.70000000e-01  1.70000000e-01  6.39710966e-09  1.70000000e-01  1.70000000e-01 
 1.80000000e-01  3.70000000e-01  1.80000000e-01  6.53849995e-09  1.80000000e-01  1.80000000e-01 
 1.90000000e-01  3.70000000e-01  1.90000000e-01  6.68041959e-09  1.90000000e-01  1.90000000e-01 
 2.00000000e-01  3.70000000e-01  2.00000000e-01  6.82316518e-09  2.00000000e-01  2.00000000e-01 
 2.10000000e-01  3.70000000e-01  2.10000000e-01  6.96697917e-09  2.10000000e-01  2.10000000e-01 
 2.20000000e-01  3.70000000e-01  2.20000000e-01  7.11206383e-09  2.20000000e-01  2.20000000e-01 
 2.30000000e-01  3.70000000e-01  2.30000000e-01  7.25859110e-09  2.30000000e-01  2.30000000e-01 
 2.40000000e-01  3.70000000e-01  2.40000000e-01  7.40670972e-09  2.40000000e-01  2.40000000e-01 
 2.50000000e-01  3.70000000e-01  2.50000000e-01  7.55655049e-09  2.50000000e-01  2.50000000e-01 
 2.60000000e-01  3.70000000e-01  2.60000000e-01  7.70823011e-09  2.60000000e-01  2.60000000e-01 
 2.70000000e-01  3.70000000e-01  2.70000000e-01  7.86185416e-09  2.70000000e-01  2.70000000e-01 
 2.80000000e-01  3.70000000e-01  2.80000000e-01  8.01751937e-09  2.80000000e-01  2.80000000e-01 
 2.90000000e-01  3.70000000e-01  2.90000000e-01  8.17531532e-09  2.90000000e-01  2.90000000e-01 
 3.00000000e-01  3.70000000e-01  3.00000000e-01  8.33532588e-09  3.00000000e-01  3.00000000e-01 
 3.10000000e-01  3.70000000e-01  3.10000000e-01  8.49763027e-09  3.10000000e-01  3.10000000e-01 
 3.20000000e-01  3.70000000e-01  3.20000000e-01  8.66230393e-09  3.20000000e-01  3.20000000e-01 
 3.30000000e-01  3.70000000e-01  3.30000000e-01  8.82941925e-09  3.30000000e-01  3.30000000e-01 
 3.40000000e-01  3.70000000e-01  3.40000000e-01  8.99904615e-09  3.40000000e-01  3.40000000e-01 
 3.50000000e-01  3.70000000e-01  3.50000000e-01  9.17125254e-09  3.50000000e-01  3.50000000e-01 
 3.60000000e-01  3.70000000e-01  3.60000000e-01  9.34610473e-09  3.60000000e-01  3.60000000e-01 
 3.70000000e-01  3.70000000e-01  3.70000000e-01  9.52366774e-09  3.70000000e-01  3.70000000e-01 
 3.80000000e-01  3.70000000e-01  3.80000000e-01  9.70400562e-09  3.80000000e-01  3.80000000e-01 
 3.90000000e-01  3.70000000e-01  3.90000000e-01  9.88718165e-09  3.90000000e-01  3.90000000e-01 
 4.00000000e-01  3.70000000e-01  4.00000000e-01  1.00732586e-08  4.00000000e-01  4.00000000e-01 
 4.10000000e-01  3.70000000e-01  4.10000000e-01  1.02622987e-08  4.10000000e-01  4.10000000e-01 
 4.20000000e-01  3.70000000e-01  4.20000000e-01  1.04543642e-08  4.20000000e-01  4.20000000e-01 
 4.30000000e-01  3.70000000e-01  4.30000000e-01  1.06495170e-08  4.30000000e-01  4.30000000e-01 
 4.40000000e-01  3.70000000e-01  4.40000000e-01  1.08478192e-08  4.40000000e-01  4.40000000e-01 
 4.50000000e-01  3.70000000e-01  4.50000000e-01  1.10493330e-08  4.50000000e-01  4.50000000e-01 
 4.60000000e-01  3.70000000e-01  4.60000000e-01  1.12541206e-08  4.60000000e-01  4.60000000e-01 
 4.70000000e-01  3.70000000e-01  4.70000000e-01  1.14622448e-08  4.70000000e-01  4.70000000e-01 
 4.80000000e-01  3.70000000e-01  4.80000000e-01  1.16737685e-08  4.80000000e-01  4.80000000e-01 
 4.90000000e-01  3.70000000e-01  4.90000000e-01  1.18887552e-08  4.90000000e-01  4.90000000e-01 
 5.00000000e-01  3.70000000e-01  5.00000000e-01  1.21072687e-08  5.00000000e-01  5.00000000e-01 
 5.10000000e-01  3.70000000e-01  5.10000000e-01  1.23293736e-08  5.10000000e-01  5.10000000e-01 
 5.20000000e-01  3.70000000e-01  5.20000000e-01  1.25551347e-08  5.20000000e-01  5.20000000e-01 
 5.30000000e-01  3.70000000e-01  5.30000000e-01  1.27846179e-08  5.30000000e-01  5.30000000e-01 
 5.40000000e-01  3.70000000e-01  5.40000000e-01  1.30178894e-08  5.40000000e-01  5.40000000e-01 
 5.50000000e-01  3.70000000e-01  5.50000000e-01  1.32550163e-08  5.50000000e-01  5.50000000e-01 
 5.60000000e-01  3.70000000e-01  5.60000000e-01  1.34960664e-08  5.60000000e-01  5.60000000e-01 
 5.70000000e-01  3.70000000e-01  5.70000000e-01  1.37411082e-08  5.70000000e-01  5.70000000e-01 
 5.80000000e-01  3.70000000e-01  5.80000000e-01  1.39902111e-08  5.80000000e-01  5.80000000e-01 
 5.90000000e-01  3.70000000e-01  5.90000000e-01  1.42434455e-08  5.90000000e-01  5.90000000e-01 
 6.00000000e-01  3.70000000e-01  6.00000000e-01  1.45008824e-08  6.00000000e-01  6.00000000e-01 
 6.10000000e-01  3.70000000e-01  6.10000000e-01  1.47625939e-08  6.10000000e-01  6.10000000e-01 
 6.20000000e-01  3.70000000e-01  6.20000000e-01  1.50286529e-08  6.20000000e-01  6.20000000e-01 
 6.30000000e-01  3.70000000e-01  6.30000000e-01  1.52991334e-08  6.30000000e-01  6.30000000e-01 
 6.40000000e-01  3.70000000e-01  6.40000000e-01  1.55741103e-08  6.40000000e-01  6.40000000e-01 
 6.50000000e-01  3.70000000e-01  6.50000000e-01  1.58536596e-08  6.50000000e-01  6.50000000e-01 
 6.60000000e-01  3.70000000e-01  6.60000000e-01  1.61378582e-08  6.60000000e-01  6.60000000e-01 
 6.70000000e-01  3.70000000e-01  6.70000000e-01  1.64267842e-08  6.70000000e-01  6.70000000e-01 
 6.80000000e-01  3.70000000e-01  6.80000000e-01  1.67205168e-08  6.80000000e-01  6.80000000e-01 
 6.90000000e-01  3.70000000e-01  6.90000000e-01  1.70191361e-08  6.90000000e-01  6.90000000e-01 
 7.00000000e-01  3.70000000e-01  7.00000000e-01  1.73227236e-08  7.00000000e-01  7.00000000e-01 
 7.10000000e-01  3.70000000e-01  7.10000000e-01  1.76313619e-08  7.10000000e-01  7.10000000e-01 
 7.20000000e-01  3.70000000e-01  7.20000000e-01  1.79451345e-08  7.20000000e-01  7.20000000e-01 
 7.30000000e-01  3.70000000e-01  7.30000000e-01  1.82641266e-08  7.30000000e-01  7.30000000e-01 
 7.40000000e-01  3.70000000e-01  7.40000000e-01  1.85884242e-08  7.40000000e-01  7.40000000e-01 
 7.50000000e-01  3.70000000e-01  7.50000000e-01  1.89181147e-08  7.50000000e-01  7.50000000e-01 
 7.60000000e-01  3.70000000e-01  7.60000000e-01  1.92532869e-08  7.60000000e-01  7.60000000e-01 
 7.70000000e-01  3.70000000e-01  7.70000000e-01  1.95940307e-08  7.70000000e-01  7.70000000e-01 
 7.80000000e-01  3.70000000e-01  7.80000000e-01  1.99404375e-08  7.80000000e-01  7.80000000e-01 
 7.90000000e-01  3.70000000e-01  7.90000000e-01  2.02925997e-08  7.90000000e-01  7.90000000e-01 
 8.00000000e-01  3.70000000e-01  8.00000000e-01  2.06506116e-08  8.00000000e-01  8.00000000e-01 
 8.10000000e-01  3.70000000e-01  8.10000000e-01  2.10145684e-08  8.10000000e-01  8.10000000e-01 
 8.20000000e-01  3.70000000e-01  8.20000000e-01  2.13845669e-08  8.20000000e-01  8.20000000e-01 
 8.30000000e-01  3.70000000e-01  8.30000000e-01  2.17607054e-08  8.30000000e-01  8.30000000e-01 
 8.40000000e-01  3.70000000e-01  8.40000000e-01  2.21430835e-08  8.40000000e-01  8.40000000e-01 
 8.50000000e-01  3.70000000e-01  8.50000000e-01  2.25318025e-08  8.50000000e-01  8.50000000e-01 
 8.60000000e-01  3.70000000e-01  8.60000000e-01  2.29269649e-08  8.60000000e-01  8.60000000e-01 
 8.70000000e-01  3.70000000e-01  8.70000000e-01  2.33286751e-08  8.70000000e-01  8.70000000e-01 
 8.80000000e-01  3.70000000e-01  8.80000000e-01  2.37370386e-08  8.80000000e-01  8.80000000e-01 
 8.90000000e-01  3.70000000e-01  8.90000000e-01  2.41521628e-08  8.90000000e-01  8.90000000e-01 
 9.00000000e-01  3.70000000e-01  9.00000000e-01  2.45741567e-08  9.00000000e-01  9.00000000e-01 
 9.10000000e-01  3.70000000e-01  9.10000000e-01  2.50031307e-08  9.10000000e-01  9.10000000e-01 
 9.20000000e-01  3.70000000e-01  9.20000000e-01  2.54391970e-08  9.20000000e-01  9.20000000e-01 
 9.30000000e-01  3.70000000e-01  9.30000000e-01  2.58824695e-08  9.30000000e-01  9.30000000e-01 
 9.40000000e-01  3.70000000e-01  9.40000000e-01  2.63330637e-08  9.40000000e-01  9.40000000e-01 
 9.50000000e-01  3.70000000e-01  9.50000000e-01  2.67910969e-08  9.50000000e-01  9.50000000e-01 
 9.60000000e-01  3.70000000e-01  9.60000000e-01  2.72566881e-08  9.60000000e-01  9.60000000e-01 
 9.70000000e-01  3.70000000e-01  9.70000000e-01  2.77299580e-08  9.70000000e-01  9.70000000e-01 
 9.80000000e-01  3.70000000e-01  9.80000000e-01  2.82110292e-08  9.80000000e-01  9.80000000e-01 
 9.90000000e-01  3.70000000e-01  9.90000000e-01  2.87000262e-08  9.90000000e-01  9.90000000e-01 
 1.00000000e+00  3.70000000e-01  1.00000000e+00  2.91970752e-08  1.00000000e+00  1.00000000e+00 
 1.01000000e+00  3.70000000e-01  1.01000000e+00  2.97023043e-08  1.01000000e+00  1.01000000e+00 
 1.02000000e+00  3.70000000e-01  1.02000000e+00  3.02158435e-08  1.02000000e+00  1.02000000e+00 
 1.03000000e+00  3.70000000e-01  1.03000000e+00  3.07378248e-08  1.03000000e+00  1.03000000e+00 
 1.04000000e+00  3.70000000e-01  1.04000000e+00  3.12683823e-08  1.04000000e+00  1.04000000e+00 
 1.05000000e+00  3.70000000e-01  1.05000000e+00  3.18076516e-08  1.05000000e+00  1.05000000e+00 
 1.06000000e+00  3.70000000e-01  1.06000000e+00  3.23557709e-08  1.06000000e+00  1.06000000e+00 
 1.07000000e+00  3.70000000e-01  1.07000000e+00  3.29128800e-08  1.07000000e+00  1.07000000e+00 
 1.08000000e+00  3.70000000e-01  1.08000000e+00  3.34791211e-08  1.08000000e+00  1.08000000e+00 
 1.09000000e+00  3.70000000e-01  1.09000000e+00  3.40546383e-08  1.09000000e+00  1.09000000e+00 
 1.10000000e+00  3.70000000e-01  1.10000000e+00  3.46395779e-08  1.10000000e+00  1.10000000e+00 
 1.11000000e+00  3.70000000e-01  1.11000000e+00  3.52340883e-08  1.11000000e+00  1.11000000e+00 
 1.12000000e+00  3.70000000e-01  1.12000000e+00  3.58383202e-08  1.12000000e+00  1.12000000e+00 
 1.13000000e+00  3.70000000e-01  1.13000000e+00  3.64524264e-08  1.13000000e+00  1.13000000e+00 
 1.14000000e+00  3.70000000e-01  1.14000000e+00  3.70765622e-08  1.14000000e+00  1.14000000e+00 
 1.15000000e+00  3.70000000e-01  1.15000000e+00  3.77108849e-08  1.15000000e+00  1.15000000e+00 
 1.16000000e+00  3.70000000e-01  1.16000000e+00  3.83555542e-08  1.16000000e+00  1.16000000e+00 
 1.17000000e+00  3.70000000e-01  1.17000000e+00  3.90107323e-08  1.17000000e+00  1.17000000e+00 
 1.18000000e+00  3.70000000e-01  1.18000000e+00  3.96765836e-08  1.18000000e+00  1.18000000e+00 
 1.19000000e+00  3.70000000e-01  1.19000000e+00  4.03532751e-08  1.19000000e+00  1.19000000e+00 
 1.20000000e+00  3.70000000e-01  1.20000000e+00  4.10409760e-08  1.20000000e+00  1.20000000e+00 
 1.21000000e+00  3.70000000e-01  1.21000000e+00  4.17398582e-08  1.21000000e+00  1.21000000e+00 
 1.22000000e+00  3.70000000e-01  1.22000000e+00  4.24500961e-08  1.22000000e+00  1.22000000e+00 
 1.23000000e+00  3.70000000e-01  1.23000000e+00  4.31718665e-08  1.23000000e+00  1.23000000e+00 
 1.24000000e+00  3.70000000e-01  1.24000000e+00  4.39053490e-08  1.24000000e+00  1.24000000e+00 
 1.25000000e+00  3.70000000e-01  1.25000000e+00  4.46507256e-08  1.25000000e+00  1.25000000e+00 
 1.26000000e+00  3.70000000e-01  1.26000000e+00  4.54081811e-08  1.26000000e+00  1.26000000e+00 
 1.27000000e+00  3.70000000e-01  1.27000000e+00  4.61779031e-08  1.27000000e+00  1.27000000e+00 
 1.28000000e+00  3.70000000e-01  1.28000000e+00  4.69600817e-08  1.28000000e+00  1.28000000e+00 
 1.29000000e+00  3.70000000e-01  1.29000000e+00  4.77549099e-08  1.29000000e+00  1.29000000e+00 
 1.30000000e+00  3.70000000e-01  1.30000000e+00  4.85625835e-08  1.30000000e+00  1.30000000e+00 
 1.31000000e+00  3.70000000e-01  1.31000000e+00  4.93833011e-08  1.31000000e+00  1.31000000e+00 
 1.32000000e+00  3.70000000e-01  1.32000000e+00  5.02172642e-08  1.32000000e+00  1.32000000e+00 
 1.33000000e+00  3.70000000e-01  1.33000000e+00  5.10646773e-08  1.33000000e+00  1.33000000e+00 
 1.34000000e+00  3.70000000e-01  1.34000000e+00  5.19257477e-08  1.34000000e+00  1.34000000e+00 
 1.35000000e+00  3.70000000e-01  1.35000000e+00  5.28006859e-08  1.35000000e+00  1.35000000e+00 
 1.36000000e+00  3.70000000e-01  1.36000000e+00  5.36897053e-08  1.36000000e+00  1.36000000e+00 
 1.37000000e+00  3.70000000e-01  1.37000000e+00  5.45930225e-08  1.37000000e+00  1.37000000e+00 
 1.38000000e+00  3.70000000e-01  1.38000000e+00  5.55108570e-08  1.38000000e+00  1.38000000e+00 
 1.39000000e+00  3.70000000e-01  1.39000000e+00  5.64434318e-08  1.39000000e+00  1.39000000e+00 
 1.40000000e+00  3.70000000e-01  1.40000000e+00  5.73909728e-08  1.40000000e+00  1.40000000e+00 
 1.41000000e+00  3.70000000e-01  1.41000000e+00  5.83537093e-08  1.41000000e+00  1.41000000e+00 
 1.42000000e+00  3.70000000e-01  1.42000000e+00  5.93318739e-08  1.42000000e+00  1.42000000e+00 
 1.43000000e+00  3.70000000e-01  1.43000000e+00  6.03257026e-08  1.43000000e+00  1.43000000e+00 
 1.44000000e+00  3.70000000e-01  1.44000000e+00  6.13354345e-08  1.44000000e+00  1.44000000e+00 
 1.45000000e+00  3.70000000e-01  1.45000000e+00  6.23613125e-08  1.45000000e+00  1.45000000e+00 
 1.46000000e+00  3.70000000e-01  1.46000000e+00  6.34035828e-08  1.46000000e+00  1.46000000e+00 
 1.47000000e+00  3.70000000e-01  1.47000000e+00  6.44624949e-08  1.47000000e+00  1.47000000e+00 
 1.48000000e+00  3.70000000e-01  1.48000000e+00  6.55383023e-08  1.48000000e+00  1.48000000e+00 
 1.49000000e+00  3.70000000e-01  1.49000000e+00  6.66312619e-08  1.49000000e+00  1.49000000e+00 
 1.50000000e+00  3.70000000e-01  1.50000000e+00  6.77416341e-08  1.50000000e+00  1.50000000e+00 
 1.51000000e+00  3.70000000e-01  1.51000000e+00  6.88696832e-08  1.51000000e+00  1.51000000e+00 
 1.52000000e+00  3.70000000e-01  1.52000000e+00  7.00156773e-08  1.52000000e+00  1.52000000e+00 
 1.53000000e+00  3.70000000e-01  1.53000000e+00  7.11798881e-08  1.53000000e+00  1.53000000e+00 
 1.54000000e+00  3.70000000e-01  1.54000000e+00  7.23625914e-08  1.54000000e+00  1.54000000e+00 
 1.55000000e+00  3.70000000e-01  1.55000000e+00  7.35640666e-08  1.55000000e+00  1.55000000e+00 
 1.56000000e+00  3.70000000e-01  1.56000000e+00  7.47845974e-08  1.56000000e+00  1.56000000e+00 
 1.57000000e+00  3.70000000e-01  1.57000000e+00  7.60244713e-08  1.57000000e+00  1.57000000e+00 
 1.58000000e+00  3.70000000e-01  1.58000000e+00  7.72839798e-08  1.58000000e+00  1.58000000e+00 
 1.59000000e+00  3.70000000e-01  1.59000000e+00  7.85634188e-08  1.59000000e+00  1.59000000e+00 
 1.60000000e+00  3.70000000e-01  1.60000000e+00  7.98630879e-08  1.60000000e+00  1.60000000e+00 
 1.61000000e+00  3.70000000e-01  1.61000000e+00  8.11832914e-08  1.61000000e+00  1.61000000e+00 
 1.62000000e+00  3.70000000e-01  1.62000000e+00  8.25243376e-08  1.62000000e+00  1.62000000e+00 
 1.63000000e+00  3.70000000e-01  1.63000000e+00  8.38865391e-08  1.63000000e+00  1.63000000e+00 
 1.64000000e+00  3.70000000e-01  1.64000000e+00  8.52702131e-08  1.64000000e+00  1.64000000e+00 
 1.65000000e+00  3.70000000e-01  1.65000000e+00  8.66756810e-08  1.65000000e+00  1.65000000e+00 
 1.66000000e+00  3.70000000e-01  1.66000000e+00  8.81032688e-08  1.66000000e+00  1.66000000e+00 
 1.67000000e+00  3.70000000e-01  1.67000000e+00  8.95533072e-08  1.67000000e+00  1.67000000e+00 
 1.68000000e+00  3.70000000e-01  1.68000000e+00  9.10261311e-08  1.68000000e+00  1.68000000e+00 
 1.69000000e+00  3.70000000e-01  1.69000000e+00  9.25220806e-08  1.69000000e+00  1.69000000e+00 
 1.70000000e+00  3.70000000e-01  1.70000000e+00  9.40415001e-08  1.70000000e+00  1.70000000e+00 
 1.71000000e+00  3.70000000e-01  1.71000000e+00  9.55847389e-08  1.71000000e+00  1.71000000e+00 
 1.72000000e+00  3.70000000e-01  1.72000000e+00  9.71521514e-08  1.72000000e+00  1.72000000e+00 
 1.73000000e+00  3.70000000e-01  1.73000000e+00  9.87440965e-08  1.73000000e+00  1.73000000e+00 
 1.74000000e+00  3.70000000e-01  1.74000000e+00  1.00360938e-07  1.74000000e+00  1.74000000e+00 
 1.75000000e+00  3.70000000e-01  1.75000000e+00  1.02003046e-07  1.75000000e+00  1.75000000e+00 
 1.76000000e+00  3.70000000e-01  1.76000000e+00  1.03670794e-07  1.76000000e+00  1.76000000e+00 
 1.77000000e+00  3.70000000e-01  1.77000000e+00  1.05364561e-07  1.77000000e+00  1.77000000e+00 
 1.78000000e+00  3.70000000e-01  1.78000000e+00  1.07084732e-07  1.78000000e+00  1.78000000e+00 
 1.79000000e+00  3.70000000e-01  1.79000000e+00  1.08831697e-07  1.79000000e+00  1.79000000e+00 
 1.80000000e+00  3.70000000e-01  1.80000000e+00  1.10605852e-07  1.80000000e+00  1.80000000e+00 
