 0.00000000e+00  0.00000000e+00  0.00000000e+00  8.30826878e-12  0.00000000e+00  1.50000000e+00 
 1.00000000e-02  1.00000000e-02  1.00000000e-02  1.06326633e-11  1.00000000e-02  1.50000000e+00 
 2.00000000e-02  2.00000000e-02  2.00000000e-02  1.36069910e-11  2.00000000e-02  1.50000000e+00 
 3.00000000e-02  3.00000000e-02  3.00000000e-02  1.74128212e-11  3.00000000e-02  1.50000000e+00 
 4.00000000e-02  4.00000000e-02  4.00000000e-02  2.22823765e-11  4.00000000e-02  1.50000000e+00 
 5.00000000e-02  5.00000000e-02  5.00000000e-02  2.85126305e-11  5.00000000e-02  1.50000000e+00 
 6.00000000e-02  6.00000000e-02  6.00000000e-02  3.64833176e-11  6.00000000e-02  1.50000000e+00 
 7.00000000e-02  7.00000000e-02  7.00000000e-02  4.66799294e-11  7.00000000e-02  1.50000000e+00 
 8.00000000e-02  8.00000000e-02  8.00000000e-02  5.97230731e-11  8.00000000e-02  1.50000000e+00 
 9.00000000e-02  9.00000000e-02  9.00000000e-02  7.64059363e-11  9.00000000e-02  1.50000000e+00 
 1.00000000e-01  1.00000000e-01  1.00000000e-01  9.77420801e-11  1.00000000e-01  1.50000000e+00 
 1.10000000e-01  1.10000000e-01  1.10000000e-01  1.25026378e-10  1.10000000e-01  1.50000000e+00 
 1.20000000e-01  1.20000000e-01  1.20000000e-01  1.59912684e-10  1.20000000e-01  1.50000000e+00 
 1.30000000e-01  1.30000000e-01  1.30000000e-01  2.04512753e-10  1.30000000e-01  1.50000000e+00 
 1.40000000e-01  1.40000000e-01  1.40000000e-01  2.61522177e-10  1.40000000e-01  1.50000000e+00 
 1.50000000e-01  1.50000000e-01  1.50000000e-01  3.34380568e-10  1.50000000e-01  1.50000000e+00 
 1.60000000e-01  1.60000000e-01  1.60000000e-01  4.27475167e-10  1.60000000e-01  1.50000000e+00 
 1.70000000e-01  1.70000000e-01  1.70000000e-01  5.46399413e-10  1.70000000e-01  1.50000000e+00 
 1.80000000e-01  1.80000000e-01  1.80000000e-01  6.98280982e-10  1.80000000e-01  1.50000000e+00 
 1.90000000e-01  1.90000000e-01  1.90000000e-01  8.92197508e-10  1.90000000e-01  1.50000000e+00 
 2.00000000e-01  2.00000000e-01  2.00000000e-01  1.13970277e-09  2.00000000e-01  1.50000000e+00 
 2.10000000e-01  2.10000000e-01  2.10000000e-01  1.45549177e-09  2.10000000e-01  1.50000000e+00 
 2.20000000e-01  2.20000000e-01  2.20000000e-01  1.85824016e-09  2.20000000e-01  1.50000000e+00 
 2.30000000e-01  2.30000000e-01  2.30000000e-01  2.37166184e-09  2.30000000e-01  1.50000000e+00 
 2.40000000e-01  2.40000000e-01  2.40000000e-01  3.02583908e-09  2.40000000e-01  1.50000000e+00 
 2.50000000e-01  2.50000000e-01  2.50000000e-01  3.85889191e-09  2.50000000e-01  1.50000000e+00 
 2.60000000e-01  2.60000000e-01  2.60000000e-01  4.91906883e-09  2.60000000e-01  1.50000000e+00 
 2.70000000e-01  2.70000000e-01  2.70000000e-01  6.26735871e-09  2.70000000e-01  1.50000000e+00 
 2.80000000e-01  2.80000000e-01  2.80000000e-01  7.98074570e-09  2.80000000e-01  1.50000000e+00 
 2.90000000e-01  2.90000000e-01  2.90000000e-01  1.01562541e-08  2.90000000e-01  1.50000000e+00 
 3.00000000e-01  3.00000000e-01  3.00000000e-01  1.29159606e-08  3.00000000e-01  1.50000000e+00 
 3.10000000e-01  3.10000000e-01  3.10000000e-01  1.64131869e-08  3.10000000e-01  1.50000000e+00 
 3.20000000e-01  3.20000000e-01  3.20000000e-01  2.08401267e-08  3.20000000e-01  1.50000000e+00 
 3.30000000e-01  3.30000000e-01  3.30000000e-01  2.64372127e-08  3.30000000e-01  1.50000000e+00 
 3.40000000e-01  3.40000000e-01  3.40000000e-01  3.35045855e-08  3.40000000e-01  1.50000000e+00 
 3.50000000e-01  3.50000000e-01  3.50000000e-01  4.24160999e-08  3.50000000e-01  1.50000000e+00 
 3.60000000e-01  3.60000000e-01  3.60000000e-01  5.36363916e-08  3.60000000e-01  1.50000000e+00 
 3.70000000e-01  3.70000000e-01  3.70000000e-01  6.77416341e-08  3.70000000e-01  1.50000000e+00 
 3.80000000e-01  3.80000000e-01  3.80000000e-01  8.54447566e-08  3.80000000e-01  1.50000000e+00 
 3.90000000e-01  3.90000000e-01  3.90000000e-01  1.07626067e-07  3.90000000e-01  1.50000000e+00 
 4.00000000e-01  4.00000000e-01  4.00000000e-01  1.35370442e-07  4.00000000e-01  1.50000000e+00 
 4.10000000e-01  4.10000000e-01  4.10000000e-01  1.70012529e-07  4.10000000e-01  1.50000000e+00 
 4.20000000e-01  4.20000000e-01  4.20000000e-01  2.13191708e-07  4.20000000e-01  1.50000000e+00 
 4.30000000e-01  4.30000000e-01  4.30000000e-01  2.66918962e-07  4.30000000e-01  1.50000000e+00 
 4.40000000e-01  4.40000000e-01  4.40000000e-01  3.33658102e-07  4.40000000e-01  1.50000000e+00 
 4.50000000e-01  4.50000000e-01  4.50000000e-01  4.16424123e-07  4.50000000e-01  1.50000000e+00 
 4.60000000e-01  4.60000000e-01  4.60000000e-01  5.18901451e-07  4.60000000e-01  1.50000000e+00 
 4.70000000e-01  4.70000000e-01  4.70000000e-01  6.45584483e-07  4.70000000e-01  1.50000000e+00 
 4.80000000e-01  4.80000000e-01  4.80000000e-01  8.01941719e-07  4.80000000e-01  1.50000000e+00 
 4.90000000e-01  4.90000000e-01  4.90000000e-01  9.94602693e-07  4.90000000e-01  1.50000000e+00 
 5.00000000e-01  5.00000000e-01  5.00000000e-01  1.23156357e-06  5.00000000e-01  1.50000000e+00 
 5.10000000e-01  5.10000000e-01  5.10000000e-01  1.52240249e-06  5.10000000e-01  1.50000000e+00 
 5.20000000e-01  5.20000000e-01  5.20000000e-01  1.87848968e-06  5.20000000e-01  1.50000000e+00 
 5.30000000e-01  5.30000000e-01  5.30000000e-01  2.31317057e-06  5.30000000e-01  1.50000000e+00 
 5.40000000e-01  5.40000000e-01  5.40000000e-01  2.84189347e-06  5.40000000e-01  1.50000000e+00 
 5.50000000e-01  5.50000000e-01  5.50000000e-01  3.48224865e-06  5.50000000e-01  1.50000000e+00 
 5.60000000e-01  5.60000000e-01  5.60000000e-01  4.25388445e-06  5.60000000e-01  1.50000000e+00 
 5.70000000e-01  5.70000000e-01  5.70000000e-01  5.17826981e-06  5.70000000e-01  1.50000000e+00 
 5.80000000e-01  5.80000000e-01  5.80000000e-01  6.27828330e-06  5.80000000e-01  1.50000000e+00 
 5.90000000e-01  5.90000000e-01  5.90000000e-01  7.57762515e-06  5.90000000e-01  1.50000000e+00 
 6.00000000e-01  6.00000000e-01  6.00000000e-01  9.10007030e-06  6.00000000e-01  1.50000000e+00 
 6.10000000e-01  6.10000000e-01  6.10000000e-01  1.08686035e-05  6.10000000e-01  1.50000000e+00 
 6.20000000e-01  6.20000000e-01  6.20000000e-01  1.29044979e-05  6.20000000e-01  1.50000000e+00 
 6.30000000e-01  6.30000000e-01  6.30000000e-01  1.52264126e-05  6.30000000e-01  1.50000000e+00 
 6.40000000e-01  6.40000000e-01  6.40000000e-01  1.78495877e-05  6.40000000e-01  1.50000000e+00 
 6.50000000e-01  6.50000000e-01  6.50000000e-01  2.07852097e-05  6.50000000e-01  1.50000000e+00 
 6.60000000e-01  6.60000000e-01  6.60000000e-01  2.40399990e-05  6.60000000e-01  1.50000000e+00 
 6.70000000e-01  6.70000000e-01  6.70000000e-01  2.76160505e-05  6.70000000e-01  1.50000000e+00 
 6.80000000e-01  6.80000000e-01  6.80000000e-01  3.15109266e-05  6.80000000e-01  1.50000000e+00 
 6.90000000e-01  6.90000000e-01  6.90000000e-01  3.57179790e-05  6.90000000e-01  1.50000000e+00 
 7.00000000e-01  7.00000000e-01  7.00000000e-01  4.02268553e-05  7.00000000e-01  1.50000000e+00 
 7.10000000e-01  7.10000000e-01  7.10000000e-01  4.50241332e-05  7.10000000e-01  1.50000000e+00 
 7.20000000e-01  7.20000000e-01  7.20000000e-01  5.00940233e-05  7.20000000e-01  1.50000000e+00 
 7.30000000e-01  7.30000000e-01  7.30000000e-01  5.54190850e-05  7.30000000e-01  1.50000000e+00 
 7.40000000e-01  7.40000000e-01  7.40000000e-01  6.09809078e-05  7.40000000e-01  1.50000000e+00 
 7.50000000e-01  7.50000000e-01  7.50000000e-01  6.67607244e-05  7.50000000e-01  1.50000000e+00 
 7.60000000e-01  7.60000000e-01  7.60000000e-01  7.27399328e-05  7.60000000e-01  1.50000000e+00 
 7.70000000e-01  7.70000000e-01  7.70000000e-01  7.89005172e-05  7.70000000e-01  1.50000000e+00 
 7.80000000e-01  7.80000000e-01  7.80000000e-01  8.52253668e-05  7.80000000e-01  1.50000000e+00 
 7.90000000e-01  7.90000000e-01  7.90000000e-01  9.16984994e-05  7.90000000e-01  1.50000000e+00 
 8.00000000e-01  8.00000000e-01  8.00000000e-01  9.83051997e-05  8.00000000e-01  1.50000000e+00 
 8.10000000e-01  8.10000000e-01  8.10000000e-01  1.05032086e-04  8.10000000e-01  1.50000000e+00 
 8.20000000e-01  8.20000000e-01  8.20000000e-01  1.11867122e-04  8.20000000e-01  1.50000000e+00 
 8.30000000e-01  8.30000000e-01  8.30000000e-01  1.18799577e-04  8.30000000e-01  1.50000000e+00 
 8.40000000e-01  8.40000000e-01  8.40000000e-01  1.25819966e-04  8.40000000e-01  1.50000000e+00 
 8.50000000e-01  8.50000000e-01  8.50000000e-01  1.32919961e-04  8.50000000e-01  1.50000000e+00 
 8.60000000e-01  8.60000000e-01  8.60000000e-01  1.40092295e-04  8.60000000e-01  1.50000000e+00 
 8.70000000e-01  8.70000000e-01  8.70000000e-01  1.47330648e-04  8.70000000e-01  1.50000000e+00 
 8.80000000e-01  8.80000000e-01  8.80000000e-01  1.54629552e-04  8.80000000e-01  1.50000000e+00 
 8.90000000e-01  8.90000000e-01  8.90000000e-01  1.61984279e-04  8.90000000e-01  1.50000000e+00 
 9.00000000e-01  9.00000000e-01  9.00000000e-01  1.69390754e-04  9.00000000e-01  1.50000000e+00 
 9.10000000e-01  9.10000000e-01  9.10000000e-01  1.76845454e-04  9.10000000e-01  1.50000000e+00 
 9.20000000e-01  9.20000000e-01  9.20000000e-01  1.84345338e-04  9.20000000e-01  1.50000000e+00 
 9.30000000e-01  9.30000000e-01  9.30000000e-01  1.91887768e-04  9.30000000e-01  1.50000000e+00 
 9.40000000e-01  9.40000000e-01  9.40000000e-01  1.99470446e-04  9.40000000e-01  1.50000000e+00 
 9.50000000e-01  9.50000000e-01  9.50000000e-01  2.07091356e-04  9.50000000e-01  1.50000000e+00 
 9.60000000e-01  9.60000000e-01  9.60000000e-01  2.14748721e-04  9.60000000e-01  1.50000000e+00 
 9.70000000e-01  9.70000000e-01  9.70000000e-01  2.22440954e-04  9.70000000e-01  1.50000000e+00 
 9.80000000e-01  9.80000000e-01  9.80000000e-01  2.30166629e-04  9.80000000e-01  1.50000000e+00 
 9.90000000e-01  9.90000000e-01  9.90000000e-01  2.37924445e-04  9.90000000e-01  1.50000000e+00 
 1.00000000e+00  1.00000000e+00  1.00000000e+00  2.45713207e-04  1.00000000e+00  1.50000000e+00 
 1.01000000e+00  1.01000000e+00  1.01000000e+00  2.53531799e-04  1.01000000e+00  1.50000000e+00 
 1.02000000e+00  1.02000000e+00  1.02000000e+00  2.61379173e-04  1.02000000e+00  1.50000000e+00 
 1.03000000e+00  1.03000000e+00  1.03000000e+00  2.69254330e-04  1.03000000e+00  1.50000000e+00 
 1.04000000e+00  1.04000000e+00  1.04000000e+00  2.77156312e-04  1.04000000e+00  1.50000000e+00 
 1.05000000e+00  1.05000000e+00  1.05000000e+00  2.85084192e-04  1.05000000e+00  1.50000000e+00 
 1.06000000e+00  1.06000000e+00  1.06000000e+00  2.93037065e-04  1.06000000e+00  1.50000000e+00 
 1.07000000e+00  1.07000000e+00  1.07000000e+00  3.01014047e-04  1.07000000e+00  1.50000000e+00 
 1.08000000e+00  1.08000000e+00  1.08000000e+00  3.09014268e-04  1.08000000e+00  1.50000000e+00 
 1.09000000e+00  1.09000000e+00  1.09000000e+00  3.17036868e-04  1.09000000e+00  1.50000000e+00 
 1.10000000e+00  1.10000000e+00  1.10000000e+00  3.25080997e-04  1.10000000e+00  1.50000000e+00 
 1.11000000e+00  1.11000000e+00  1.11000000e+00  3.33145812e-04  1.11000000e+00  1.50000000e+00 
 1.12000000e+00  1.12000000e+00  1.12000000e+00  3.41230479e-04  1.12000000e+00  1.50000000e+00 
 1.13000000e+00  1.13000000e+00  1.13000000e+00  3.49334168e-04  1.13000000e+00  1.50000000e+00 
 1.14000000e+00  1.14000000e+00  1.14000000e+00  3.57456057e-04  1.14000000e+00  1.50000000e+00 
 1.15000000e+00  1.15000000e+00  1.15000000e+00  3.65595329e-04  1.15000000e+00  1.50000000e+00 
 1.16000000e+00  1.16000000e+00  1.16000000e+00  3.73751176e-04  1.16000000e+00  1.50000000e+00 
 1.17000000e+00  1.17000000e+00  1.17000000e+00  3.81922796e-04  1.17000000e+00  1.50000000e+00 
 1.18000000e+00  1.18000000e+00  1.18000000e+00  3.90109395e-04  1.18000000e+00  1.50000000e+00 
 1.19000000e+00  1.19000000e+00  1.19000000e+00  3.98310187e-04  1.19000000e+00  1.50000000e+00 
 1.20000000e+00  1.20000000e+00  1.20000000e+00  4.06524396e-04  1.20000000e+00  1.50000000e+00 
 1.21000000e+00  1.21000000e+00  1.21000000e+00  4.14751256e-04  1.21000000e+00  1.50000000e+00 
 1.22000000e+00  1.22000000e+00  1.22000000e+00  4.22990012e-04  1.22000000e+00  1.50000000e+00 
 1.23000000e+00  1.23000000e+00  1.23000000e+00  4.31239919e-04  1.23000000e+00  1.50000000e+00 
 1.24000000e+00  1.24000000e+00  1.24000000e+00  4.39500243e-04  1.24000000e+00  1.50000000e+00 
 1.25000000e+00  1.25000000e+00  1.25000000e+00  4.47770263e-04  1.25000000e+00  1.50000000e+00 
 1.26000000e+00  1.26000000e+00  1.26000000e+00  4.56049271e-04  1.26000000e+00  1.50000000e+00 
 1.27000000e+00  1.27000000e+00  1.27000000e+00  4.64336572e-04  1.27000000e+00  1.50000000e+00 
 1.28000000e+00  1.28000000e+00  1.28000000e+00  4.72631483e-04  1.28000000e+00  1.50000000e+00 
 1.29000000e+00  1.29000000e+00  1.29000000e+00  4.80933335e-04  1.29000000e+00  1.50000000e+00 
 1.30000000e+00  1.30000000e+00  1.30000000e+00  4.89241474e-04  1.30000000e+00  1.50000000e+00 
 1.31000000e+00  1.31000000e+00  1.31000000e+00  4.97555258e-04  1.31000000e+00  1.50000000e+00 
 1.32000000e+00  1.32000000e+00  1.32000000e+00  5.05874061e-04  1.32000000e+00  1.50000000e+00 
 1.33000000e+00  1.33000000e+00  1.33000000e+00  5.14197270e-04  1.33000000e+00  1.50000000e+00 
 1.34000000e+00  1.34000000e+00  1.34000000e+00  5.22524287e-04  1.34000000e+00  1.50000000e+00 
 1.35000000e+00  1.35000000e+00  1.35000000e+00  5.30854527e-04  1.35000000e+00  1.50000000e+00 
 1.36000000e+00  1.36000000e+00  1.36000000e+00  5.39187420e-04  1.36000000e+00  1.50000000e+00 
 1.37000000e+00  1.37000000e+00  1.37000000e+00  5.47522411e-04  1.37000000e+00  1.50000000e+00 
 1.38000000e+00  1.38000000e+00  1.38000000e+00  5.55858958e-04  1.38000000e+00  1.50000000e+00 
 1.39000000e+00  1.39000000e+00  1.39000000e+00  5.64196533e-04  1.39000000e+00  1.50000000e+00 
 1.40000000e+00  1.40000000e+00  1.40000000e+00  5.72534621e-04  1.40000000e+00  1.50000000e+00 
 1.41000000e+00  1.41000000e+00  1.41000000e+00  5.80872722e-04  1.41000000e+00  1.50000000e+00 
 1.42000000e+00  1.42000000e+00  1.42000000e+00  5.89210350e-04  1.42000000e+00  1.50000000e+00 
 1.43000000e+00  1.43000000e+00  1.43000000e+00  5.97547029e-04  1.43000000e+00  1.50000000e+00 
 1.44000000e+00  1.44000000e+00  1.44000000e+00  6.05882299e-04  1.44000000e+00  1.50000000e+00 
 1.45000000e+00  1.45000000e+00  1.45000000e+00  6.14215712e-04  1.45000000e+00  1.50000000e+00 
 1.46000000e+00  1.46000000e+00  1.46000000e+00  6.22546833e-04  1.46000000e+00  1.50000000e+00 
 1.47000000e+00  1.47000000e+00  1.47000000e+00  6.30875237e-04  1.47000000e+00  1.50000000e+00 
 1.48000000e+00  1.48000000e+00  1.48000000e+00  6.39200513e-04  1.48000000e+00  1.50000000e+00 
 1.49000000e+00  1.49000000e+00  1.49000000e+00  6.47522262e-04  1.49000000e+00  1.50000000e+00 
 1.50000000e+00  1.50000000e+00  1.50000000e+00  6.55840095e-04  1.50000000e+00  1.50000000e+00 
 1.51000000e+00  1.51000000e+00  1.51000000e+00  6.64153636e-04  1.51000000e+00  1.50000000e+00 
 1.52000000e+00  1.52000000e+00  1.52000000e+00  6.72462519e-04  1.52000000e+00  1.50000000e+00 
 1.53000000e+00  1.53000000e+00  1.53000000e+00  6.80766388e-04  1.53000000e+00  1.50000000e+00 
 1.54000000e+00  1.54000000e+00  1.54000000e+00  6.89064898e-04  1.54000000e+00  1.50000000e+00 
 1.55000000e+00  1.55000000e+00  1.55000000e+00  6.97357716e-04  1.55000000e+00  1.50000000e+00 
 1.56000000e+00  1.56000000e+00  1.56000000e+00  7.05644515e-04  1.56000000e+00  1.50000000e+00 
 1.57000000e+00  1.57000000e+00  1.57000000e+00  7.13924981e-04  1.57000000e+00  1.50000000e+00 
 1.58000000e+00  1.58000000e+00  1.58000000e+00  7.22198809e-04  1.58000000e+00  1.50000000e+00 
 1.59000000e+00  1.59000000e+00  1.59000000e+00  7.30465701e-04  1.59000000e+00  1.50000000e+00 
 1.60000000e+00  1.60000000e+00  1.60000000e+00  7.38725370e-04  1.60000000e+00  1.50000000e+00 
 1.61000000e+00  1.61000000e+00  1.61000000e+00  7.46977536e-04  1.61000000e+00  1.50000000e+00 
 1.62000000e+00  1.62000000e+00  1.62000000e+00  7.55221929e-04  1.62000000e+00  1.50000000e+00 
 1.63000000e+00  1.63000000e+00  1.63000000e+00  7.63458286e-04  1.63000000e+00  1.50000000e+00 
 1.64000000e+00  1.64000000e+00  1.64000000e+00  7.71686353e-04  1.64000000e+00  1.50000000e+00 
 1.65000000e+00  1.65000000e+00  1.65000000e+00  7.79905882e-04  1.65000000e+00  1.50000000e+00 
 1.66000000e+00  1.66000000e+00  1.66000000e+00  7.88116633e-04  1.66000000e+00  1.50000000e+00 
 1.67000000e+00  1.67000000e+00  1.67000000e+00  7.96318375e-04  1.67000000e+00  1.50000000e+00 
 1.68000000e+00  1.68000000e+00  1.68000000e+00  8.04510882e-04  1.68000000e+00  1.50000000e+00 
 1.69000000e+00  1.69000000e+00  1.69000000e+00  8.12693935e-04  1.69000000e+00  1.50000000e+00 
 1.70000000e+00  1.70000000e+00  1.70000000e+00  8.20867322e-04  1.70000000e+00  1.50000000e+00 
 1.71000000e+00  1.71000000e+00  1.71000000e+00  8.29030838e-04  1.71000000e+00  1.50000000e+00 
 1.72000000e+00  1.72000000e+00  1.72000000e+00  8.37184284e-04  1.72000000e+00  1.50000000e+00 
 1.73000000e+00  1.73000000e+00  1.73000000e+00  8.45327465e-04  1.73000000e+00  1.50000000e+00 
 1.74000000e+00  1.74000000e+00  1.74000000e+00  8.53460195e-04  1.74000000e+00  1.50000000e+00 
 1.75000000e+00  1.75000000e+00  1.75000000e+00  8.61582291e-04  1.75000000e+00  1.50000000e+00 
 1.76000000e+00  1.76000000e+00  1.76000000e+00  8.69693577e-04  1.76000000e+00  1.50000000e+00 
 1.77000000e+00  1.77000000e+00  1.77000000e+00  8.77793883e-04  1.77000000e+00  1.50000000e+00 
 1.78000000e+00  1.78000000e+00  1.78000000e+00  8.85883041e-04  1.78000000e+00  1.50000000e+00 
 1.79000000e+00  1.79000000e+00  1.79000000e+00  8.93960891e-04  1.79000000e+00  1.50000000e+00 
 1.80000000e+00  1.80000000e+00  1.80000000e+00  9.02027277e-04  1.80000000e+00  1.50000000e+00 
 1.81000000e+00  1.81000000e+00  1.81000000e+00  9.10082048e-04  1.81000000e+00  1.50000000e+00 
 1.82000000e+00  1.82000000e+00  1.82000000e+00  9.18125055e-04  1.82000000e+00  1.50000000e+00 
 1.83000000e+00  1.83000000e+00  1.83000000e+00  9.26156158e-04  1.83000000e+00  1.50000000e+00 
 1.84000000e+00  1.84000000e+00  1.84000000e+00  9.34175217e-04  1.84000000e+00  1.50000000e+00 
 1.85000000e+00  1.85000000e+00  1.85000000e+00  9.42182098e-04  1.85000000e+00  1.50000000e+00 
