 0.00000000e+00  0.00000000e+00  0.00000000e+00  1.67023444e-11  0.00000000e+00  1.90000000e+00 
 1.00000000e-02  1.00000000e-02  1.00000000e-02  2.13704964e-11  1.00000000e-02  1.90000000e+00 
 2.00000000e-02  2.00000000e-02  2.00000000e-02  2.73423577e-11  2.00000000e-02  1.90000000e+00 
 3.00000000e-02  3.00000000e-02  3.00000000e-02  3.49815808e-11  3.00000000e-02  1.90000000e+00 
 4.00000000e-02  4.00000000e-02  4.00000000e-02  4.47530567e-11  4.00000000e-02  1.90000000e+00 
 5.00000000e-02  5.00000000e-02  5.00000000e-02  5.72510111e-11  5.00000000e-02  1.90000000e+00 
 6.00000000e-02  6.00000000e-02  6.00000000e-02  7.32348598e-11  6.00000000e-02  1.90000000e+00 
 7.00000000e-02  7.00000000e-02  7.00000000e-02  9.36749477e-11  7.00000000e-02  1.90000000e+00 
 8.00000000e-02  8.00000000e-02  8.00000000e-02  1.19810872e-10  8.00000000e-02  1.90000000e+00 
 9.00000000e-02  9.00000000e-02  9.00000000e-02  1.53225819e-10  9.00000000e-02  1.90000000e+00 
 1.00000000e-01  1.00000000e-01  1.00000000e-01  1.95941251e-10  1.00000000e-01  1.90000000e+00 
 1.10000000e-01  1.10000000e-01  1.10000000e-01  2.50537459e-10  1.10000000e-01  1.90000000e+00 
 1.20000000e-01  1.20000000e-01  1.20000000e-01  3.20306929e-10  1.20000000e-01  1.90000000e+00 
 1.30000000e-01  1.30000000e-01  1.30000000e-01  4.09449305e-10  1.30000000e-01  1.90000000e+00 
 1.40000000e-01  1.40000000e-01  1.40000000e-01  5.23319039e-10  1.40000000e-01  1.90000000e+00 
 1.50000000e-01  1.50000000e-01  1.50000000e-01  6.68739638e-10  1.50000000e-01  1.90000000e+00 
 1.60000000e-01  1.60000000e-01  1.60000000e-01  8.54402025e-10  1.60000000e-01  1.90000000e+00 
 1.70000000e-01  1.70000000e-01  1.70000000e-01  1.09136890e-09  1.70000000e-01  1.90000000e+00 
 1.80000000e-01  1.80000000e-01  1.80000000e-01  1.39371248e-09  1.80000000e-01  1.90000000e+00 
 1.90000000e-01  1.90000000e-01  1.90000000e-01  1.77931971e-09  1.90000000e-01  1.90000000e+00 
 2.00000000e-01  2.00000000e-01  2.00000000e-01  2.27090725e-09  2.00000000e-01  1.90000000e+00 
 2.10000000e-01  2.10000000e-01  2.10000000e-01  2.89729858e-09  2.10000000e-01  1.90000000e+00 
 2.20000000e-01  2.20000000e-01  2.20000000e-01  3.69502776e-09  2.20000000e-01  1.90000000e+00 
 2.30000000e-01  2.30000000e-01  2.30000000e-01  4.71034900e-09  2.30000000e-01  1.90000000e+00 
 2.40000000e-01  2.40000000e-01  2.40000000e-01  6.00174877e-09  2.40000000e-01  1.90000000e+00 
 2.50000000e-01  2.50000000e-01  2.50000000e-01  7.64307804e-09  2.50000000e-01  1.90000000e+00 
 2.60000000e-01  2.60000000e-01  2.60000000e-01  9.72744701e-09  2.60000000e-01  1.90000000e+00 
 2.70000000e-01  2.70000000e-01  2.70000000e-01  1.23720538e-08  2.70000000e-01  1.90000000e+00 
 2.80000000e-01  2.80000000e-01  2.80000000e-01  1.57241522e-08  2.80000000e-01  1.90000000e+00 
 2.90000000e-01  2.90000000e-01  2.90000000e-01  1.99684047e-08  2.90000000e-01  1.90000000e+00 
 3.00000000e-01  3.00000000e-01  3.00000000e-01  2.53359117e-08  3.00000000e-01  1.90000000e+00 
 3.10000000e-01  3.10000000e-01  3.10000000e-01  3.21152634e-08  3.10000000e-01  1.90000000e+00 
 3.20000000e-01  3.20000000e-01  3.20000000e-01  4.06660277e-08  3.20000000e-01  1.90000000e+00 
 3.30000000e-01  3.30000000e-01  3.30000000e-01  5.14351618e-08  3.30000000e-01  1.90000000e+00 
 3.40000000e-01  3.40000000e-01  3.40000000e-01  6.49769329e-08  3.40000000e-01  1.90000000e+00 
 3.50000000e-01  3.50000000e-01  3.50000000e-01  8.19770534e-08  3.50000000e-01  1.90000000e+00 
 3.60000000e-01  3.60000000e-01  3.60000000e-01  1.03281880e-07  3.60000000e-01  1.90000000e+00 
 3.70000000e-01  3.70000000e-01  3.70000000e-01  1.29933719e-07  3.70000000e-01  1.90000000e+00 
 3.80000000e-01  3.80000000e-01  3.80000000e-01  1.63213508e-07  3.80000000e-01  1.90000000e+00 
 3.90000000e-01  3.90000000e-01  3.90000000e-01  2.04692432e-07  3.90000000e-01  1.90000000e+00 
 4.00000000e-01  4.00000000e-01  4.00000000e-01  2.56294342e-07  4.00000000e-01  1.90000000e+00 
 4.10000000e-01  4.10000000e-01  4.10000000e-01  3.20371196e-07  4.10000000e-01  1.90000000e+00 
 4.20000000e-01  4.20000000e-01  4.20000000e-01  3.99794011e-07  4.20000000e-01  1.90000000e+00 
 4.30000000e-01  4.30000000e-01  4.30000000e-01  4.98061953e-07  4.30000000e-01  1.90000000e+00 
 4.40000000e-01  4.40000000e-01  4.40000000e-01  6.19431985e-07  4.40000000e-01  1.90000000e+00 
 4.50000000e-01  4.50000000e-01  4.50000000e-01  7.69070733e-07  4.50000000e-01  1.90000000e+00 
 4.60000000e-01  4.60000000e-01  4.60000000e-01  9.53228655e-07  4.60000000e-01  1.90000000e+00 
 4.70000000e-01  4.70000000e-01  4.70000000e-01  1.17943385e-06  4.70000000e-01  1.90000000e+00 
 4.80000000e-01  4.80000000e-01  4.80000000e-01  1.45669879e-06  4.80000000e-01  1.90000000e+00 
 4.90000000e-01  4.90000000e-01  4.90000000e-01  1.79572799e-06  4.90000000e-01  1.90000000e+00 
 5.00000000e-01  5.00000000e-01  5.00000000e-01  2.20910811e-06  5.00000000e-01  1.90000000e+00 
 5.10000000e-01  5.10000000e-01  5.10000000e-01  2.71145540e-06  5.10000000e-01  1.90000000e+00 
 5.20000000e-01  5.20000000e-01  5.20000000e-01  3.31949013e-06  5.20000000e-01  1.90000000e+00 
 5.30000000e-01  5.30000000e-01  5.30000000e-01  4.05200428e-06  5.30000000e-01  1.90000000e+00 
 5.40000000e-01  5.40000000e-01  5.40000000e-01  4.92969090e-06  5.40000000e-01  1.90000000e+00 
 5.50000000e-01  5.50000000e-01  5.50000000e-01  5.97481059e-06  5.50000000e-01  1.90000000e+00 
 5.60000000e-01  5.60000000e-01  5.60000000e-01  7.21068430e-06  5.60000000e-01  1.90000000e+00 
 5.70000000e-01  5.70000000e-01  5.70000000e-01  8.66102100e-06  5.70000000e-01  1.90000000e+00 
 5.80000000e-01  5.80000000e-01  5.80000000e-01  1.03491104e-05  5.80000000e-01  1.90000000e+00 
 5.90000000e-01  5.90000000e-01  5.90000000e-01  1.22969332e-05  5.90000000e-01  1.90000000e+00 
 6.00000000e-01  6.00000000e-01  6.00000000e-01  1.45242564e-05  6.00000000e-01  1.90000000e+00 
 6.10000000e-01  6.10000000e-01  6.10000000e-01  1.70477921e-05  6.10000000e-01  1.90000000e+00 
 6.20000000e-01  6.20000000e-01  6.20000000e-01  1.98804929e-05  6.20000000e-01  1.90000000e+00 
 6.30000000e-01  6.30000000e-01  6.30000000e-01  2.30310448e-05  6.30000000e-01  1.90000000e+00 
 6.40000000e-01  6.40000000e-01  6.40000000e-01  2.65035991e-05  6.40000000e-01  1.90000000e+00 
 6.50000000e-01  6.50000000e-01  6.50000000e-01  3.02977536e-05  6.50000000e-01  1.90000000e+00 
 6.60000000e-01  6.60000000e-01  6.60000000e-01  3.44087731e-05  6.60000000e-01  1.90000000e+00 
 6.70000000e-01  6.70000000e-01  6.70000000e-01  3.88280109e-05  6.70000000e-01  1.90000000e+00 
 6.80000000e-01  6.80000000e-01  6.80000000e-01  4.35434831e-05  6.80000000e-01  1.90000000e+00 
 6.90000000e-01  6.90000000e-01  6.90000000e-01  4.85405368e-05  6.90000000e-01  1.90000000e+00 
 7.00000000e-01  7.00000000e-01  7.00000000e-01  5.38025555e-05  7.00000000e-01  1.90000000e+00 
 7.10000000e-01  7.10000000e-01  7.10000000e-01  5.93116510e-05  7.10000000e-01  1.90000000e+00 
 7.20000000e-01  7.20000000e-01  7.20000000e-01  6.50493030e-05  7.20000000e-01  1.90000000e+00 
 7.30000000e-01  7.30000000e-01  7.30000000e-01  7.09969176e-05  7.30000000e-01  1.90000000e+00 
 7.40000000e-01  7.40000000e-01  7.40000000e-01  7.71362912e-05  7.40000000e-01  1.90000000e+00 
 7.50000000e-01  7.50000000e-01  7.50000000e-01  8.34499726e-05  7.50000000e-01  1.90000000e+00 
 7.60000000e-01  7.60000000e-01  7.60000000e-01  8.99215279e-05  7.60000000e-01  1.90000000e+00 
 7.70000000e-01  7.70000000e-01  7.70000000e-01  9.65357167e-05  7.70000000e-01  1.90000000e+00 
 7.80000000e-01  7.80000000e-01  7.80000000e-01  1.03278591e-04  7.80000000e-01  1.90000000e+00 
 7.90000000e-01  7.90000000e-01  7.90000000e-01  1.10137530e-04  7.90000000e-01  1.90000000e+00 
 8.00000000e-01  8.00000000e-01  8.00000000e-01  1.17101230e-04  8.00000000e-01  1.90000000e+00 
 8.10000000e-01  8.10000000e-01  8.10000000e-01  1.24159649e-04  8.10000000e-01  1.90000000e+00 
 8.20000000e-01  8.20000000e-01  8.20000000e-01  1.31303935e-04  8.20000000e-01  1.90000000e+00 
 8.30000000e-01  8.30000000e-01  8.30000000e-01  1.38526327e-04  8.30000000e-01  1.90000000e+00 
 8.40000000e-01  8.40000000e-01  8.40000000e-01  1.45820062e-04  8.40000000e-01  1.90000000e+00 
 8.50000000e-01  8.50000000e-01  8.50000000e-01  1.53179263e-04  8.50000000e-01  1.90000000e+00 
 8.60000000e-01  8.60000000e-01  8.60000000e-01  1.60598843e-04  8.60000000e-01  1.90000000e+00 
 8.70000000e-01  8.70000000e-01  8.70000000e-01  1.68074402e-04  8.70000000e-01  1.90000000e+00 
 8.80000000e-01  8.80000000e-01  8.80000000e-01  1.75602135e-04  8.80000000e-01  1.90000000e+00 
 8.90000000e-01  8.90000000e-01  8.90000000e-01  1.83178751e-04  8.90000000e-01  1.90000000e+00 
 9.00000000e-01  9.00000000e-01  9.00000000e-01  1.90801391e-04  9.00000000e-01  1.90000000e+00 
 9.10000000e-01  9.10000000e-01  9.10000000e-01  1.98467566e-04  9.10000000e-01  1.90000000e+00 
 9.20000000e-01  9.20000000e-01  9.20000000e-01  2.06175097e-04  9.20000000e-01  1.90000000e+00 
 9.30000000e-01  9.30000000e-01  9.30000000e-01  2.13922060e-04  9.30000000e-01  1.90000000e+00 
 9.40000000e-01  9.40000000e-01  9.40000000e-01  2.21706741e-04  9.40000000e-01  1.90000000e+00 
 9.50000000e-01  9.50000000e-01  9.50000000e-01  2.29527602e-04  9.50000000e-01  1.90000000e+00 
 9.60000000e-01  9.60000000e-01  9.60000000e-01  2.37383247e-04  9.60000000e-01  1.90000000e+00 
 9.70000000e-01  9.70000000e-01  9.70000000e-01  2.45272393e-04  9.70000000e-01  1.90000000e+00 
 9.80000000e-01  9.80000000e-01  9.80000000e-01  2.53193848e-04  9.80000000e-01  1.90000000e+00 
 9.90000000e-01  9.90000000e-01  9.90000000e-01  2.61146494e-04  9.90000000e-01  1.90000000e+00 
 1.00000000e+00  1.00000000e+00  1.00000000e+00  2.69129271e-04  1.00000000e+00  1.90000000e+00 
 1.01000000e+00  1.01000000e+00  1.01000000e+00  2.77141163e-04  1.01000000e+00  1.90000000e+00 
 1.02000000e+00  1.02000000e+00  1.02000000e+00  2.85181189e-04  1.02000000e+00  1.90000000e+00 
 1.03000000e+00  1.03000000e+00  1.03000000e+00  2.93248396e-04  1.03000000e+00  1.90000000e+00 
 1.04000000e+00  1.04000000e+00  1.04000000e+00  3.01341854e-04  1.04000000e+00  1.90000000e+00 
 1.05000000e+00  1.05000000e+00  1.05000000e+00  3.09460646e-04  1.05000000e+00  1.90000000e+00 
 1.06000000e+00  1.06000000e+00  1.06000000e+00  3.17603870e-04  1.06000000e+00  1.90000000e+00 
 1.07000000e+00  1.07000000e+00  1.07000000e+00  3.25770635e-04  1.07000000e+00  1.90000000e+00 
 1.08000000e+00  1.08000000e+00  1.08000000e+00  3.33960059e-04  1.08000000e+00  1.90000000e+00 
 1.09000000e+00  1.09000000e+00  1.09000000e+00  3.42171266e-04  1.09000000e+00  1.90000000e+00 
 1.10000000e+00  1.10000000e+00  1.10000000e+00  3.50403388e-04  1.10000000e+00  1.90000000e+00 
 1.11000000e+00  1.11000000e+00  1.11000000e+00  3.58655564e-04  1.11000000e+00  1.90000000e+00 
 1.12000000e+00  1.12000000e+00  1.12000000e+00  3.66926941e-04  1.12000000e+00  1.90000000e+00 
 1.13000000e+00  1.13000000e+00  1.13000000e+00  3.75216671e-04  1.13000000e+00  1.90000000e+00 
 1.14000000e+00  1.14000000e+00  1.14000000e+00  3.83523916e-04  1.14000000e+00  1.90000000e+00 
 1.15000000e+00  1.15000000e+00  1.15000000e+00  3.91847844e-04  1.15000000e+00  1.90000000e+00 
 1.16000000e+00  1.16000000e+00  1.16000000e+00  4.00187633e-04  1.16000000e+00  1.90000000e+00 
 1.17000000e+00  1.17000000e+00  1.17000000e+00  4.08542471e-04  1.17000000e+00  1.90000000e+00 
 1.18000000e+00  1.18000000e+00  1.18000000e+00  4.16911556e-04  1.18000000e+00  1.90000000e+00 
 1.19000000e+00  1.19000000e+00  1.19000000e+00  4.25294096e-04  1.19000000e+00  1.90000000e+00 
 1.20000000e+00  1.20000000e+00  1.20000000e+00  4.33689311e-04  1.20000000e+00  1.90000000e+00 
 1.21000000e+00  1.21000000e+00  1.21000000e+00  4.42096433e-04  1.21000000e+00  1.90000000e+00 
 1.22000000e+00  1.22000000e+00  1.22000000e+00  4.50514706e-04  1.22000000e+00  1.90000000e+00 
 1.23000000e+00  1.23000000e+00  1.23000000e+00  4.58943388e-04  1.23000000e+00  1.90000000e+00 
 1.24000000e+00  1.24000000e+00  1.24000000e+00  4.67381749e-04  1.24000000e+00  1.90000000e+00 
 1.25000000e+00  1.25000000e+00  1.25000000e+00  4.75829074e-04  1.25000000e+00  1.90000000e+00 
 1.26000000e+00  1.26000000e+00  1.26000000e+00  4.84284662e-04  1.26000000e+00  1.90000000e+00 
 1.27000000e+00  1.27000000e+00  1.27000000e+00  4.92747825e-04  1.27000000e+00  1.90000000e+00 
 1.28000000e+00  1.28000000e+00  1.28000000e+00  5.01217893e-04  1.28000000e+00  1.90000000e+00 
 1.29000000e+00  1.29000000e+00  1.29000000e+00  5.09694206e-04  1.29000000e+00  1.90000000e+00 
 1.30000000e+00  1.30000000e+00  1.30000000e+00  5.18176122e-04  1.30000000e+00  1.90000000e+00 
 1.31000000e+00  1.31000000e+00  1.31000000e+00  5.26663014e-04  1.31000000e+00  1.90000000e+00 
 1.32000000e+00  1.32000000e+00  1.32000000e+00  5.35154268e-04  1.32000000e+00  1.90000000e+00 
 1.33000000e+00  1.33000000e+00  1.33000000e+00  5.43649286e-04  1.33000000e+00  1.90000000e+00 
 1.34000000e+00  1.34000000e+00  1.34000000e+00  5.52147484e-04  1.34000000e+00  1.90000000e+00 
 1.35000000e+00  1.35000000e+00  1.35000000e+00  5.60648295e-04  1.35000000e+00  1.90000000e+00 
 1.36000000e+00  1.36000000e+00  1.36000000e+00  5.69151164e-04  1.36000000e+00  1.90000000e+00 
 1.37000000e+00  1.37000000e+00  1.37000000e+00  5.77655552e-04  1.37000000e+00  1.90000000e+00 
 1.38000000e+00  1.38000000e+00  1.38000000e+00  5.86160933e-04  1.38000000e+00  1.90000000e+00 
 1.39000000e+00  1.39000000e+00  1.39000000e+00  5.94666796e-04  1.39000000e+00  1.90000000e+00 
 1.40000000e+00  1.40000000e+00  1.40000000e+00  6.03172645e-04  1.40000000e+00  1.90000000e+00 
 1.41000000e+00  1.41000000e+00  1.41000000e+00  6.11677996e-04  1.41000000e+00  1.90000000e+00 
 1.42000000e+00  1.42000000e+00  1.42000000e+00  6.20182378e-04  1.42000000e+00  1.90000000e+00 
 1.43000000e+00  1.43000000e+00  1.43000000e+00  6.28685335e-04  1.43000000e+00  1.90000000e+00 
 1.44000000e+00  1.44000000e+00  1.44000000e+00  6.37186424e-04  1.44000000e+00  1.90000000e+00 
 1.45000000e+00  1.45000000e+00  1.45000000e+00  6.45685212e-04  1.45000000e+00  1.90000000e+00 
 1.46000000e+00  1.46000000e+00  1.46000000e+00  6.54181282e-04  1.46000000e+00  1.90000000e+00 
 1.47000000e+00  1.47000000e+00  1.47000000e+00  6.62674227e-04  1.47000000e+00  1.90000000e+00 
 1.48000000e+00  1.48000000e+00  1.48000000e+00  6.71163652e-04  1.48000000e+00  1.90000000e+00 
 1.49000000e+00  1.49000000e+00  1.49000000e+00  6.79649174e-04  1.49000000e+00  1.90000000e+00 
 1.50000000e+00  1.50000000e+00  1.50000000e+00  6.88130421e-04  1.50000000e+00  1.90000000e+00 
 1.51000000e+00  1.51000000e+00  1.51000000e+00  6.96607034e-04  1.51000000e+00  1.90000000e+00 
 1.52000000e+00  1.52000000e+00  1.52000000e+00  7.05078662e-04  1.52000000e+00  1.90000000e+00 
 1.53000000e+00  1.53000000e+00  1.53000000e+00  7.13544965e-04  1.53000000e+00  1.90000000e+00 
 1.54000000e+00  1.54000000e+00  1.54000000e+00  7.22005616e-04  1.54000000e+00  1.90000000e+00 
 1.55000000e+00  1.55000000e+00  1.55000000e+00  7.30460293e-04  1.55000000e+00  1.90000000e+00 
 1.56000000e+00  1.56000000e+00  1.56000000e+00  7.38908689e-04  1.56000000e+00  1.90000000e+00 
 1.57000000e+00  1.57000000e+00  1.57000000e+00  7.47350503e-04  1.57000000e+00  1.90000000e+00 
 1.58000000e+00  1.58000000e+00  1.58000000e+00  7.55785445e-04  1.58000000e+00  1.90000000e+00 
 1.59000000e+00  1.59000000e+00  1.59000000e+00  7.64213231e-04  1.59000000e+00  1.90000000e+00 
 1.60000000e+00  1.60000000e+00  1.60000000e+00  7.72633590e-04  1.60000000e+00  1.90000000e+00 
 1.61000000e+00  1.61000000e+00  1.61000000e+00  7.81046256e-04  1.61000000e+00  1.90000000e+00 
 1.62000000e+00  1.62000000e+00  1.62000000e+00  7.89450973e-04  1.62000000e+00  1.90000000e+00 
 1.63000000e+00  1.63000000e+00  1.63000000e+00  7.97847492e-04  1.63000000e+00  1.90000000e+00 
 1.64000000e+00  1.64000000e+00  1.64000000e+00  8.06235572e-04  1.64000000e+00  1.90000000e+00 
 1.65000000e+00  1.65000000e+00  1.65000000e+00  8.14614979e-04  1.65000000e+00  1.90000000e+00 
 1.66000000e+00  1.66000000e+00  1.66000000e+00  8.22985488e-04  1.66000000e+00  1.90000000e+00 
 1.67000000e+00  1.67000000e+00  1.67000000e+00  8.31346878e-04  1.67000000e+00  1.90000000e+00 
 1.68000000e+00  1.68000000e+00  1.68000000e+00  8.39698938e-04  1.68000000e+00  1.90000000e+00 
 1.69000000e+00  1.69000000e+00  1.69000000e+00  8.48041462e-04  1.69000000e+00  1.90000000e+00 
 1.70000000e+00  1.70000000e+00  1.70000000e+00  8.56374250e-04  1.70000000e+00  1.90000000e+00 
 1.71000000e+00  1.71000000e+00  1.71000000e+00  8.64697109e-04  1.71000000e+00  1.90000000e+00 
 1.72000000e+00  1.72000000e+00  1.72000000e+00  8.73009853e-04  1.72000000e+00  1.90000000e+00 
 1.73000000e+00  1.73000000e+00  1.73000000e+00  8.81312300e-04  1.73000000e+00  1.90000000e+00 
 1.74000000e+00  1.74000000e+00  1.74000000e+00  8.89604275e-04  1.74000000e+00  1.90000000e+00 
 1.75000000e+00  1.75000000e+00  1.75000000e+00  8.97885607e-04  1.75000000e+00  1.90000000e+00 
 1.76000000e+00  1.76000000e+00  1.76000000e+00  9.06156132e-04  1.76000000e+00  1.90000000e+00 
 1.77000000e+00  1.77000000e+00  1.77000000e+00  9.14415691e-04  1.77000000e+00  1.90000000e+00 
 1.78000000e+00  1.78000000e+00  1.78000000e+00  9.22664128e-04  1.78000000e+00  1.90000000e+00 
 1.79000000e+00  1.79000000e+00  1.79000000e+00  9.30901295e-04  1.79000000e+00  1.90000000e+00 
 1.80000000e+00  1.80000000e+00  1.80000000e+00  9.39127046e-04  1.80000000e+00  1.90000000e+00 
 1.81000000e+00  1.81000000e+00  1.81000000e+00  9.47341241e-04  1.81000000e+00  1.90000000e+00 
 1.82000000e+00  1.82000000e+00  1.82000000e+00  9.55543744e-04  1.82000000e+00  1.90000000e+00 
 1.83000000e+00  1.83000000e+00  1.83000000e+00  9.63734423e-04  1.83000000e+00  1.90000000e+00 
 1.84000000e+00  1.84000000e+00  1.84000000e+00  9.71913151e-04  1.84000000e+00  1.90000000e+00 
 1.85000000e+00  1.85000000e+00  1.85000000e+00  9.80079804e-04  1.85000000e+00  1.90000000e+00 
