 0.00000000e+00  0.00000000e+00  0.00000000e+00  4.09170660e-12  0.00000000e+00  1.10000000e+00 
 1.00000000e-02  1.00000000e-02  1.00000000e-02  5.23746696e-12  1.00000000e-02  1.10000000e+00 
 2.00000000e-02  2.00000000e-02  2.00000000e-02  6.70393465e-12  2.00000000e-02  1.10000000e+00 
 3.00000000e-02  3.00000000e-02  3.00000000e-02  8.58082060e-12  3.00000000e-02  1.10000000e+00 
 4.00000000e-02  4.00000000e-02  4.00000000e-02  1.09829047e-11  4.00000000e-02  1.10000000e+00 
 5.00000000e-02  5.00000000e-02  5.00000000e-02  1.40570298e-11  5.00000000e-02  1.10000000e+00 
 6.00000000e-02  6.00000000e-02  6.00000000e-02  1.79910412e-11  6.00000000e-02  1.10000000e+00 
 7.00000000e-02  7.00000000e-02  7.00000000e-02  2.30252124e-11  7.00000000e-02  1.10000000e+00 
 8.00000000e-02  8.00000000e-02  8.00000000e-02  2.94668428e-11  8.00000000e-02  1.10000000e+00 
 9.00000000e-02  9.00000000e-02  9.00000000e-02  3.77089053e-11  9.00000000e-02  1.10000000e+00 
 1.00000000e-01  1.00000000e-01  1.00000000e-01  4.82538595e-11  1.00000000e-01  1.10000000e+00 
 1.10000000e-01  1.10000000e-01  1.10000000e-01  6.17440523e-11  1.10000000e-01  1.10000000e+00 
 1.20000000e-01  1.20000000e-01  1.20000000e-01  7.90005128e-11  1.20000000e-01  1.10000000e+00 
 1.30000000e-01  1.30000000e-01  1.30000000e-01  1.01072442e-10  1.30000000e-01  1.10000000e+00 
 1.40000000e-01  1.40000000e-01  1.40000000e-01  1.29300310e-10  1.40000000e-01  1.10000000e+00 
 1.50000000e-01  1.50000000e-01  1.50000000e-01  1.65396275e-10  1.50000000e-01  1.10000000e+00 
 1.60000000e-01  1.60000000e-01  1.60000000e-01  2.11546597e-10  1.60000000e-01  1.10000000e+00 
 1.70000000e-01  1.70000000e-01  1.70000000e-01  2.70541998e-10  1.70000000e-01  1.10000000e+00 
 1.80000000e-01  1.80000000e-01  1.80000000e-01  3.45943467e-10  1.80000000e-01  1.10000000e+00 
 1.90000000e-01  1.90000000e-01  1.90000000e-01  4.42292963e-10  1.90000000e-01  1.10000000e+00 
 2.00000000e-01  2.00000000e-01  2.00000000e-01  5.65380951e-10  2.00000000e-01  1.10000000e+00 
 2.10000000e-01  2.10000000e-01  2.10000000e-01  7.22585725e-10  2.10000000e-01  1.10000000e+00 
 2.20000000e-01  2.20000000e-01  2.20000000e-01  9.23303315e-10  2.20000000e-01  1.10000000e+00 
 2.30000000e-01  2.30000000e-01  2.30000000e-01  1.17949145e-09  2.30000000e-01  1.10000000e+00 
 2.40000000e-01  2.40000000e-01  2.40000000e-01  1.50635690e-09  2.40000000e-01  1.10000000e+00 
 2.50000000e-01  2.50000000e-01  2.50000000e-01  1.92322256e-09  2.50000000e-01  1.10000000e+00 
 2.60000000e-01  2.60000000e-01  2.60000000e-01  2.45461950e-09  2.60000000e-01  1.10000000e+00 
 2.70000000e-01  2.70000000e-01  2.70000000e-01  3.13165978e-09  2.70000000e-01  1.10000000e+00 
 2.80000000e-01  2.80000000e-01  2.80000000e-01  3.99375845e-09  2.80000000e-01  1.10000000e+00 
 2.90000000e-01  2.90000000e-01  2.90000000e-01  5.09078914e-09  2.90000000e-01  1.10000000e+00 
 3.00000000e-01  3.00000000e-01  3.00000000e-01  6.48577559e-09  3.00000000e-01  1.10000000e+00 
 3.10000000e-01  3.10000000e-01  3.10000000e-01  8.25824412e-09  3.10000000e-01  1.10000000e+00 
 3.20000000e-01  3.20000000e-01  3.20000000e-01  1.05083879e-08  3.20000000e-01  1.10000000e+00 
 3.30000000e-01  3.30000000e-01  3.30000000e-01  1.33622258e-08  3.30000000e-01  1.10000000e+00 
 3.40000000e-01  3.40000000e-01  3.40000000e-01  1.69779739e-08  3.40000000e-01  1.10000000e+00 
 3.50000000e-01  3.50000000e-01  3.50000000e-01  2.15538957e-08  3.50000000e-01  1.10000000e+00 
 3.60000000e-01  3.60000000e-01  3.60000000e-01  2.73379438e-08  3.60000000e-01  1.10000000e+00 
 3.70000000e-01  3.70000000e-01  3.70000000e-01  3.46395779e-08  3.70000000e-01  1.10000000e+00 
 3.80000000e-01  3.80000000e-01  3.80000000e-01  4.38442157e-08  3.80000000e-01  1.10000000e+00 
 3.90000000e-01  3.90000000e-01  3.90000000e-01  5.54308779e-08  3.90000000e-01  1.10000000e+00 
 4.00000000e-01  4.00000000e-01  4.00000000e-01  6.99937106e-08  4.00000000e-01  1.10000000e+00 
 4.10000000e-01  4.10000000e-01  4.10000000e-01  8.82682306e-08  4.10000000e-01  1.10000000e+00 
 4.20000000e-01  4.20000000e-01  4.20000000e-01  1.11163343e-07  4.20000000e-01  1.10000000e+00 
 4.30000000e-01  4.30000000e-01  4.30000000e-01  1.39800439e-07  4.30000000e-01  1.10000000e+00 
 4.40000000e-01  4.40000000e-01  4.40000000e-01  1.75561199e-07  4.40000000e-01  1.10000000e+00 
 4.50000000e-01  4.50000000e-01  4.50000000e-01  2.20146091e-07  4.50000000e-01  1.10000000e+00 
 4.60000000e-01  4.60000000e-01  4.60000000e-01  2.75645954e-07  4.60000000e-01  1.10000000e+00 
 4.70000000e-01  4.70000000e-01  4.70000000e-01  3.44629413e-07  4.70000000e-01  1.10000000e+00 
 4.80000000e-01  4.80000000e-01  4.80000000e-01  4.30249090e-07  4.80000000e-01  1.10000000e+00 
 4.90000000e-01  4.90000000e-01  4.90000000e-01  5.36369491e-07  4.90000000e-01  1.10000000e+00 
 5.00000000e-01  5.00000000e-01  5.00000000e-01  6.67718779e-07  5.00000000e-01  1.10000000e+00 
 5.10000000e-01  5.10000000e-01  5.10000000e-01  8.30065177e-07  5.10000000e-01  1.10000000e+00 
 5.20000000e-01  5.20000000e-01  5.20000000e-01  1.03041606e-06  5.20000000e-01  1.10000000e+00 
 5.30000000e-01  5.30000000e-01  5.30000000e-01  1.27723377e-06  5.30000000e-01  1.10000000e+00 
 5.40000000e-01  5.40000000e-01  5.40000000e-01  1.58065668e-06  5.40000000e-01  1.10000000e+00 
 5.50000000e-01  5.50000000e-01  5.50000000e-01  1.95270728e-06  5.50000000e-01  1.10000000e+00 
 5.60000000e-01  5.60000000e-01  5.60000000e-01  2.40746224e-06  5.60000000e-01  1.10000000e+00 
 5.70000000e-01  5.70000000e-01  5.70000000e-01  2.96115264e-06  5.70000000e-01  1.10000000e+00 
 5.80000000e-01  5.80000000e-01  5.80000000e-01  3.63215960e-06  5.80000000e-01  1.10000000e+00 
 5.90000000e-01  5.90000000e-01  5.90000000e-01  4.44087070e-06  5.90000000e-01  1.10000000e+00 
 6.00000000e-01  6.00000000e-01  6.00000000e-01  5.40936966e-06  6.00000000e-01  1.10000000e+00 
 6.10000000e-01  6.10000000e-01  6.10000000e-01  6.56094524e-06  6.10000000e-01  1.10000000e+00 
 6.20000000e-01  6.20000000e-01  6.20000000e-01  7.91942476e-06  6.20000000e-01  1.10000000e+00 
 6.30000000e-01  6.30000000e-01  6.30000000e-01  9.50836056e-06  6.30000000e-01  1.10000000e+00 
 6.40000000e-01  6.40000000e-01  6.40000000e-01  1.13501212e-05  6.40000000e-01  1.10000000e+00 
 6.50000000e-01  6.50000000e-01  6.50000000e-01  1.34649569e-05  6.50000000e-01  1.10000000e+00 
 6.60000000e-01  6.60000000e-01  6.60000000e-01  1.58701203e-05  6.60000000e-01  1.10000000e+00 
 6.70000000e-01  6.70000000e-01  6.70000000e-01  1.85791194e-05  6.70000000e-01  1.10000000e+00 
 6.80000000e-01  6.80000000e-01  6.80000000e-01  2.16011707e-05  6.80000000e-01  1.10000000e+00 
 6.90000000e-01  6.90000000e-01  6.90000000e-01  2.49408952e-05  6.90000000e-01  1.10000000e+00 
 7.00000000e-01  7.00000000e-01  7.00000000e-01  2.85982740e-05  7.00000000e-01  1.10000000e+00 
 7.10000000e-01  7.10000000e-01  7.10000000e-01  3.25688529e-05  7.10000000e-01  1.10000000e+00 
 7.20000000e-01  7.20000000e-01  7.20000000e-01  3.68441601e-05  7.20000000e-01  1.10000000e+00 
 7.30000000e-01  7.30000000e-01  7.30000000e-01  4.14122852e-05  7.30000000e-01  1.10000000e+00 
 7.40000000e-01  7.40000000e-01  7.40000000e-01  4.62585595e-05  7.40000000e-01  1.10000000e+00 
 7.50000000e-01  7.50000000e-01  7.50000000e-01  5.13662790e-05  7.50000000e-01  1.10000000e+00 
 7.60000000e-01  7.60000000e-01  7.60000000e-01  5.67174153e-05  7.60000000e-01  1.10000000e+00 
 7.70000000e-01  7.70000000e-01  7.70000000e-01  6.22932742e-05  7.70000000e-01  1.10000000e+00 
 7.80000000e-01  7.80000000e-01  7.80000000e-01  6.80750716e-05  7.80000000e-01  1.10000000e+00 
 7.90000000e-01  7.90000000e-01  7.90000000e-01  7.40444121e-05  7.90000000e-01  1.10000000e+00 
 8.00000000e-01  8.00000000e-01  8.00000000e-01  8.01836620e-05  8.00000000e-01  1.10000000e+00 
 8.10000000e-01  8.10000000e-01  8.10000000e-01  8.64762231e-05  8.10000000e-01  1.10000000e+00 
 8.20000000e-01  8.20000000e-01  8.20000000e-01  9.29067129e-05  8.20000000e-01  1.10000000e+00 
 8.30000000e-01  8.30000000e-01  8.30000000e-01  9.94610658e-05  8.30000000e-01  1.10000000e+00 
 8.40000000e-01  8.40000000e-01  8.40000000e-01  1.06126571e-04  8.40000000e-01  1.10000000e+00 
 8.50000000e-01  8.50000000e-01  8.50000000e-01  1.12891860e-04  8.50000000e-01  1.10000000e+00 
 8.60000000e-01  8.60000000e-01  8.60000000e-01  1.19746851e-04  8.60000000e-01  1.10000000e+00 
 8.70000000e-01  8.70000000e-01  8.70000000e-01  1.26682673e-04  8.70000000e-01  1.10000000e+00 
 8.80000000e-01  8.80000000e-01  8.80000000e-01  1.33691571e-04  8.80000000e-01  1.10000000e+00 
 8.90000000e-01  8.90000000e-01  8.90000000e-01  1.40766796e-04  8.90000000e-01  1.10000000e+00 
 9.00000000e-01  9.00000000e-01  9.00000000e-01  1.47902507e-04  9.00000000e-01  1.10000000e+00 
 9.10000000e-01  9.10000000e-01  9.10000000e-01  1.55093660e-04  9.10000000e-01  1.10000000e+00 
 9.20000000e-01  9.20000000e-01  9.20000000e-01  1.62335907e-04  9.20000000e-01  1.10000000e+00 
 9.30000000e-01  9.30000000e-01  9.30000000e-01  1.69625505e-04  9.30000000e-01  1.10000000e+00 
 9.40000000e-01  9.40000000e-01  9.40000000e-01  1.76959229e-04  9.40000000e-01  1.10000000e+00 
 9.50000000e-01  9.50000000e-01  9.50000000e-01  1.84334295e-04  9.50000000e-01  1.10000000e+00 
 9.60000000e-01  9.60000000e-01  9.60000000e-01  1.91748288e-04  9.60000000e-01  1.10000000e+00 
 9.70000000e-01  9.70000000e-01  9.70000000e-01  1.99199108e-04  9.70000000e-01  1.10000000e+00 
 9.80000000e-01  9.80000000e-01  9.80000000e-01  2.06684910e-04  9.80000000e-01  1.10000000e+00 
 9.90000000e-01  9.90000000e-01  9.90000000e-01  2.14204065e-04  9.90000000e-01  1.10000000e+00 
 1.00000000e+00  1.00000000e+00  1.00000000e+00  2.21755117e-04  1.00000000e+00  1.10000000e+00 
 1.01000000e+00  1.01000000e+00  1.01000000e+00  2.29336753e-04  1.01000000e+00  1.10000000e+00 
 1.02000000e+00  1.02000000e+00  1.02000000e+00  2.36947773e-04  1.02000000e+00  1.10000000e+00 
 1.03000000e+00  1.03000000e+00  1.03000000e+00  2.44587071e-04  1.03000000e+00  1.10000000e+00 
 1.04000000e+00  1.04000000e+00  1.04000000e+00  2.52253609e-04  1.04000000e+00  1.10000000e+00 
 1.05000000e+00  1.05000000e+00  1.05000000e+00  2.59946412e-04  1.05000000e+00  1.10000000e+00 
 1.06000000e+00  1.06000000e+00  1.06000000e+00  2.67664545e-04  1.06000000e+00  1.10000000e+00 
 1.07000000e+00  1.07000000e+00  1.07000000e+00  2.75407110e-04  1.07000000e+00  1.10000000e+00 
 1.08000000e+00  1.08000000e+00  1.08000000e+00  2.83173234e-04  1.08000000e+00  1.10000000e+00 
 1.09000000e+00  1.09000000e+00  1.09000000e+00  2.90962066e-04  1.09000000e+00  1.10000000e+00 
 1.10000000e+00  1.10000000e+00  1.10000000e+00  2.98772768e-04  1.10000000e+00  1.10000000e+00 
 1.11000000e+00  1.11000000e+00  1.11000000e+00  3.06604516e-04  1.11000000e+00  1.10000000e+00 
 1.12000000e+00  1.12000000e+00  1.12000000e+00  3.14456496e-04  1.12000000e+00  1.10000000e+00 
 1.13000000e+00  1.13000000e+00  1.13000000e+00  3.22327900e-04  1.13000000e+00  1.10000000e+00 
 1.14000000e+00  1.14000000e+00  1.14000000e+00  3.30217927e-04  1.14000000e+00  1.10000000e+00 
 1.15000000e+00  1.15000000e+00  1.15000000e+00  3.38125783e-04  1.15000000e+00  1.10000000e+00 
 1.16000000e+00  1.16000000e+00  1.16000000e+00  3.46050678e-04  1.16000000e+00  1.10000000e+00 
 1.17000000e+00  1.17000000e+00  1.17000000e+00  3.53991828e-04  1.17000000e+00  1.10000000e+00 
 1.18000000e+00  1.18000000e+00  1.18000000e+00  3.61948456e-04  1.18000000e+00  1.10000000e+00 
 1.19000000e+00  1.19000000e+00  1.19000000e+00  3.69919790e-04  1.19000000e+00  1.10000000e+00 
 1.20000000e+00  1.20000000e+00  1.20000000e+00  3.77905065e-04  1.20000000e+00  1.10000000e+00 
 1.21000000e+00  1.21000000e+00  1.21000000e+00  3.85903524e-04  1.21000000e+00  1.10000000e+00 
 1.22000000e+00  1.22000000e+00  1.22000000e+00  3.93914418e-04  1.22000000e+00  1.10000000e+00 
 1.23000000e+00  1.23000000e+00  1.23000000e+00  4.01937005e-04  1.23000000e+00  1.10000000e+00 
 1.24000000e+00  1.24000000e+00  1.24000000e+00  4.09970555e-04  1.24000000e+00  1.10000000e+00 
 1.25000000e+00  1.25000000e+00  1.25000000e+00  4.18014346e-04  1.25000000e+00  1.10000000e+00 
 1.26000000e+00  1.26000000e+00  1.26000000e+00  4.26067667e-04  1.26000000e+00  1.10000000e+00 
 1.27000000e+00  1.27000000e+00  1.27000000e+00  4.34129818e-04  1.27000000e+00  1.10000000e+00 
 1.28000000e+00  1.28000000e+00  1.28000000e+00  4.42200110e-04  1.28000000e+00  1.10000000e+00 
 1.29000000e+00  1.29000000e+00  1.29000000e+00  4.50277867e-04  1.29000000e+00  1.10000000e+00 
 1.30000000e+00  1.30000000e+00  1.30000000e+00  4.58362423e-04  1.30000000e+00  1.10000000e+00 
 1.31000000e+00  1.31000000e+00  1.31000000e+00  4.66453128e-04  1.31000000e+00  1.10000000e+00 
 1.32000000e+00  1.32000000e+00  1.32000000e+00  4.74549342e-04  1.32000000e+00  1.10000000e+00 
 1.33000000e+00  1.33000000e+00  1.33000000e+00  4.82650438e-04  1.33000000e+00  1.10000000e+00 
 1.34000000e+00  1.34000000e+00  1.34000000e+00  4.90755804e-04  1.34000000e+00  1.10000000e+00 
 1.35000000e+00  1.35000000e+00  1.35000000e+00  4.98864840e-04  1.35000000e+00  1.10000000e+00 
 1.36000000e+00  1.36000000e+00  1.36000000e+00  5.06976960e-04  1.36000000e+00  1.10000000e+00 
 1.37000000e+00  1.37000000e+00  1.37000000e+00  5.15091590e-04  1.37000000e+00  1.10000000e+00 
 1.38000000e+00  1.38000000e+00  1.38000000e+00  5.23208172e-04  1.38000000e+00  1.10000000e+00 
 1.39000000e+00  1.39000000e+00  1.39000000e+00  5.31326158e-04  1.39000000e+00  1.10000000e+00 
 1.40000000e+00  1.40000000e+00  1.40000000e+00  5.39445017e-04  1.40000000e+00  1.10000000e+00 
 1.41000000e+00  1.41000000e+00  1.41000000e+00  5.47564228e-04  1.41000000e+00  1.10000000e+00 
 1.42000000e+00  1.42000000e+00  1.42000000e+00  5.55683285e-04  1.42000000e+00  1.10000000e+00 
 1.43000000e+00  1.43000000e+00  1.43000000e+00  5.63801693e-04  1.43000000e+00  1.10000000e+00 
 1.44000000e+00  1.44000000e+00  1.44000000e+00  5.71918972e-04  1.44000000e+00  1.10000000e+00 
 1.45000000e+00  1.45000000e+00  1.45000000e+00  5.80034653e-04  1.45000000e+00  1.10000000e+00 
 1.46000000e+00  1.46000000e+00  1.46000000e+00  5.88148280e-04  1.46000000e+00  1.10000000e+00 
 1.47000000e+00  1.47000000e+00  1.47000000e+00  5.96259409e-04  1.47000000e+00  1.10000000e+00 
 1.48000000e+00  1.48000000e+00  1.48000000e+00  6.04367608e-04  1.48000000e+00  1.10000000e+00 
 1.49000000e+00  1.49000000e+00  1.49000000e+00  6.12472456e-04  1.49000000e+00  1.10000000e+00 
 1.50000000e+00  1.50000000e+00  1.50000000e+00  6.20573545e-04  1.50000000e+00  1.10000000e+00 
 1.51000000e+00  1.51000000e+00  1.51000000e+00  6.28670476e-04  1.51000000e+00  1.10000000e+00 
 1.52000000e+00  1.52000000e+00  1.52000000e+00  6.36762863e-04  1.52000000e+00  1.10000000e+00 
 1.53000000e+00  1.53000000e+00  1.53000000e+00  6.44850330e-04  1.53000000e+00  1.10000000e+00 
 1.54000000e+00  1.54000000e+00  1.54000000e+00  6.52932511e-04  1.54000000e+00  1.10000000e+00 
 1.55000000e+00  1.55000000e+00  1.55000000e+00  6.61009051e-04  1.55000000e+00  1.10000000e+00 
 1.56000000e+00  1.56000000e+00  1.56000000e+00  6.69079604e-04  1.56000000e+00  1.10000000e+00 
 1.57000000e+00  1.57000000e+00  1.57000000e+00  6.77143834e-04  1.57000000e+00  1.10000000e+00 
 1.58000000e+00  1.58000000e+00  1.58000000e+00  6.85201416e-04  1.58000000e+00  1.10000000e+00 
 1.59000000e+00  1.59000000e+00  1.59000000e+00  6.93252031e-04  1.59000000e+00  1.10000000e+00 
 1.60000000e+00  1.60000000e+00  1.60000000e+00  7.01295371e-04  1.60000000e+00  1.10000000e+00 
 1.61000000e+00  1.61000000e+00  1.61000000e+00  7.09331138e-04  1.61000000e+00  1.10000000e+00 
 1.62000000e+00  1.62000000e+00  1.62000000e+00  7.17359039e-04  1.62000000e+00  1.10000000e+00 
 1.63000000e+00  1.63000000e+00  1.63000000e+00  7.25378792e-04  1.63000000e+00  1.10000000e+00 
 1.64000000e+00  1.64000000e+00  1.64000000e+00  7.33390123e-04  1.64000000e+00  1.10000000e+00 
 1.65000000e+00  1.65000000e+00  1.65000000e+00  7.41392763e-04  1.65000000e+00  1.10000000e+00 
 1.66000000e+00  1.66000000e+00  1.66000000e+00  7.49386453e-04  1.66000000e+00  1.10000000e+00 
 1.67000000e+00  1.67000000e+00  1.67000000e+00  7.57370941e-04  1.67000000e+00  1.10000000e+00 
 1.68000000e+00  1.68000000e+00  1.68000000e+00  7.65345981e-04  1.68000000e+00  1.10000000e+00 
 1.69000000e+00  1.69000000e+00  1.69000000e+00  7.73311335e-04  1.69000000e+00  1.10000000e+00 
 1.70000000e+00  1.70000000e+00  1.70000000e+00  7.81266772e-04  1.70000000e+00  1.10000000e+00 
 1.71000000e+00  1.71000000e+00  1.71000000e+00  7.89212065e-04  1.71000000e+00  1.10000000e+00 
 1.72000000e+00  1.72000000e+00  1.72000000e+00  7.97146996e-04  1.72000000e+00  1.10000000e+00 
 1.73000000e+00  1.73000000e+00  1.73000000e+00  8.05071351e-04  1.73000000e+00  1.10000000e+00 
 1.74000000e+00  1.74000000e+00  1.74000000e+00  8.12984924e-04  1.74000000e+00  1.10000000e+00 
 1.75000000e+00  1.75000000e+00  1.75000000e+00  8.20887512e-04  1.75000000e+00  1.10000000e+00 
 1.76000000e+00  1.76000000e+00  1.76000000e+00  8.28778921e-04  1.76000000e+00  1.10000000e+00 
 1.77000000e+00  1.77000000e+00  1.77000000e+00  8.36658959e-04  1.77000000e+00  1.10000000e+00 
 1.78000000e+00  1.78000000e+00  1.78000000e+00  8.44527440e-04  1.78000000e+00  1.10000000e+00 
 1.79000000e+00  1.79000000e+00  1.79000000e+00  8.52384185e-04  1.79000000e+00  1.10000000e+00 
 1.80000000e+00  1.80000000e+00  1.80000000e+00  8.60229017e-04  1.80000000e+00  1.10000000e+00 
 1.81000000e+00  1.81000000e+00  1.81000000e+00  8.68061766e-04  1.81000000e+00  1.10000000e+00 
 1.82000000e+00  1.82000000e+00  1.82000000e+00  8.75882265e-04  1.82000000e+00  1.10000000e+00 
 1.83000000e+00  1.83000000e+00  1.83000000e+00  8.83690352e-04  1.83000000e+00  1.10000000e+00 
 1.84000000e+00  1.84000000e+00  1.84000000e+00  8.91485868e-04  1.84000000e+00  1.10000000e+00 
 1.85000000e+00  1.85000000e+00  1.85000000e+00  8.99268662e-04  1.85000000e+00  1.10000000e+00 
