 0.00000000e+00  0.00000000e+00  0.00000000e+00  1.07006871e-12  0.00000000e+00  3.70000000e-01 
 1.00000000e-02  1.00000000e-02  1.00000000e-02  1.37015115e-12  1.00000000e-02  3.70000000e-01 
 2.00000000e-02  2.00000000e-02  2.00000000e-02  1.75436786e-12  2.00000000e-02  3.70000000e-01 
 3.00000000e-02  3.00000000e-02  3.00000000e-02  2.24629921e-12  3.00000000e-02  3.70000000e-01 
 4.00000000e-02  4.00000000e-02  4.00000000e-02  2.87613073e-12  4.00000000e-02  3.70000000e-01 
 5.00000000e-02  5.00000000e-02  5.00000000e-02  3.68250154e-12  5.00000000e-02  3.70000000e-01 
 6.00000000e-02  6.00000000e-02  6.00000000e-02  4.71486948e-12  6.00000000e-02  3.70000000e-01 
 7.00000000e-02  7.00000000e-02  7.00000000e-02  6.03653665e-12  7.00000000e-02  3.70000000e-01 
 8.00000000e-02  8.00000000e-02  8.00000000e-02  7.72851971e-12  8.00000000e-02  3.70000000e-01 
 9.00000000e-02  9.00000000e-02  9.00000000e-02  9.89449973e-12  9.00000000e-02  3.70000000e-01 
 1.00000000e-01  1.00000000e-01  1.00000000e-01  1.26671519e-11  1.00000000e-01  3.70000000e-01 
 1.10000000e-01  1.10000000e-01  1.10000000e-01  1.62162384e-11  1.10000000e-01  3.70000000e-01 
 1.20000000e-01  1.20000000e-01  1.20000000e-01  2.07589530e-11  1.20000000e-01  3.70000000e-01 
 1.30000000e-01  1.30000000e-01  1.30000000e-01  2.65731412e-11  1.30000000e-01  3.70000000e-01 
 1.40000000e-01  1.40000000e-01  1.40000000e-01  3.40141914e-11  1.40000000e-01  3.70000000e-01 
 1.50000000e-01  1.50000000e-01  1.50000000e-01  4.35366091e-11  1.50000000e-01  3.70000000e-01 
 1.60000000e-01  1.60000000e-01  1.60000000e-01  5.57215635e-11  1.60000000e-01  3.70000000e-01 
 1.70000000e-01  1.70000000e-01  1.70000000e-01  7.13120484e-11  1.70000000e-01  3.70000000e-01 
 1.80000000e-01  1.80000000e-01  1.80000000e-01  9.12577408e-11  1.80000000e-01  3.70000000e-01 
 1.90000000e-01  1.90000000e-01  1.90000000e-01  1.16772208e-10  1.90000000e-01  3.70000000e-01 
 2.00000000e-01  2.00000000e-01  2.00000000e-01  1.49405819e-10  2.00000000e-01  3.70000000e-01 
 2.10000000e-01  2.10000000e-01  2.10000000e-01  1.91138629e-10  2.10000000e-01  3.70000000e-01 
 2.20000000e-01  2.20000000e-01  2.20000000e-01  2.44498601e-10  2.20000000e-01  3.70000000e-01 
 2.30000000e-01  2.30000000e-01  2.30000000e-01  3.12712012e-10  2.30000000e-01  3.70000000e-01 
 2.40000000e-01  2.40000000e-01  2.40000000e-01  3.99894587e-10  2.40000000e-01  3.70000000e-01 
 2.50000000e-01  2.50000000e-01  2.50000000e-01  5.11294222e-10  2.50000000e-01  3.70000000e-01 
 2.60000000e-01  2.60000000e-01  2.60000000e-01  6.53598858e-10  2.60000000e-01  3.70000000e-01 
 2.70000000e-01  2.70000000e-01  2.70000000e-01  8.35326568e-10  2.70000000e-01  3.70000000e-01 
 2.80000000e-01  2.80000000e-01  2.80000000e-01  1.06731918e-09  2.80000000e-01  3.70000000e-01 
 2.90000000e-01  2.90000000e-01  2.90000000e-01  1.36336603e-09  2.90000000e-01  3.70000000e-01 
 3.00000000e-01  3.00000000e-01  3.00000000e-01  1.74099092e-09  3.00000000e-01  3.70000000e-01 
 3.10000000e-01  3.10000000e-01  3.10000000e-01  2.22244341e-09  3.10000000e-01  3.70000000e-01 
 3.20000000e-01  3.20000000e-01  3.20000000e-01  2.83594495e-09  3.20000000e-01  3.70000000e-01 
 3.30000000e-01  3.30000000e-01  3.30000000e-01  3.61725259e-09  3.30000000e-01  3.70000000e-01 
 3.40000000e-01  3.40000000e-01  3.40000000e-01  4.61161674e-09  3.40000000e-01  3.70000000e-01 
 3.50000000e-01  3.50000000e-01  3.50000000e-01  5.87622687e-09  3.50000000e-01  3.70000000e-01 
 3.60000000e-01  3.60000000e-01  3.60000000e-01  7.48325952e-09  3.60000000e-01  3.70000000e-01 
 3.70000000e-01  3.70000000e-01  3.70000000e-01  9.52366774e-09  3.70000000e-01  3.70000000e-01 
 3.80000000e-01  3.80000000e-01  3.80000000e-01  1.21118806e-08  3.80000000e-01  3.70000000e-01 
 3.90000000e-01  3.90000000e-01  3.90000000e-01  1.53916177e-08  3.90000000e-01  3.70000000e-01 
 4.00000000e-01  4.00000000e-01  4.00000000e-01  1.95430666e-08  4.00000000e-01  3.70000000e-01 
 4.10000000e-01  4.10000000e-01  4.10000000e-01  2.47917256e-08  4.10000000e-01  3.70000000e-01 
 4.20000000e-01  4.20000000e-01  4.20000000e-01  3.14192797e-08  4.20000000e-01  3.70000000e-01 
 4.30000000e-01  4.30000000e-01  4.30000000e-01  3.97769647e-08  4.30000000e-01  3.70000000e-01 
 4.40000000e-01  4.40000000e-01  4.40000000e-01  5.03019791e-08  4.40000000e-01  3.70000000e-01 
 4.50000000e-01  4.50000000e-01  4.50000000e-01  6.35376473e-08  4.50000000e-01  3.70000000e-01 
 4.60000000e-01  4.60000000e-01  4.60000000e-01  8.01582165e-08  4.60000000e-01  3.70000000e-01 
 4.70000000e-01  4.70000000e-01  4.70000000e-01  1.00999405e-07  4.70000000e-01  3.70000000e-01 
 4.80000000e-01  4.80000000e-01  4.80000000e-01  1.27096111e-07  4.80000000e-01  3.70000000e-01 
 4.90000000e-01  4.90000000e-01  4.90000000e-01  1.59729049e-07  4.90000000e-01  3.70000000e-01 
 5.00000000e-01  5.00000000e-01  5.00000000e-01  2.00482494e-07  5.00000000e-01  3.70000000e-01 
 5.10000000e-01  5.10000000e-01  5.10000000e-01  2.51315717e-07  5.10000000e-01  3.70000000e-01 
 5.20000000e-01  5.20000000e-01  5.20000000e-01  3.14651097e-07  5.20000000e-01  3.70000000e-01 
 5.30000000e-01  5.30000000e-01  5.30000000e-01  3.93482012e-07  5.30000000e-01  3.70000000e-01 
 5.40000000e-01  5.40000000e-01  5.40000000e-01  4.91503443e-07  5.40000000e-01  3.70000000e-01 
 5.50000000e-01  5.50000000e-01  5.50000000e-01  6.13267317e-07  5.50000000e-01  3.70000000e-01 
 5.60000000e-01  5.60000000e-01  5.60000000e-01  7.64362774e-07  5.60000000e-01  3.70000000e-01 
 5.70000000e-01  5.70000000e-01  5.70000000e-01  9.51618413e-07  5.70000000e-01  3.70000000e-01 
 5.80000000e-01  5.80000000e-01  5.80000000e-01  1.18331899e-06  5.80000000e-01  3.70000000e-01 
 5.90000000e-01  5.90000000e-01  5.90000000e-01  1.46942297e-06  5.90000000e-01  3.70000000e-01 
 6.00000000e-01  6.00000000e-01  6.00000000e-01  1.82176031e-06  6.00000000e-01  3.70000000e-01 
 6.10000000e-01  6.10000000e-01  6.10000000e-01  2.25418280e-06  6.10000000e-01  3.70000000e-01 
 6.20000000e-01  6.20000000e-01  6.20000000e-01  2.78263358e-06  6.20000000e-01  3.70000000e-01 
 6.30000000e-01  6.30000000e-01  6.30000000e-01  3.42510003e-06  6.30000000e-01  3.70000000e-01 
 6.40000000e-01  6.40000000e-01  6.40000000e-01  4.20141727e-06  6.40000000e-01  3.70000000e-01 
 6.50000000e-01  6.50000000e-01  6.50000000e-01  5.13289850e-06  6.50000000e-01  3.70000000e-01 
 6.60000000e-01  6.60000000e-01  6.60000000e-01  6.24178483e-06  6.60000000e-01  3.70000000e-01 
 6.70000000e-01  6.70000000e-01  6.70000000e-01  7.55052861e-06  6.70000000e-01  3.70000000e-01 
 6.80000000e-01  6.80000000e-01  6.80000000e-01  9.08094841e-06  6.80000000e-01  3.70000000e-01 
 6.90000000e-01  6.90000000e-01  6.90000000e-01  1.08533158e-05  6.90000000e-01  3.70000000e-01 
 7.00000000e-01  7.00000000e-01  7.00000000e-01  1.28854499e-05  7.00000000e-01  3.70000000e-01 
 7.10000000e-01  7.10000000e-01  7.10000000e-01  1.51919018e-05  7.10000000e-01  3.70000000e-01 
 7.20000000e-01  7.20000000e-01  7.20000000e-01  1.77833030e-05  7.20000000e-01  3.70000000e-01 
 7.30000000e-01  7.30000000e-01  7.30000000e-01  2.06659369e-05  7.30000000e-01  3.70000000e-01 
 7.40000000e-01  7.40000000e-01  7.40000000e-01  2.38415643e-05  7.40000000e-01  3.70000000e-01 
 7.50000000e-01  7.50000000e-01  7.50000000e-01  2.73075068e-05  7.50000000e-01  3.70000000e-01 
 7.60000000e-01  7.60000000e-01  7.60000000e-01  3.10569646e-05  7.60000000e-01  3.70000000e-01 
 7.70000000e-01  7.70000000e-01  7.70000000e-01  3.50795212e-05  7.70000000e-01  3.70000000e-01 
 7.80000000e-01  7.80000000e-01  7.80000000e-01  3.93617808e-05  7.80000000e-01  3.70000000e-01 
 7.90000000e-01  7.90000000e-01  7.90000000e-01  4.38880729e-05  7.90000000e-01  3.70000000e-01 
 8.00000000e-01  8.00000000e-01  8.00000000e-01  4.86411689e-05  8.00000000e-01  3.70000000e-01 
 8.10000000e-01  8.10000000e-01  8.10000000e-01  5.36029618e-05  8.10000000e-01  3.70000000e-01 
 8.20000000e-01  8.20000000e-01  8.20000000e-01  5.87550736e-05  8.20000000e-01  3.70000000e-01 
 8.30000000e-01  8.30000000e-01  8.30000000e-01  6.40793674e-05  8.30000000e-01  3.70000000e-01 
 8.40000000e-01  8.40000000e-01  8.40000000e-01  6.95583588e-05  8.40000000e-01  3.70000000e-01 
 8.50000000e-01  8.50000000e-01  8.50000000e-01  7.51755214e-05  8.50000000e-01  3.70000000e-01 
 8.60000000e-01  8.60000000e-01  8.60000000e-01  8.09154959e-05  8.60000000e-01  3.70000000e-01 
 8.70000000e-01  8.70000000e-01  8.70000000e-01  8.67642140e-05  8.70000000e-01  3.70000000e-01 
 8.80000000e-01  8.80000000e-01  8.80000000e-01  9.27089524e-05  8.80000000e-01  3.70000000e-01 
 8.90000000e-01  8.90000000e-01  8.90000000e-01  9.87383311e-05  8.90000000e-01  3.70000000e-01 
 9.00000000e-01  9.00000000e-01  9.00000000e-01  1.04842269e-04  9.00000000e-01  3.70000000e-01 
 9.10000000e-01  9.10000000e-01  9.10000000e-01  1.11011909e-04  9.10000000e-01  3.70000000e-01 
 9.20000000e-01  9.20000000e-01  9.20000000e-01  1.17239528e-04  9.20000000e-01  3.70000000e-01 
 9.30000000e-01  9.30000000e-01  9.30000000e-01  1.23518430e-04  9.30000000e-01  3.70000000e-01 
 9.40000000e-01  9.40000000e-01  9.40000000e-01  1.29842838e-04  9.40000000e-01  3.70000000e-01 
 9.50000000e-01  9.50000000e-01  9.50000000e-01  1.36207790e-04  9.50000000e-01  3.70000000e-01 
 9.60000000e-01  9.60000000e-01  9.60000000e-01  1.42609033e-04  9.60000000e-01  3.70000000e-01 
 9.70000000e-01  9.70000000e-01  9.70000000e-01  1.49042929e-04  9.70000000e-01  3.70000000e-01 
 9.80000000e-01  9.80000000e-01  9.80000000e-01  1.55506363e-04  9.80000000e-01  3.70000000e-01 
 9.90000000e-01  9.90000000e-01  9.90000000e-01  1.61996669e-04  9.90000000e-01  3.70000000e-01 
 1.00000000e+00  1.00000000e+00  1.00000000e+00  1.68511552e-04  1.00000000e+00  3.70000000e-01 
 1.01000000e+00  1.01000000e+00  1.01000000e+00  1.75049032e-04  1.01000000e+00  3.70000000e-01 
 1.02000000e+00  1.02000000e+00  1.02000000e+00  1.81607387e-04  1.02000000e+00  3.70000000e-01 
 1.03000000e+00  1.03000000e+00  1.03000000e+00  1.88185103e-04  1.03000000e+00  3.70000000e-01 
 1.04000000e+00  1.04000000e+00  1.04000000e+00  1.94780840e-04  1.04000000e+00  3.70000000e-01 
 1.05000000e+00  1.05000000e+00  1.05000000e+00  2.01393395e-04  1.05000000e+00  3.70000000e-01 
 1.06000000e+00  1.06000000e+00  1.06000000e+00  2.08021673e-04  1.06000000e+00  3.70000000e-01 
 1.07000000e+00  1.07000000e+00  1.07000000e+00  2.14664664e-04  1.07000000e+00  3.70000000e-01 
 1.08000000e+00  1.08000000e+00  1.08000000e+00  2.21321423e-04  1.08000000e+00  3.70000000e-01 
 1.09000000e+00  1.09000000e+00  1.09000000e+00  2.27991055e-04  1.09000000e+00  3.70000000e-01 
 1.10000000e+00  1.10000000e+00  1.10000000e+00  2.34672701e-04  1.10000000e+00  3.70000000e-01 
 1.11000000e+00  1.11000000e+00  1.11000000e+00  2.41365527e-04  1.11000000e+00  3.70000000e-01 
 1.12000000e+00  1.12000000e+00  1.12000000e+00  2.48068718e-04  1.12000000e+00  3.70000000e-01 
 1.13000000e+00  1.13000000e+00  1.13000000e+00  2.54781468e-04  1.13000000e+00  3.70000000e-01 
 1.14000000e+00  1.14000000e+00  1.14000000e+00  2.61502977e-04  1.14000000e+00  3.70000000e-01 
 1.15000000e+00  1.15000000e+00  1.15000000e+00  2.68232447e-04  1.15000000e+00  3.70000000e-01 
 1.16000000e+00  1.16000000e+00  1.16000000e+00  2.74969080e-04  1.16000000e+00  3.70000000e-01 
 1.17000000e+00  1.17000000e+00  1.17000000e+00  2.81712073e-04  1.17000000e+00  3.70000000e-01 
 1.18000000e+00  1.18000000e+00  1.18000000e+00  2.88460621e-04  1.18000000e+00  3.70000000e-01 
 1.19000000e+00  1.19000000e+00  1.19000000e+00  2.95213912e-04  1.19000000e+00  3.70000000e-01 
 1.20000000e+00  1.20000000e+00  1.20000000e+00  3.01971129e-04  1.20000000e+00  3.70000000e-01 
 1.21000000e+00  1.21000000e+00  1.21000000e+00  3.08731448e-04  1.21000000e+00  3.70000000e-01 
 1.22000000e+00  1.22000000e+00  1.22000000e+00  3.15494043e-04  1.22000000e+00  3.70000000e-01 
 1.23000000e+00  1.23000000e+00  1.23000000e+00  3.22258078e-04  1.23000000e+00  3.70000000e-01 
 1.24000000e+00  1.24000000e+00  1.24000000e+00  3.29022716e-04  1.24000000e+00  3.70000000e-01 
 1.25000000e+00  1.25000000e+00  1.25000000e+00  3.35787113e-04  1.25000000e+00  3.70000000e-01 
 1.26000000e+00  1.26000000e+00  1.26000000e+00  3.42550422e-04  1.26000000e+00  3.70000000e-01 
 1.27000000e+00  1.27000000e+00  1.27000000e+00  3.49311793e-04  1.27000000e+00  3.70000000e-01 
 1.28000000e+00  1.28000000e+00  1.28000000e+00  3.56070373e-04  1.28000000e+00  3.70000000e-01 
 1.29000000e+00  1.29000000e+00  1.29000000e+00  3.62825305e-04  1.29000000e+00  3.70000000e-01 
 1.30000000e+00  1.30000000e+00  1.30000000e+00  3.69575734e-04  1.30000000e+00  3.70000000e-01 
 1.31000000e+00  1.31000000e+00  1.31000000e+00  3.76320800e-04  1.31000000e+00  3.70000000e-01 
 1.32000000e+00  1.32000000e+00  1.32000000e+00  3.83059643e-04  1.32000000e+00  3.70000000e-01 
 1.33000000e+00  1.33000000e+00  1.33000000e+00  3.89791404e-04  1.33000000e+00  3.70000000e-01 
 1.34000000e+00  1.34000000e+00  1.34000000e+00  3.96515223e-04  1.34000000e+00  3.70000000e-01 
 1.35000000e+00  1.35000000e+00  1.35000000e+00  4.03230239e-04  1.35000000e+00  3.70000000e-01 
 1.36000000e+00  1.36000000e+00  1.36000000e+00  4.09935592e-04  1.36000000e+00  3.70000000e-01 
 1.37000000e+00  1.37000000e+00  1.37000000e+00  4.16630424e-04  1.37000000e+00  3.70000000e-01 
 1.38000000e+00  1.38000000e+00  1.38000000e+00  4.23313875e-04  1.38000000e+00  3.70000000e-01 
 1.39000000e+00  1.39000000e+00  1.39000000e+00  4.29985087e-04  1.39000000e+00  3.70000000e-01 
 1.40000000e+00  1.40000000e+00  1.40000000e+00  4.36643204e-04  1.40000000e+00  3.70000000e-01 
 1.41000000e+00  1.41000000e+00  1.41000000e+00  4.43287369e-04  1.41000000e+00  3.70000000e-01 
 1.42000000e+00  1.42000000e+00  1.42000000e+00  4.49916726e-04  1.42000000e+00  3.70000000e-01 
 1.43000000e+00  1.43000000e+00  1.43000000e+00  4.56530421e-04  1.43000000e+00  3.70000000e-01 
 1.44000000e+00  1.44000000e+00  1.44000000e+00  4.63127601e-04  1.44000000e+00  3.70000000e-01 
 1.45000000e+00  1.45000000e+00  1.45000000e+00  4.69707411e-04  1.45000000e+00  3.70000000e-01 
 1.46000000e+00  1.46000000e+00  1.46000000e+00  4.76269000e-04  1.46000000e+00  3.70000000e-01 
 1.47000000e+00  1.47000000e+00  1.47000000e+00  4.82811515e-04  1.47000000e+00  3.70000000e-01 
 1.48000000e+00  1.48000000e+00  1.48000000e+00  4.89334105e-04  1.48000000e+00  3.70000000e-01 
 1.49000000e+00  1.49000000e+00  1.49000000e+00  4.95835918e-04  1.49000000e+00  3.70000000e-01 
 1.50000000e+00  1.50000000e+00  1.50000000e+00  5.02316105e-04  1.50000000e+00  3.70000000e-01 
 1.51000000e+00  1.51000000e+00  1.51000000e+00  5.08773813e-04  1.51000000e+00  3.70000000e-01 
 1.52000000e+00  1.52000000e+00  1.52000000e+00  5.15208192e-04  1.52000000e+00  3.70000000e-01 
 1.53000000e+00  1.53000000e+00  1.53000000e+00  5.21618390e-04  1.53000000e+00  3.70000000e-01 
 1.54000000e+00  1.54000000e+00  1.54000000e+00  5.28003558e-04  1.54000000e+00  3.70000000e-01 
 1.55000000e+00  1.55000000e+00  1.55000000e+00  5.34362843e-04  1.55000000e+00  3.70000000e-01 
 1.56000000e+00  1.56000000e+00  1.56000000e+00  5.40695393e-04  1.56000000e+00  3.70000000e-01 
 1.57000000e+00  1.57000000e+00  1.57000000e+00  5.47000357e-04  1.57000000e+00  3.70000000e-01 
 1.58000000e+00  1.58000000e+00  1.58000000e+00  5.53276883e-04  1.58000000e+00  3.70000000e-01 
 1.59000000e+00  1.59000000e+00  1.59000000e+00  5.59524117e-04  1.59000000e+00  3.70000000e-01 
 1.60000000e+00  1.60000000e+00  1.60000000e+00  5.65741208e-04  1.60000000e+00  3.70000000e-01 
 1.61000000e+00  1.61000000e+00  1.61000000e+00  5.71927302e-04  1.61000000e+00  3.70000000e-01 
 1.62000000e+00  1.62000000e+00  1.62000000e+00  5.78081546e-04  1.62000000e+00  3.70000000e-01 
 1.63000000e+00  1.63000000e+00  1.63000000e+00  5.84203087e-04  1.63000000e+00  3.70000000e-01 
 1.64000000e+00  1.64000000e+00  1.64000000e+00  5.90291072e-04  1.64000000e+00  3.70000000e-01 
 1.65000000e+00  1.65000000e+00  1.65000000e+00  5.96344651e-04  1.65000000e+00  3.70000000e-01 
 1.66000000e+00  1.66000000e+00  1.66000000e+00  6.02362970e-04  1.66000000e+00  3.70000000e-01 
 1.67000000e+00  1.67000000e+00  1.67000000e+00  6.08345180e-04  1.67000000e+00  3.70000000e-01 
 1.68000000e+00  1.68000000e+00  1.68000000e+00  6.14290433e-04  1.68000000e+00  3.70000000e-01 
 1.69000000e+00  1.69000000e+00  1.69000000e+00  6.20197881e-04  1.69000000e+00  3.70000000e-01 
 1.70000000e+00  1.70000000e+00  1.70000000e+00  6.26066680e-04  1.70000000e+00  3.70000000e-01 
 1.71000000e+00  1.71000000e+00  1.71000000e+00  6.31895989e-04  1.71000000e+00  3.70000000e-01 
 1.72000000e+00  1.72000000e+00  1.72000000e+00  6.37684968e-04  1.72000000e+00  3.70000000e-01 
 1.73000000e+00  1.73000000e+00  1.73000000e+00  6.43432784e-04  1.73000000e+00  3.70000000e-01 
 1.74000000e+00  1.74000000e+00  1.74000000e+00  6.49138607e-04  1.74000000e+00  3.70000000e-01 
 1.75000000e+00  1.75000000e+00  1.75000000e+00  6.54801612e-04  1.75000000e+00  3.70000000e-01 
 1.76000000e+00  1.76000000e+00  1.76000000e+00  6.60420982e-04  1.76000000e+00  3.70000000e-01 
 1.77000000e+00  1.77000000e+00  1.77000000e+00  6.65995905e-04  1.77000000e+00  3.70000000e-01 
 1.78000000e+00  1.78000000e+00  1.78000000e+00  6.71525577e-04  1.78000000e+00  3.70000000e-01 
 1.79000000e+00  1.79000000e+00  1.79000000e+00  6.77009204e-04  1.79000000e+00  3.70000000e-01 
 1.80000000e+00  1.80000000e+00  1.80000000e+00  6.82446000e-04  1.80000000e+00  3.70000000e-01 
 1.81000000e+00  1.81000000e+00  1.81000000e+00  6.87835189e-04  1.81000000e+00  3.70000000e-01 
 1.82000000e+00  1.82000000e+00  1.82000000e+00  6.93176010e-04  1.82000000e+00  3.70000000e-01 
 1.83000000e+00  1.83000000e+00  1.83000000e+00  6.98467709e-04  1.83000000e+00  3.70000000e-01 
 1.84000000e+00  1.84000000e+00  1.84000000e+00  7.03709552e-04  1.84000000e+00  3.70000000e-01 
 1.85000000e+00  1.85000000e+00  1.85000000e+00  7.08900814e-04  1.85000000e+00  3.70000000e-01 
