 0.00000000e+00  0.00000000e+00  0.00000000e+00  2.13668625e-12  0.00000000e+00  7.40000000e-01 
 1.00000000e-02  1.00000000e-02  1.00000000e-02  2.73544916e-12  1.00000000e-02  7.40000000e-01 
 2.00000000e-02  2.00000000e-02  2.00000000e-02  3.50195290e-12  2.00000000e-02  7.40000000e-01 
 3.00000000e-02  3.00000000e-02  3.00000000e-02  4.48316677e-12  3.00000000e-02  7.40000000e-01 
 4.00000000e-02  4.00000000e-02  4.00000000e-02  5.73920195e-12  4.00000000e-02  7.40000000e-01 
 5.00000000e-02  5.00000000e-02  5.00000000e-02  7.34698403e-12  5.00000000e-02  7.40000000e-01 
 6.00000000e-02  6.00000000e-02  6.00000000e-02  9.40494981e-12  6.00000000e-02  7.40000000e-01 
 7.00000000e-02  7.00000000e-02  7.00000000e-02  1.20390532e-11  7.00000000e-02  7.40000000e-01 
 8.00000000e-02  8.00000000e-02  8.00000000e-02  1.54104439e-11  8.00000000e-02  7.40000000e-01 
 9.00000000e-02  9.00000000e-02  9.00000000e-02  1.97252825e-11  9.00000000e-02  7.40000000e-01 
 1.00000000e-01  1.00000000e-01  1.00000000e-01  2.52472837e-11  1.00000000e-01  7.40000000e-01 
 1.10000000e-01  1.10000000e-01  1.10000000e-01  3.23137438e-11  1.10000000e-01  7.40000000e-01 
 1.20000000e-01  1.20000000e-01  1.20000000e-01  4.13560111e-11  1.20000000e-01  7.40000000e-01 
 1.30000000e-01  1.30000000e-01  1.30000000e-01  5.29256262e-11  1.30000000e-01  7.40000000e-01 
 1.40000000e-01  1.40000000e-01  1.40000000e-01  6.77276904e-11  1.40000000e-01  7.40000000e-01 
 1.50000000e-01  1.50000000e-01  1.50000000e-01  8.66634416e-11  1.50000000e-01  7.40000000e-01 
 1.60000000e-01  1.60000000e-01  1.60000000e-01  1.10884558e-10  1.60000000e-01  7.40000000e-01 
 1.70000000e-01  1.70000000e-01  1.70000000e-01  1.41862386e-10  1.70000000e-01  7.40000000e-01 
 1.80000000e-01  1.80000000e-01  1.80000000e-01  1.81476137e-10  1.80000000e-01  7.40000000e-01 
 1.90000000e-01  1.90000000e-01  1.90000000e-01  2.32125193e-10  1.90000000e-01  7.40000000e-01 
 2.00000000e-01  2.00000000e-01  2.00000000e-01  2.96872005e-10  2.00000000e-01  7.40000000e-01 
 2.10000000e-01  2.10000000e-01  2.10000000e-01  3.79623770e-10  2.10000000e-01  7.40000000e-01 
 2.20000000e-01  2.20000000e-01  2.20000000e-01  4.85363216e-10  2.20000000e-01  7.40000000e-01 
 2.30000000e-01  2.30000000e-01  2.30000000e-01  6.20441480e-10  2.30000000e-01  7.40000000e-01 
 2.40000000e-01  2.40000000e-01  2.40000000e-01  7.92949379e-10  2.40000000e-01  7.40000000e-01 
 2.50000000e-01  2.50000000e-01  2.50000000e-01  1.01318749e-09  2.50000000e-01  7.40000000e-01 
 2.60000000e-01  2.60000000e-01  2.60000000e-01  1.29426051e-09  2.60000000e-01  7.40000000e-01 
 2.70000000e-01  2.70000000e-01  2.70000000e-01  1.65282774e-09  2.70000000e-01  7.40000000e-01 
 2.80000000e-01  2.80000000e-01  2.80000000e-01  2.11004893e-09  2.80000000e-01  7.40000000e-01 
 2.90000000e-01  2.90000000e-01  2.90000000e-01  2.69277453e-09  2.90000000e-01  7.40000000e-01 
 3.00000000e-01  3.00000000e-01  3.00000000e-01  3.43504028e-09  3.00000000e-01  7.40000000e-01 
 3.10000000e-01  3.10000000e-01  3.10000000e-01  4.37994022e-09  3.10000000e-01  7.40000000e-01 
 3.20000000e-01  3.20000000e-01  3.20000000e-01  5.58196843e-09  3.20000000e-01  7.40000000e-01 
 3.30000000e-01  3.30000000e-01  3.30000000e-01  7.10993997e-09  3.30000000e-01  7.40000000e-01 
 3.40000000e-01  3.40000000e-01  3.40000000e-01  9.05062488e-09  3.40000000e-01  7.40000000e-01 
 3.50000000e-01  3.50000000e-01  3.50000000e-01  1.15132578e-08  3.50000000e-01  7.40000000e-01 
 3.60000000e-01  3.60000000e-01  3.60000000e-01  1.46351190e-08  3.60000000e-01  7.40000000e-01 
 3.70000000e-01  3.70000000e-01  3.70000000e-01  1.85884242e-08  3.70000000e-01  7.40000000e-01 
 3.80000000e-01  3.80000000e-01  3.80000000e-01  2.35888083e-08  3.80000000e-01  7.40000000e-01 
 3.90000000e-01  3.90000000e-01  3.90000000e-01  2.99057495e-08  3.90000000e-01  7.40000000e-01 
 4.00000000e-01  4.00000000e-01  4.00000000e-01  3.78753532e-08  4.00000000e-01  7.40000000e-01 
 4.10000000e-01  4.10000000e-01  4.10000000e-01  4.79160101e-08  4.10000000e-01  7.40000000e-01 
 4.20000000e-01  4.20000000e-01  4.20000000e-01  6.05475611e-08  4.20000000e-01  7.40000000e-01 
 4.30000000e-01  4.30000000e-01  4.30000000e-01  7.64147554e-08  4.30000000e-01  7.40000000e-01 
 4.40000000e-01  4.40000000e-01  4.40000000e-01  9.63159855e-08  4.40000000e-01  7.40000000e-01 
 4.50000000e-01  4.50000000e-01  4.50000000e-01  1.21238534e-07  4.50000000e-01  7.40000000e-01 
 4.60000000e-01  4.60000000e-01  4.60000000e-01  1.52401880e-07  4.60000000e-01  7.40000000e-01 
 4.70000000e-01  4.70000000e-01  4.70000000e-01  1.91310985e-07  4.70000000e-01  7.40000000e-01 
 4.80000000e-01  4.80000000e-01  4.80000000e-01  2.39821883e-07  4.80000000e-01  7.40000000e-01 
 4.90000000e-01  4.90000000e-01  4.90000000e-01  3.00222319e-07  4.90000000e-01  7.40000000e-01 
 5.00000000e-01  5.00000000e-01  5.00000000e-01  3.75330469e-07  5.00000000e-01  7.40000000e-01 
 5.10000000e-01  5.10000000e-01  5.10000000e-01  4.68614821e-07  5.10000000e-01  7.40000000e-01 
 5.20000000e-01  5.20000000e-01  5.20000000e-01  5.84337875e-07  5.20000000e-01  7.40000000e-01 
 5.30000000e-01  5.30000000e-01  5.30000000e-01  7.27725116e-07  5.30000000e-01  7.40000000e-01 
 5.40000000e-01  5.40000000e-01  5.40000000e-01  9.05158427e-07  5.40000000e-01  7.40000000e-01 
 5.50000000e-01  5.50000000e-01  5.50000000e-01  1.12438946e-06  5.50000000e-01  7.40000000e-01 
 5.60000000e-01  5.60000000e-01  5.60000000e-01  1.39476336e-06  5.60000000e-01  7.40000000e-01 
 5.70000000e-01  5.70000000e-01  5.70000000e-01  1.72743670e-06  5.70000000e-01  7.40000000e-01 
 5.80000000e-01  5.80000000e-01  5.80000000e-01  2.13556638e-06  5.80000000e-01  7.40000000e-01 
 5.90000000e-01  5.90000000e-01  5.90000000e-01  2.63443934e-06  5.90000000e-01  7.40000000e-01 
 6.00000000e-01  6.00000000e-01  6.00000000e-01  3.24150819e-06  6.00000000e-01  7.40000000e-01 
 6.10000000e-01  6.10000000e-01  6.10000000e-01  3.97629721e-06  6.10000000e-01  7.40000000e-01 
 6.20000000e-01  6.20000000e-01  6.20000000e-01  4.86014762e-06  6.20000000e-01  7.40000000e-01 
 6.30000000e-01  6.30000000e-01  6.30000000e-01  5.91578317e-06  6.30000000e-01  7.40000000e-01 
 6.40000000e-01  6.40000000e-01  6.40000000e-01  7.16669471e-06  6.40000000e-01  7.40000000e-01 
 6.50000000e-01  6.50000000e-01  6.50000000e-01  8.63636540e-06  6.50000000e-01  7.40000000e-01 
 6.60000000e-01  6.60000000e-01  6.60000000e-01  1.03473818e-05  6.60000000e-01  7.40000000e-01 
 6.70000000e-01  6.70000000e-01  6.70000000e-01  1.23204973e-05  6.70000000e-01  7.40000000e-01 
 6.80000000e-01  6.80000000e-01  6.80000000e-01  1.45737257e-05  6.80000000e-01  7.40000000e-01 
 6.90000000e-01  6.90000000e-01  6.90000000e-01  1.71215481e-05  6.90000000e-01  7.40000000e-01 
 7.00000000e-01  7.00000000e-01  7.00000000e-01  1.99743019e-05  7.00000000e-01  7.40000000e-01 
 7.10000000e-01  7.10000000e-01  7.10000000e-01  2.31378059e-05  7.10000000e-01  7.40000000e-01 
 7.20000000e-01  7.20000000e-01  7.20000000e-01  2.66132442e-05  7.20000000e-01  7.40000000e-01 
 7.30000000e-01  7.30000000e-01  7.30000000e-01  3.03973058e-05  7.30000000e-01  7.40000000e-01 
 7.40000000e-01  7.40000000e-01  7.40000000e-01  3.44825507e-05  7.40000000e-01  7.40000000e-01 
 7.50000000e-01  7.50000000e-01  7.50000000e-01  3.88579518e-05  7.50000000e-01  7.40000000e-01 
 7.60000000e-01  7.60000000e-01  7.60000000e-01  4.35095563e-05  7.60000000e-01  7.40000000e-01 
 7.70000000e-01  7.70000000e-01  7.70000000e-01  4.84212031e-05  7.70000000e-01  7.40000000e-01 
 7.80000000e-01  7.80000000e-01  7.80000000e-01  5.35752414e-05  7.80000000e-01  7.40000000e-01 
 7.90000000e-01  7.90000000e-01  7.90000000e-01  5.89532062e-05  7.90000000e-01  7.40000000e-01 
 8.00000000e-01  8.00000000e-01  8.00000000e-01  6.45364164e-05  8.00000000e-01  7.40000000e-01 
 8.10000000e-01  8.10000000e-01  8.10000000e-01  7.03064773e-05  8.10000000e-01  7.40000000e-01 
 8.20000000e-01  8.20000000e-01  8.20000000e-01  7.62456792e-05  8.20000000e-01  7.40000000e-01 
 8.30000000e-01  8.30000000e-01  8.30000000e-01  8.23372912e-05  8.30000000e-01  7.40000000e-01 
 8.40000000e-01  8.40000000e-01  8.40000000e-01  8.85657649e-05  8.40000000e-01  7.40000000e-01 
 8.50000000e-01  8.50000000e-01  8.50000000e-01  9.49168524e-05  8.50000000e-01  7.40000000e-01 
 8.60000000e-01  8.60000000e-01  8.60000000e-01  1.01377656e-04  8.60000000e-01  7.40000000e-01 
 8.70000000e-01  8.70000000e-01  8.70000000e-01  1.07936623e-04  8.70000000e-01  7.40000000e-01 
 8.80000000e-01  8.80000000e-01  8.80000000e-01  1.14583500e-04  8.80000000e-01  7.40000000e-01 
 8.90000000e-01  8.90000000e-01  8.90000000e-01  1.21309262e-04  8.90000000e-01  7.40000000e-01 
 9.00000000e-01  9.00000000e-01  9.00000000e-01  1.28106014e-04  9.00000000e-01  7.40000000e-01 
 9.10000000e-01  9.10000000e-01  9.10000000e-01  1.34966894e-04  9.10000000e-01  7.40000000e-01 
 9.20000000e-01  9.20000000e-01  9.20000000e-01  1.41885964e-04  9.20000000e-01  7.40000000e-01 
 9.30000000e-01  9.30000000e-01  9.30000000e-01  1.48858100e-04  9.30000000e-01  7.40000000e-01 
 9.40000000e-01  9.40000000e-01  9.40000000e-01  1.55878897e-04  9.40000000e-01  7.40000000e-01 
 9.50000000e-01  9.50000000e-01  9.50000000e-01  1.62944568e-04  9.50000000e-01  7.40000000e-01 
 9.60000000e-01  9.60000000e-01  9.60000000e-01  1.70051860e-04  9.60000000e-01  7.40000000e-01 
 9.70000000e-01  9.70000000e-01  9.70000000e-01  1.77197972e-04  9.70000000e-01  7.40000000e-01 
 9.80000000e-01  9.80000000e-01  9.80000000e-01  1.84380487e-04  9.80000000e-01  7.40000000e-01 
 9.90000000e-01  9.90000000e-01  9.90000000e-01  1.91597308e-04  9.90000000e-01  7.40000000e-01 
 1.00000000e+00  1.00000000e+00  1.00000000e+00  1.98846604e-04  1.00000000e+00  7.40000000e-01 
 1.01000000e+00  1.01000000e+00  1.01000000e+00  2.06126766e-04  1.01000000e+00  7.40000000e-01 
 1.02000000e+00  1.02000000e+00  1.02000000e+00  2.13436363e-04  1.02000000e+00  7.40000000e-01 
 1.03000000e+00  1.03000000e+00  1.03000000e+00  2.20774112e-04  1.03000000e+00  7.40000000e-01 
 1.04000000e+00  1.04000000e+00  1.04000000e+00  2.28138847e-04  1.04000000e+00  7.40000000e-01 
 1.05000000e+00  1.05000000e+00  1.05000000e+00  2.35529496e-04  1.05000000e+00  7.40000000e-01 
 1.06000000e+00  1.06000000e+00  1.06000000e+00  2.42945061e-04  1.06000000e+00  7.40000000e-01 
 1.07000000e+00  1.07000000e+00  1.07000000e+00  2.50384604e-04  1.07000000e+00  7.40000000e-01 
 1.08000000e+00  1.08000000e+00  1.08000000e+00  2.57847231e-04  1.08000000e+00  7.40000000e-01 
 1.09000000e+00  1.09000000e+00  1.09000000e+00  2.65332084e-04  1.09000000e+00  7.40000000e-01 
 1.10000000e+00  1.10000000e+00  1.10000000e+00  2.72838330e-04  1.10000000e+00  7.40000000e-01 
 1.11000000e+00  1.11000000e+00  1.11000000e+00  2.80365158e-04  1.11000000e+00  7.40000000e-01 
 1.12000000e+00  1.12000000e+00  1.12000000e+00  2.87911770e-04  1.12000000e+00  7.40000000e-01 
 1.13000000e+00  1.13000000e+00  1.13000000e+00  2.95477381e-04  1.13000000e+00  7.40000000e-01 
 1.14000000e+00  1.14000000e+00  1.14000000e+00  3.03061214e-04  1.14000000e+00  7.40000000e-01 
 1.15000000e+00  1.15000000e+00  1.15000000e+00  3.10662496e-04  1.15000000e+00  7.40000000e-01 
 1.16000000e+00  1.16000000e+00  1.16000000e+00  3.18280464e-04  1.16000000e+00  7.40000000e-01 
 1.17000000e+00  1.17000000e+00  1.17000000e+00  3.25914356e-04  1.17000000e+00  7.40000000e-01 
 1.18000000e+00  1.18000000e+00  1.18000000e+00  3.33563415e-04  1.18000000e+00  7.40000000e-01 
 1.19000000e+00  1.19000000e+00  1.19000000e+00  3.41226889e-04  1.19000000e+00  7.40000000e-01 
 1.20000000e+00  1.20000000e+00  1.20000000e+00  3.48904028e-04  1.20000000e+00  7.40000000e-01 
 1.21000000e+00  1.21000000e+00  1.21000000e+00  3.56594091e-04  1.21000000e+00  7.40000000e-01 
 1.22000000e+00  1.22000000e+00  1.22000000e+00  3.64296337e-04  1.22000000e+00  7.40000000e-01 
 1.23000000e+00  1.23000000e+00  1.23000000e+00  3.72010036e-04  1.23000000e+00  7.40000000e-01 
 1.24000000e+00  1.24000000e+00  1.24000000e+00  3.79734460e-04  1.24000000e+00  7.40000000e-01 
 1.25000000e+00  1.25000000e+00  1.25000000e+00  3.87468891e-04  1.25000000e+00  7.40000000e-01 
 1.26000000e+00  1.26000000e+00  1.26000000e+00  3.95212617e-04  1.26000000e+00  7.40000000e-01 
 1.27000000e+00  1.27000000e+00  1.27000000e+00  4.02964935e-04  1.27000000e+00  7.40000000e-01 
 1.28000000e+00  1.28000000e+00  1.28000000e+00  4.10725151e-04  1.28000000e+00  7.40000000e-01 
 1.29000000e+00  1.29000000e+00  1.29000000e+00  4.18492581e-04  1.29000000e+00  7.40000000e-01 
 1.30000000e+00  1.30000000e+00  1.30000000e+00  4.26266549e-04  1.30000000e+00  7.40000000e-01 
 1.31000000e+00  1.31000000e+00  1.31000000e+00  4.34046390e-04  1.31000000e+00  7.40000000e-01 
 1.32000000e+00  1.32000000e+00  1.32000000e+00  4.41831452e-04  1.32000000e+00  7.40000000e-01 
 1.33000000e+00  1.33000000e+00  1.33000000e+00  4.49621091e-04  1.33000000e+00  7.40000000e-01 
 1.34000000e+00  1.34000000e+00  1.34000000e+00  4.57414676e-04  1.34000000e+00  7.40000000e-01 
 1.35000000e+00  1.35000000e+00  1.35000000e+00  4.65211586e-04  1.35000000e+00  7.40000000e-01 
 1.36000000e+00  1.36000000e+00  1.36000000e+00  4.73011214e-04  1.36000000e+00  7.40000000e-01 
 1.37000000e+00  1.37000000e+00  1.37000000e+00  4.80812963e-04  1.37000000e+00  7.40000000e-01 
 1.38000000e+00  1.38000000e+00  1.38000000e+00  4.88616249e-04  1.38000000e+00  7.40000000e-01 
 1.39000000e+00  1.39000000e+00  1.39000000e+00  4.96420500e-04  1.39000000e+00  7.40000000e-01 
 1.40000000e+00  1.40000000e+00  1.40000000e+00  5.04225154e-04  1.40000000e+00  7.40000000e-01 
 1.41000000e+00  1.41000000e+00  1.41000000e+00  5.12029665e-04  1.41000000e+00  7.40000000e-01 
 1.42000000e+00  1.42000000e+00  1.42000000e+00  5.19833494e-04  1.42000000e+00  7.40000000e-01 
 1.43000000e+00  1.43000000e+00  1.43000000e+00  5.27636119e-04  1.43000000e+00  7.40000000e-01 
 1.44000000e+00  1.44000000e+00  1.44000000e+00  5.35437025e-04  1.44000000e+00  7.40000000e-01 
 1.45000000e+00  1.45000000e+00  1.45000000e+00  5.43235713e-04  1.45000000e+00  7.40000000e-01 
 1.46000000e+00  1.46000000e+00  1.46000000e+00  5.51031691e-04  1.46000000e+00  7.40000000e-01 
 1.47000000e+00  1.47000000e+00  1.47000000e+00  5.58824482e-04  1.47000000e+00  7.40000000e-01 
 1.48000000e+00  1.48000000e+00  1.48000000e+00  5.66613619e-04  1.48000000e+00  7.40000000e-01 
 1.49000000e+00  1.49000000e+00  1.49000000e+00  5.74398645e-04  1.49000000e+00  7.40000000e-01 
 1.50000000e+00  1.50000000e+00  1.50000000e+00  5.82179115e-04  1.50000000e+00  7.40000000e-01 
 1.51000000e+00  1.51000000e+00  1.51000000e+00  5.89954593e-04  1.51000000e+00  7.40000000e-01 
 1.52000000e+00  1.52000000e+00  1.52000000e+00  5.97724655e-04  1.52000000e+00  7.40000000e-01 
 1.53000000e+00  1.53000000e+00  1.53000000e+00  6.05488887e-04  1.53000000e+00  7.40000000e-01 
 1.54000000e+00  1.54000000e+00  1.54000000e+00  6.13246882e-04  1.54000000e+00  7.40000000e-01 
 1.55000000e+00  1.55000000e+00  1.55000000e+00  6.20998246e-04  1.55000000e+00  7.40000000e-01 
 1.56000000e+00  1.56000000e+00  1.56000000e+00  6.28742593e-04  1.56000000e+00  7.40000000e-01 
 1.57000000e+00  1.57000000e+00  1.57000000e+00  6.36479545e-04  1.57000000e+00  7.40000000e-01 
 1.58000000e+00  1.58000000e+00  1.58000000e+00  6.44208735e-04  1.58000000e+00  7.40000000e-01 
 1.59000000e+00  1.59000000e+00  1.59000000e+00  6.51929802e-04  1.59000000e+00  7.40000000e-01 
 1.60000000e+00  1.60000000e+00  1.60000000e+00  6.59642397e-04  1.60000000e+00  7.40000000e-01 
 1.61000000e+00  1.61000000e+00  1.61000000e+00  6.67346175e-04  1.61000000e+00  7.40000000e-01 
 1.62000000e+00  1.62000000e+00  1.62000000e+00  6.75040800e-04  1.62000000e+00  7.40000000e-01 
 1.63000000e+00  1.63000000e+00  1.63000000e+00  6.82725947e-04  1.63000000e+00  7.40000000e-01 
 1.64000000e+00  1.64000000e+00  1.64000000e+00  6.90401293e-04  1.64000000e+00  7.40000000e-01 
 1.65000000e+00  1.65000000e+00  1.65000000e+00  6.98066526e-04  1.65000000e+00  7.40000000e-01 
 1.66000000e+00  1.66000000e+00  1.66000000e+00  7.05721339e-04  1.66000000e+00  7.40000000e-01 
 1.67000000e+00  1.67000000e+00  1.67000000e+00  7.13365432e-04  1.67000000e+00  7.40000000e-01 
 1.68000000e+00  1.68000000e+00  1.68000000e+00  7.20998513e-04  1.68000000e+00  7.40000000e-01 
 1.69000000e+00  1.69000000e+00  1.69000000e+00  7.28620293e-04  1.69000000e+00  7.40000000e-01 
 1.70000000e+00  1.70000000e+00  1.70000000e+00  7.36230492e-04  1.70000000e+00  7.40000000e-01 
 1.71000000e+00  1.71000000e+00  1.71000000e+00  7.43828834e-04  1.71000000e+00  7.40000000e-01 
 1.72000000e+00  1.72000000e+00  1.72000000e+00  7.51415049e-04  1.72000000e+00  7.40000000e-01 
 1.73000000e+00  1.73000000e+00  1.73000000e+00  7.58988873e-04  1.73000000e+00  7.40000000e-01 
 1.74000000e+00  1.74000000e+00  1.74000000e+00  7.66550045e-04  1.74000000e+00  7.40000000e-01 
 1.75000000e+00  1.75000000e+00  1.75000000e+00  7.74098312e-04  1.75000000e+00  7.40000000e-01 
 1.76000000e+00  1.76000000e+00  1.76000000e+00  7.81633423e-04  1.76000000e+00  7.40000000e-01 
 1.77000000e+00  1.77000000e+00  1.77000000e+00  7.89155133e-04  1.77000000e+00  7.40000000e-01 
 1.78000000e+00  1.78000000e+00  1.78000000e+00  7.96663201e-04  1.78000000e+00  7.40000000e-01 
 1.79000000e+00  1.79000000e+00  1.79000000e+00  8.04157390e-04  1.79000000e+00  7.40000000e-01 
 1.80000000e+00  1.80000000e+00  1.80000000e+00  8.11637466e-04  1.80000000e+00  7.40000000e-01 
 1.81000000e+00  1.81000000e+00  1.81000000e+00  8.19103201e-04  1.81000000e+00  7.40000000e-01 
 1.82000000e+00  1.82000000e+00  1.82000000e+00  8.26554369e-04  1.82000000e+00  7.40000000e-01 
 1.83000000e+00  1.83000000e+00  1.83000000e+00  8.33990746e-04  1.83000000e+00  7.40000000e-01 
 1.84000000e+00  1.84000000e+00  1.84000000e+00  8.41412116e-04  1.84000000e+00  7.40000000e-01 
 1.85000000e+00  1.85000000e+00  1.85000000e+00  8.48818260e-04  1.85000000e+00  7.40000000e-01 
