 0.00000000e+00  0.00000000e+00  0.00000000e+00 -1.34066573e-14  0.00000000e+00  1.85000000e+00 
-1.00000000e-02 -1.00000000e-02 -1.00000000e-02 -1.64882252e-14 -1.00000000e-02  1.85000000e+00 
-2.00000000e-02 -2.00000000e-02 -2.00000000e-02 -2.02780898e-14 -2.00000000e-02  1.85000000e+00 
-3.00000000e-02 -3.00000000e-02 -3.00000000e-02 -2.49390481e-14 -3.00000000e-02  1.85000000e+00 
-4.00000000e-02 -4.00000000e-02 -4.00000000e-02 -3.06713134e-14 -4.00000000e-02  1.85000000e+00 
-5.00000000e-02 -5.00000000e-02 -5.00000000e-02 -3.77211135e-14 -5.00000000e-02  1.85000000e+00 
-6.00000000e-02 -6.00000000e-02 -6.00000000e-02 -4.63912664e-14 -6.00000000e-02  1.85000000e+00 
-7.00000000e-02 -7.00000000e-02 -7.00000000e-02 -5.70541840e-14 -7.00000000e-02  1.85000000e+00 
-8.00000000e-02 -8.00000000e-02 -8.00000000e-02 -7.01678656e-14 -8.00000000e-02  1.85000000e+00 
-9.00000000e-02 -9.00000000e-02 -9.00000000e-02 -8.62955650e-14 -9.00000000e-02  1.85000000e+00 
-1.00000000e-01 -1.00000000e-01 -1.00000000e-01 -1.06129977e-13 -1.00000000e-01  1.85000000e+00 
-1.10000000e-01 -1.10000000e-01 -1.10000000e-01 -1.30522979e-13 -1.10000000e-01  1.85000000e+00 
-1.20000000e-01 -1.20000000e-01 -1.20000000e-01 -1.60522208e-13 -1.20000000e-01  1.85000000e+00 
-1.30000000e-01 -1.30000000e-01 -1.30000000e-01 -1.97416037e-13 -1.30000000e-01  1.85000000e+00 
-1.40000000e-01 -1.40000000e-01 -1.40000000e-01 -2.42788885e-13 -1.40000000e-01  1.85000000e+00 
-1.50000000e-01 -1.50000000e-01 -1.50000000e-01 -2.98589228e-13 -1.50000000e-01  1.85000000e+00 
-1.60000000e-01 -1.60000000e-01 -1.60000000e-01 -3.67213232e-13 -1.60000000e-01  1.85000000e+00 
-1.70000000e-01 -1.70000000e-01 -1.70000000e-01 -4.51607591e-13 -1.70000000e-01  1.85000000e+00 
-1.80000000e-01 -1.80000000e-01 -1.80000000e-01 -5.55395980e-13 -1.80000000e-01  1.85000000e+00 
-1.90000000e-01 -1.90000000e-01 -1.90000000e-01 -6.83034535e-13 -1.90000000e-01  1.85000000e+00 
-2.00000000e-01 -2.00000000e-01 -2.00000000e-01 -8.40003037e-13 -2.00000000e-01  1.85000000e+00 
-2.10000000e-01 -2.10000000e-01 -2.10000000e-01 -1.03303996e-12 -2.10000000e-01  1.85000000e+00 
-2.20000000e-01 -2.20000000e-01 -2.20000000e-01 -1.27043150e-12 -2.20000000e-01  1.85000000e+00 
-2.30000000e-01 -2.30000000e-01 -2.30000000e-01 -1.56236684e-12 -2.30000000e-01  1.85000000e+00 
-2.40000000e-01 -2.40000000e-01 -2.40000000e-01 -1.92137504e-12 -2.40000000e-01  1.85000000e+00 
-2.50000000e-01 -2.50000000e-01 -2.50000000e-01 -2.36286203e-12 -2.50000000e-01  1.85000000e+00 
-2.60000000e-01 -2.60000000e-01 -2.60000000e-01 -2.90577077e-12 -2.60000000e-01  1.85000000e+00 
-2.70000000e-01 -2.70000000e-01 -2.70000000e-01 -3.57339278e-12 -2.70000000e-01  1.85000000e+00 
-2.80000000e-01 -2.80000000e-01 -2.80000000e-01 -4.39436561e-12 -2.80000000e-01  1.85000000e+00 
-2.90000000e-01 -2.90000000e-01 -2.90000000e-01 -5.40389889e-12 -2.90000000e-01  1.85000000e+00 
-3.00000000e-01 -3.00000000e-01 -3.00000000e-01 -6.64528110e-12 -3.00000000e-01  1.85000000e+00 
-3.10000000e-01 -3.10000000e-01 -3.10000000e-01 -8.17173139e-12 -3.10000000e-01  1.85000000e+00 
-3.20000000e-01 -3.20000000e-01 -3.20000000e-01 -1.00486751e-11 -3.20000000e-01  1.85000000e+00 
-3.30000000e-01 -3.30000000e-01 -3.30000000e-01 -1.23565396e-11 -3.30000000e-01  1.85000000e+00 
-3.40000000e-01 -3.40000000e-01 -3.40000000e-01 -1.51941898e-11 -3.40000000e-01  1.85000000e+00 
-3.50000000e-01 -3.50000000e-01 -3.50000000e-01 -1.86831475e-11 -3.50000000e-01  1.85000000e+00 
-3.60000000e-01 -3.60000000e-01 -3.60000000e-01 -2.29727753e-11 -3.60000000e-01  1.85000000e+00 
-3.70000000e-01 -3.70000000e-01 -3.70000000e-01 -2.82466421e-11 -3.70000000e-01  1.85000000e+00 
-3.80000000e-01 -3.80000000e-01 -3.80000000e-01 -3.47303401e-11 -3.80000000e-01  1.85000000e+00 
-3.90000000e-01 -3.90000000e-01 -3.90000000e-01 -4.27010823e-11 -3.90000000e-01  1.85000000e+00 
-4.00000000e-01 -4.00000000e-01 -4.00000000e-01 -5.24994827e-11 -4.00000000e-01  1.85000000e+00 
-4.10000000e-01 -4.10000000e-01 -4.10000000e-01 -6.45440146e-11 -4.10000000e-01  1.85000000e+00 
-4.20000000e-01 -4.20000000e-01 -4.20000000e-01 -7.93487496e-11 -4.20000000e-01  1.85000000e+00 
-4.30000000e-01 -4.30000000e-01 -4.30000000e-01 -9.75451162e-11 -4.30000000e-01  1.85000000e+00 
-4.40000000e-01 -4.40000000e-01 -4.40000000e-01 -1.19908579e-10 -4.40000000e-01  1.85000000e+00 
-4.50000000e-01 -4.50000000e-01 -4.50000000e-01 -1.47391362e-10 -4.50000000e-01  1.85000000e+00 
-4.60000000e-01 -4.60000000e-01 -4.60000000e-01 -1.81162528e-10 -4.60000000e-01  1.85000000e+00 
-4.70000000e-01 -4.70000000e-01 -4.70000000e-01 -2.22657095e-10 -4.70000000e-01  1.85000000e+00 
-4.80000000e-01 -4.80000000e-01 -4.80000000e-01 -2.73636164e-10 -4.80000000e-01  1.85000000e+00 
-4.90000000e-01 -4.90000000e-01 -4.90000000e-01 -3.36260517e-10 -4.90000000e-01  1.85000000e+00 
-5.00000000e-01 -5.00000000e-01 -5.00000000e-01 -4.13180645e-10 -5.00000000e-01  1.85000000e+00 
-5.10000000e-01 -5.10000000e-01 -5.10000000e-01 -5.07646810e-10 -5.10000000e-01  1.85000000e+00 
-5.20000000e-01 -5.20000000e-01 -5.20000000e-01 -6.23643504e-10 -5.20000000e-01  1.85000000e+00 
-5.30000000e-01 -5.30000000e-01 -5.30000000e-01 -7.66053617e-10 -5.30000000e-01  1.85000000e+00 
-5.40000000e-01 -5.40000000e-01 -5.40000000e-01 -9.40858684e-10 -5.40000000e-01  1.85000000e+00 
-5.50000000e-01 -5.50000000e-01 -5.50000000e-01 -1.15538296e-09 -5.50000000e-01  1.85000000e+00 
-5.60000000e-01 -5.60000000e-01 -5.60000000e-01 -1.41859056e-09 -5.60000000e-01  1.85000000e+00 
-5.70000000e-01 -5.70000000e-01 -5.70000000e-01 -1.74144692e-09 -5.70000000e-01  1.85000000e+00 
-5.80000000e-01 -5.80000000e-01 -5.80000000e-01 -2.13735782e-09 -5.80000000e-01  1.85000000e+00 
-5.90000000e-01 -5.90000000e-01 -5.90000000e-01 -2.62270196e-09 -5.90000000e-01  1.85000000e+00 
-6.00000000e-01 -6.00000000e-01 -6.00000000e-01 -3.21747614e-09 -6.00000000e-01  1.85000000e+00 
-6.10000000e-01 -6.10000000e-01 -6.10000000e-01 -3.94607536e-09 -6.10000000e-01  1.85000000e+00 
-6.20000000e-01 -6.20000000e-01 -6.20000000e-01 -4.83823446e-09 -6.20000000e-01  1.85000000e+00 
-6.30000000e-01 -6.30000000e-01 -6.30000000e-01 -5.93016239e-09 -6.30000000e-01  1.85000000e+00 
-6.40000000e-01 -6.40000000e-01 -6.40000000e-01 -7.26590527e-09 -6.40000000e-01  1.85000000e+00 
-6.50000000e-01 -6.50000000e-01 -6.50000000e-01 -8.89898036e-09 -6.50000000e-01  1.85000000e+00 
-6.60000000e-01 -6.60000000e-01 -6.60000000e-01 -1.08943292e-08 -6.60000000e-01  1.85000000e+00 
-6.70000000e-01 -6.70000000e-01 -6.70000000e-01 -1.33306447e-08 -6.70000000e-01  1.85000000e+00 
-6.80000000e-01 -6.80000000e-01 -6.80000000e-01 -1.63031346e-08 -6.80000000e-01  1.85000000e+00 
-6.90000000e-01 -6.90000000e-01 -6.90000000e-01 -1.99267894e-08 -6.90000000e-01  1.85000000e+00 
-7.00000000e-01 -7.00000000e-01 -7.00000000e-01 -2.43402306e-08 -7.00000000e-01  1.85000000e+00 
-7.10000000e-01 -7.10000000e-01 -7.10000000e-01 -2.97102199e-08 -7.10000000e-01  1.85000000e+00 
-7.20000000e-01 -7.20000000e-01 -7.20000000e-01 -3.62369140e-08 -7.20000000e-01  1.85000000e+00 
-7.30000000e-01 -7.30000000e-01 -7.30000000e-01 -4.41599503e-08 -7.30000000e-01  1.85000000e+00 
-7.40000000e-01 -7.40000000e-01 -7.40000000e-01 -5.37654465e-08 -7.40000000e-01  1.85000000e+00 
-7.50000000e-01 -7.50000000e-01 -7.50000000e-01 -6.53939877e-08 -7.50000000e-01  1.85000000e+00 
-7.60000000e-01 -7.60000000e-01 -7.60000000e-01 -7.94496597e-08 -7.60000000e-01  1.85000000e+00 
-7.70000000e-01 -7.70000000e-01 -7.70000000e-01 -9.64101623e-08 -7.70000000e-01  1.85000000e+00 
-7.80000000e-01 -7.80000000e-01 -7.80000000e-01 -1.16837998e-07 -7.80000000e-01  1.85000000e+00 
-7.90000000e-01 -7.90000000e-01 -7.90000000e-01 -1.41392688e-07 -7.90000000e-01  1.85000000e+00 
-8.00000000e-01 -8.00000000e-01 -8.00000000e-01 -1.70843888e-07 -8.00000000e-01  1.85000000e+00 
-8.10000000e-01 -8.10000000e-01 -8.10000000e-01 -2.06085213e-07 -8.10000000e-01  1.85000000e+00 
-8.20000000e-01 -8.20000000e-01 -8.20000000e-01 -2.48148469e-07 -8.20000000e-01  1.85000000e+00 
-8.30000000e-01 -8.30000000e-01 -8.30000000e-01 -2.98217872e-07 -8.30000000e-01  1.85000000e+00 
-8.40000000e-01 -8.40000000e-01 -8.40000000e-01 -3.57643714e-07 -8.40000000e-01  1.85000000e+00 
-8.50000000e-01 -8.50000000e-01 -8.50000000e-01 -4.27954791e-07 -8.50000000e-01  1.85000000e+00 
-8.60000000e-01 -8.60000000e-01 -8.60000000e-01 -5.10868777e-07 -8.60000000e-01  1.85000000e+00 
-8.70000000e-01 -8.70000000e-01 -8.70000000e-01 -6.08299592e-07 -8.70000000e-01  1.85000000e+00 
-8.80000000e-01 -8.80000000e-01 -8.80000000e-01 -7.22360723e-07 -8.80000000e-01  1.85000000e+00 
-8.90000000e-01 -8.90000000e-01 -8.90000000e-01 -8.55363367e-07 -8.90000000e-01  1.85000000e+00 
-9.00000000e-01 -9.00000000e-01 -9.00000000e-01 -1.00980830e-06 -9.00000000e-01  1.85000000e+00 
-9.10000000e-01 -9.10000000e-01 -9.10000000e-01 -1.18837038e-06 -9.10000000e-01  1.85000000e+00 
-9.20000000e-01 -9.20000000e-01 -9.20000000e-01 -1.39387491e-06 -9.20000000e-01  1.85000000e+00 
-9.30000000e-01 -9.30000000e-01 -9.30000000e-01 -1.62926497e-06 -9.30000000e-01  1.85000000e+00 
-9.40000000e-01 -9.40000000e-01 -9.40000000e-01 -1.89755982e-06 -9.40000000e-01  1.85000000e+00 
-9.50000000e-01 -9.50000000e-01 -9.50000000e-01 -2.20180413e-06 -9.50000000e-01  1.85000000e+00 
-9.60000000e-01 -9.60000000e-01 -9.60000000e-01 -2.54500917e-06 -9.60000000e-01  1.85000000e+00 
-9.70000000e-01 -9.70000000e-01 -9.70000000e-01 -2.93008686e-06 -9.70000000e-01  1.85000000e+00 
-9.80000000e-01 -9.80000000e-01 -9.80000000e-01 -3.35977896e-06 -9.80000000e-01  1.85000000e+00 
-9.90000000e-01 -9.90000000e-01 -9.90000000e-01 -3.83658359e-06 -9.90000000e-01  1.85000000e+00 
-1.00000000e+00 -1.00000000e+00 -1.00000000e+00 -4.36268221e-06 -1.00000000e+00  1.85000000e+00 
-1.01000000e+00 -1.01000000e+00 -1.01000000e+00 -4.93987030e-06 -1.01000000e+00  1.85000000e+00 
-1.02000000e+00 -1.02000000e+00 -1.02000000e+00 -5.56949512e-06 -1.02000000e+00  1.85000000e+00 
-1.03000000e+00 -1.03000000e+00 -1.03000000e+00 -6.25240406e-06 -1.03000000e+00  1.85000000e+00 
-1.04000000e+00 -1.04000000e+00 -1.04000000e+00 -6.98890635e-06 -1.04000000e+00  1.85000000e+00 
-1.05000000e+00 -1.05000000e+00 -1.05000000e+00 -7.77875071e-06 -1.05000000e+00  1.85000000e+00 
-1.06000000e+00 -1.06000000e+00 -1.06000000e+00 -8.62112039e-06 -1.06000000e+00  1.85000000e+00 
-1.07000000e+00 -1.07000000e+00 -1.07000000e+00 -9.51464621e-06 -1.07000000e+00  1.85000000e+00 
-1.08000000e+00 -1.08000000e+00 -1.08000000e+00 -1.04574372e-05 -1.08000000e+00  1.85000000e+00 
-1.09000000e+00 -1.09000000e+00 -1.09000000e+00 -1.14471269e-05 -1.09000000e+00  1.85000000e+00 
-1.10000000e+00 -1.10000000e+00 -1.10000000e+00 -1.24809341e-05 -1.10000000e+00  1.85000000e+00 
-1.11000000e+00 -1.11000000e+00 -1.11000000e+00 -1.35557325e-05 -1.11000000e+00  1.85000000e+00 
-1.12000000e+00 -1.12000000e+00 -1.12000000e+00 -1.46681289e-05 -1.12000000e+00  1.85000000e+00 
-1.13000000e+00 -1.13000000e+00 -1.13000000e+00 -1.58145427e-05 -1.13000000e+00  1.85000000e+00 
-1.14000000e+00 -1.14000000e+00 -1.14000000e+00 -1.69912866e-05 -1.14000000e+00  1.85000000e+00 
-1.15000000e+00 -1.15000000e+00 -1.15000000e+00 -1.81946418e-05 -1.15000000e+00  1.85000000e+00 
-1.16000000e+00 -1.16000000e+00 -1.16000000e+00 -1.94209280e-05 -1.16000000e+00  1.85000000e+00 
-1.17000000e+00 -1.17000000e+00 -1.17000000e+00 -2.06665643e-05 -1.17000000e+00  1.85000000e+00 
-1.18000000e+00 -1.18000000e+00 -1.18000000e+00 -2.19281202e-05 -1.18000000e+00  1.85000000e+00 
-1.19000000e+00 -1.19000000e+00 -1.19000000e+00 -2.32023568e-05 -1.19000000e+00  1.85000000e+00 
-1.20000000e+00 -1.20000000e+00 -1.20000000e+00 -2.44862571e-05 -1.20000000e+00  1.85000000e+00 
-1.21000000e+00 -1.21000000e+00 -1.21000000e+00 -2.57770466e-05 -1.21000000e+00  1.85000000e+00 
-1.22000000e+00 -1.22000000e+00 -1.22000000e+00 -2.70722050e-05 -1.22000000e+00  1.85000000e+00 
-1.23000000e+00 -1.23000000e+00 -1.23000000e+00 -2.83694700e-05 -1.23000000e+00  1.85000000e+00 
-1.24000000e+00 -1.24000000e+00 -1.24000000e+00 -2.96668346e-05 -1.24000000e+00  1.85000000e+00 
-1.25000000e+00 -1.25000000e+00 -1.25000000e+00 -3.09625386e-05 -1.25000000e+00  1.85000000e+00 
-1.26000000e+00 -1.26000000e+00 -1.26000000e+00 -3.22550566e-05 -1.26000000e+00  1.85000000e+00 
-1.27000000e+00 -1.27000000e+00 -1.27000000e+00 -3.35430828e-05 -1.27000000e+00  1.85000000e+00 
-1.28000000e+00 -1.28000000e+00 -1.28000000e+00 -3.48255138e-05 -1.28000000e+00  1.85000000e+00 
-1.29000000e+00 -1.29000000e+00 -1.29000000e+00 -3.61014306e-05 -1.29000000e+00  1.85000000e+00 
-1.30000000e+00 -1.30000000e+00 -1.30000000e+00 -3.73700799e-05 -1.30000000e+00  1.85000000e+00 
-1.31000000e+00 -1.31000000e+00 -1.31000000e+00 -3.86308559e-05 -1.31000000e+00  1.85000000e+00 
-1.32000000e+00 -1.32000000e+00 -1.32000000e+00 -3.98832827e-05 -1.32000000e+00  1.85000000e+00 
-1.33000000e+00 -1.33000000e+00 -1.33000000e+00 -4.11269973e-05 -1.33000000e+00  1.85000000e+00 
-1.34000000e+00 -1.34000000e+00 -1.34000000e+00 -4.23617344e-05 -1.34000000e+00  1.85000000e+00 
-1.35000000e+00 -1.35000000e+00 -1.35000000e+00 -4.35873120e-05 -1.35000000e+00  1.85000000e+00 
-1.36000000e+00 -1.36000000e+00 -1.36000000e+00 -4.48036181e-05 -1.36000000e+00  1.85000000e+00 
-1.37000000e+00 -1.37000000e+00 -1.37000000e+00 -4.60105999e-05 -1.37000000e+00  1.85000000e+00 
-1.38000000e+00 -1.38000000e+00 -1.38000000e+00 -4.72082526e-05 -1.38000000e+00  1.85000000e+00 
-1.39000000e+00 -1.39000000e+00 -1.39000000e+00 -4.83966110e-05 -1.39000000e+00  1.85000000e+00 
-1.40000000e+00 -1.40000000e+00 -1.40000000e+00 -4.95757412e-05 -1.40000000e+00  1.85000000e+00 
-1.41000000e+00 -1.41000000e+00 -1.41000000e+00 -5.07457340e-05 -1.41000000e+00  1.85000000e+00 
-1.42000000e+00 -1.42000000e+00 -1.42000000e+00 -5.19066992e-05 -1.42000000e+00  1.85000000e+00 
-1.43000000e+00 -1.43000000e+00 -1.43000000e+00 -5.30587602e-05 -1.43000000e+00  1.85000000e+00 
-1.44000000e+00 -1.44000000e+00 -1.44000000e+00 -5.42020503e-05 -1.44000000e+00  1.85000000e+00 
-1.45000000e+00 -1.45000000e+00 -1.45000000e+00 -5.53367089e-05 -1.45000000e+00  1.85000000e+00 
-1.46000000e+00 -1.46000000e+00 -1.46000000e+00 -5.64628787e-05 -1.46000000e+00  1.85000000e+00 
-1.47000000e+00 -1.47000000e+00 -1.47000000e+00 -5.75807037e-05 -1.47000000e+00  1.85000000e+00 
-1.48000000e+00 -1.48000000e+00 -1.48000000e+00 -5.86903267e-05 -1.48000000e+00  1.85000000e+00 
-1.49000000e+00 -1.49000000e+00 -1.49000000e+00 -5.97918883e-05 -1.49000000e+00  1.85000000e+00 
-1.50000000e+00 -1.50000000e+00 -1.50000000e+00 -6.08855257e-05 -1.50000000e+00  1.85000000e+00 
-1.51000000e+00 -1.51000000e+00 -1.51000000e+00 -6.19713715e-05 -1.51000000e+00  1.85000000e+00 
-1.52000000e+00 -1.52000000e+00 -1.52000000e+00 -6.30495536e-05 -1.52000000e+00  1.85000000e+00 
-1.53000000e+00 -1.53000000e+00 -1.53000000e+00 -6.41201943e-05 -1.53000000e+00  1.85000000e+00 
-1.54000000e+00 -1.54000000e+00 -1.54000000e+00 -6.51834102e-05 -1.54000000e+00  1.85000000e+00 
-1.55000000e+00 -1.55000000e+00 -1.55000000e+00 -6.62393122e-05 -1.55000000e+00  1.85000000e+00 
-1.56000000e+00 -1.56000000e+00 -1.56000000e+00 -6.72880054e-05 -1.56000000e+00  1.85000000e+00 
-1.57000000e+00 -1.57000000e+00 -1.57000000e+00 -6.83295889e-05 -1.57000000e+00  1.85000000e+00 
-1.58000000e+00 -1.58000000e+00 -1.58000000e+00 -6.93641565e-05 -1.58000000e+00  1.85000000e+00 
-1.59000000e+00 -1.59000000e+00 -1.59000000e+00 -7.03917964e-05 -1.59000000e+00  1.85000000e+00 
-1.60000000e+00 -1.60000000e+00 -1.60000000e+00 -7.14125915e-05 -1.60000000e+00  1.85000000e+00 
-1.61000000e+00 -1.61000000e+00 -1.61000000e+00 -7.24266200e-05 -1.61000000e+00  1.85000000e+00 
-1.62000000e+00 -1.62000000e+00 -1.62000000e+00 -7.34339551e-05 -1.62000000e+00  1.85000000e+00 
-1.63000000e+00 -1.63000000e+00 -1.63000000e+00 -7.44346658e-05 -1.63000000e+00  1.85000000e+00 
-1.64000000e+00 -1.64000000e+00 -1.64000000e+00 -7.54288170e-05 -1.64000000e+00  1.85000000e+00 
-1.65000000e+00 -1.65000000e+00 -1.65000000e+00 -7.64164698e-05 -1.65000000e+00  1.85000000e+00 
-1.66000000e+00 -1.66000000e+00 -1.66000000e+00 -7.73976815e-05 -1.66000000e+00  1.85000000e+00 
-1.67000000e+00 -1.67000000e+00 -1.67000000e+00 -7.83725066e-05 -1.67000000e+00  1.85000000e+00 
-1.68000000e+00 -1.68000000e+00 -1.68000000e+00 -7.93409963e-05 -1.68000000e+00  1.85000000e+00 
-1.69000000e+00 -1.69000000e+00 -1.69000000e+00 -8.03031992e-05 -1.69000000e+00  1.85000000e+00 
-1.70000000e+00 -1.70000000e+00 -1.70000000e+00 -8.12591614e-05 -1.70000000e+00  1.85000000e+00 
-1.71000000e+00 -1.71000000e+00 -1.71000000e+00 -8.22089267e-05 -1.71000000e+00  1.85000000e+00 
-1.72000000e+00 -1.72000000e+00 -1.72000000e+00 -8.31525371e-05 -1.72000000e+00  1.85000000e+00 
-1.73000000e+00 -1.73000000e+00 -1.73000000e+00 -8.40900325e-05 -1.73000000e+00  1.85000000e+00 
-1.74000000e+00 -1.74000000e+00 -1.74000000e+00 -8.50214514e-05 -1.74000000e+00  1.85000000e+00 
-1.75000000e+00 -1.75000000e+00 -1.75000000e+00 -8.59468309e-05 -1.75000000e+00  1.85000000e+00 
-1.76000000e+00 -1.76000000e+00 -1.76000000e+00 -8.68662066e-05 -1.76000000e+00  1.85000000e+00 
-1.77000000e+00 -1.77000000e+00 -1.77000000e+00 -8.77796131e-05 -1.77000000e+00  1.85000000e+00 
-1.78000000e+00 -1.78000000e+00 -1.78000000e+00 -8.86870841e-05 -1.78000000e+00  1.85000000e+00 
-1.79000000e+00 -1.79000000e+00 -1.79000000e+00 -8.95886524e-05 -1.79000000e+00  1.85000000e+00 
-1.80000000e+00 -1.80000000e+00 -1.80000000e+00 -9.04843500e-05 -1.80000000e+00  1.85000000e+00 
-1.81000000e+00 -1.81000000e+00 -1.81000000e+00 -9.13742083e-05 -1.81000000e+00  1.85000000e+00 
-1.82000000e+00 -1.82000000e+00 -1.82000000e+00 -9.22582583e-05 -1.82000000e+00  1.85000000e+00 
-1.83000000e+00 -1.83000000e+00 -1.83000000e+00 -9.31365304e-05 -1.83000000e+00  1.85000000e+00 
-1.84000000e+00 -1.84000000e+00 -1.84000000e+00 -9.40090546e-05 -1.84000000e+00  1.85000000e+00 
-1.85000000e+00 -1.85000000e+00 -1.85000000e+00 -9.48758607e-05 -1.85000000e+00  1.85000000e+00 
