 0.00000000e+00  0.00000000e+00  0.00000000e+00 -5.47967191e-15  0.00000000e+00  7.40000000e-01 
-1.00000000e-02 -1.00000000e-02 -1.00000000e-02 -6.73919399e-15 -1.00000000e-02  7.40000000e-01 
-2.00000000e-02 -2.00000000e-02 -2.00000000e-02 -8.28821655e-15 -2.00000000e-02  7.40000000e-01 
-3.00000000e-02 -3.00000000e-02 -3.00000000e-02 -1.01932793e-14 -3.00000000e-02  7.40000000e-01 
-4.00000000e-02 -4.00000000e-02 -4.00000000e-02 -1.25362147e-14 -4.00000000e-02  7.40000000e-01 
-5.00000000e-02 -5.00000000e-02 -5.00000000e-02 -1.54176632e-14 -5.00000000e-02  7.40000000e-01 
-6.00000000e-02 -6.00000000e-02 -6.00000000e-02 -1.89613947e-14 -6.00000000e-02  7.40000000e-01 
-7.00000000e-02 -7.00000000e-02 -7.00000000e-02 -2.33196243e-14 -7.00000000e-02  7.40000000e-01 
-8.00000000e-02 -8.00000000e-02 -8.00000000e-02 -2.86795490e-14 -8.00000000e-02  7.40000000e-01 
-9.00000000e-02 -9.00000000e-02 -9.00000000e-02 -3.52713862e-14 -9.00000000e-02  7.40000000e-01 
-1.00000000e-01 -1.00000000e-01 -1.00000000e-01 -4.33782594e-14 -1.00000000e-01  7.40000000e-01 
-1.10000000e-01 -1.10000000e-01 -1.10000000e-01 -5.33483547e-14 -1.10000000e-01  7.40000000e-01 
-1.20000000e-01 -1.20000000e-01 -1.20000000e-01 -6.56098702e-14 -1.20000000e-01  7.40000000e-01 
-1.30000000e-01 -1.30000000e-01 -1.30000000e-01 -8.06893998e-14 -1.30000000e-01  7.40000000e-01 
-1.40000000e-01 -1.40000000e-01 -1.40000000e-01 -9.92345392e-14 -1.40000000e-01  7.40000000e-01 
-1.50000000e-01 -1.50000000e-01 -1.50000000e-01 -1.22041684e-13 -1.50000000e-01  7.40000000e-01 
-1.60000000e-01 -1.60000000e-01 -1.60000000e-01 -1.50090215e-13 -1.60000000e-01  7.40000000e-01 
-1.70000000e-01 -1.70000000e-01 -1.70000000e-01 -1.84584527e-13 -1.70000000e-01  7.40000000e-01 
-1.80000000e-01 -1.80000000e-01 -1.80000000e-01 -2.27005716e-13 -1.80000000e-01  7.40000000e-01 
-1.90000000e-01 -1.90000000e-01 -1.90000000e-01 -2.79175130e-13 -1.90000000e-01  7.40000000e-01 
-2.00000000e-01 -2.00000000e-01 -2.00000000e-01 -3.43332506e-13 -2.00000000e-01  7.40000000e-01 
-2.10000000e-01 -2.10000000e-01 -2.10000000e-01 -4.22232047e-13 -2.10000000e-01  7.40000000e-01 
-2.20000000e-01 -2.20000000e-01 -2.20000000e-01 -5.19260546e-13 -2.20000000e-01  7.40000000e-01 
-2.30000000e-01 -2.30000000e-01 -2.30000000e-01 -6.38582613e-13 -2.30000000e-01  7.40000000e-01 
-2.40000000e-01 -2.40000000e-01 -2.40000000e-01 -7.85319220e-13 -2.40000000e-01  7.40000000e-01 
-2.50000000e-01 -2.50000000e-01 -2.50000000e-01 -9.65767198e-13 -2.50000000e-01  7.40000000e-01 
-2.60000000e-01 -2.60000000e-01 -2.60000000e-01 -1.18766907e-12 -2.60000000e-01  7.40000000e-01 
-2.70000000e-01 -2.70000000e-01 -2.70000000e-01 -1.46054472e-12 -2.70000000e-01  7.40000000e-01 
-2.80000000e-01 -2.80000000e-01 -2.80000000e-01 -1.79609912e-12 -2.80000000e-01  7.40000000e-01 
-2.90000000e-01 -2.90000000e-01 -2.90000000e-01 -2.20872343e-12 -2.90000000e-01  7.40000000e-01 
-3.00000000e-01 -3.00000000e-01 -3.00000000e-01 -2.71611087e-12 -3.00000000e-01  7.40000000e-01 
-3.10000000e-01 -3.10000000e-01 -3.10000000e-01 -3.34001360e-12 -3.10000000e-01  7.40000000e-01 
-3.20000000e-01 -3.20000000e-01 -3.20000000e-01 -4.10717281e-12 -3.20000000e-01  7.40000000e-01 
-3.30000000e-01 -3.30000000e-01 -3.30000000e-01 -5.05046148e-12 -3.30000000e-01  7.40000000e-01 
-3.40000000e-01 -3.40000000e-01 -3.40000000e-01 -6.21028845e-12 -3.40000000e-01  7.40000000e-01 
-3.50000000e-01 -3.50000000e-01 -3.50000000e-01 -7.63632323e-12 -3.50000000e-01  7.40000000e-01 
-3.60000000e-01 -3.60000000e-01 -3.60000000e-01 -9.38961459e-12 -3.60000000e-01  7.40000000e-01 
-3.70000000e-01 -3.70000000e-01 -3.70000000e-01 -1.15451925e-11 -3.70000000e-01  7.40000000e-01 
-3.80000000e-01 -3.80000000e-01 -3.80000000e-01 -1.41952632e-11 -3.80000000e-01  7.40000000e-01 
-3.90000000e-01 -3.90000000e-01 -3.90000000e-01 -1.74531319e-11 -3.90000000e-01  7.40000000e-01 
-4.00000000e-01 -4.00000000e-01 -4.00000000e-01 -2.14580179e-11 -4.00000000e-01  7.40000000e-01 
-4.10000000e-01 -4.10000000e-01 -4.10000000e-01 -2.63809642e-11 -4.10000000e-01  7.40000000e-01 
-4.20000000e-01 -4.20000000e-01 -4.20000000e-01 -3.24320881e-11 -4.20000000e-01  7.40000000e-01 
-4.30000000e-01 -4.30000000e-01 -4.30000000e-01 -3.98694752e-11 -4.30000000e-01  7.40000000e-01 
-4.40000000e-01 -4.40000000e-01 -4.40000000e-01 -4.90100840e-11 -4.40000000e-01  7.40000000e-01 
-4.50000000e-01 -4.50000000e-01 -4.50000000e-01 -6.02431211e-11 -4.50000000e-01  7.40000000e-01 
-4.60000000e-01 -4.60000000e-01 -4.60000000e-01 -7.40464264e-11 -4.60000000e-01  7.40000000e-01 
-4.70000000e-01 -4.70000000e-01 -4.70000000e-01 -9.10065465e-11 -4.70000000e-01  7.40000000e-01 
-4.80000000e-01 -4.80000000e-01 -4.80000000e-01 -1.11843316e-10 -4.80000000e-01  7.40000000e-01 
-4.90000000e-01 -4.90000000e-01 -4.90000000e-01 -1.37439942e-10 -4.90000000e-01  7.40000000e-01 
-5.00000000e-01 -5.00000000e-01 -5.00000000e-01 -1.68879807e-10 -5.00000000e-01  7.40000000e-01 
-5.10000000e-01 -5.10000000e-01 -5.10000000e-01 -2.07491462e-10 -5.10000000e-01  7.40000000e-01 
-5.20000000e-01 -5.20000000e-01 -5.20000000e-01 -2.54903600e-10 -5.20000000e-01  7.40000000e-01 
-5.30000000e-01 -5.30000000e-01 -5.30000000e-01 -3.13112176e-10 -5.30000000e-01  7.40000000e-01 
-5.40000000e-01 -5.40000000e-01 -5.40000000e-01 -3.84562278e-10 -5.40000000e-01  7.40000000e-01 
-5.50000000e-01 -5.50000000e-01 -5.50000000e-01 -4.72247938e-10 -5.50000000e-01  7.40000000e-01 
-5.60000000e-01 -5.60000000e-01 -5.60000000e-01 -5.79833656e-10 -5.60000000e-01  7.40000000e-01 
-5.70000000e-01 -5.70000000e-01 -5.70000000e-01 -7.11802223e-10 -5.70000000e-01  7.40000000e-01 
-5.80000000e-01 -5.80000000e-01 -5.80000000e-01 -8.73634324e-10 -5.80000000e-01  7.40000000e-01 
-5.90000000e-01 -5.90000000e-01 -5.90000000e-01 -1.07202646e-09 -5.90000000e-01  7.40000000e-01 
-6.00000000e-01 -6.00000000e-01 -6.00000000e-01 -1.31515495e-09 -6.00000000e-01  7.40000000e-01 
-6.10000000e-01 -6.10000000e-01 -6.10000000e-01 -1.61299534e-09 -6.10000000e-01  7.40000000e-01 
-6.20000000e-01 -6.20000000e-01 -6.20000000e-01 -1.97770800e-09 -6.20000000e-01  7.40000000e-01 
-6.30000000e-01 -6.30000000e-01 -6.30000000e-01 -2.42410283e-09 -6.30000000e-01  7.40000000e-01 
-6.40000000e-01 -6.40000000e-01 -6.40000000e-01 -2.97019811e-09 -6.40000000e-01  7.40000000e-01 
-6.50000000e-01 -6.50000000e-01 -6.50000000e-01 -3.63789077e-09 -6.50000000e-01  7.40000000e-01 
-6.60000000e-01 -6.60000000e-01 -6.60000000e-01 -4.45375834e-09 -6.60000000e-01  7.40000000e-01 
-6.70000000e-01 -6.70000000e-01 -6.70000000e-01 -5.45001555e-09 -6.70000000e-01  7.40000000e-01 
-6.80000000e-01 -6.80000000e-01 -6.80000000e-01 -6.66565163e-09 -6.80000000e-01  7.40000000e-01 
-6.90000000e-01 -6.90000000e-01 -6.90000000e-01 -8.14777769e-09 -6.90000000e-01  7.40000000e-01 
-7.00000000e-01 -7.00000000e-01 -7.00000000e-01 -9.95321657e-09 -7.00000000e-01  7.40000000e-01 
-7.10000000e-01 -7.10000000e-01 -7.10000000e-01 -1.21503706e-08 -7.10000000e-01  7.40000000e-01 
-7.20000000e-01 -7.20000000e-01 -7.20000000e-01 -1.48214054e-08 -7.20000000e-01  7.40000000e-01 
-7.30000000e-01 -7.30000000e-01 -7.30000000e-01 -1.80647890e-08 -7.30000000e-01  7.40000000e-01 
-7.40000000e-01 -7.40000000e-01 -7.40000000e-01 -2.19982271e-08 -7.40000000e-01  7.40000000e-01 
-7.50000000e-01 -7.50000000e-01 -7.50000000e-01 -2.67620350e-08 -7.50000000e-01  7.40000000e-01 
-7.60000000e-01 -7.60000000e-01 -7.60000000e-01 -3.25229811e-08 -7.60000000e-01  7.40000000e-01 
-7.70000000e-01 -7.70000000e-01 -7.70000000e-01 -3.94786348e-08 -7.70000000e-01  7.40000000e-01 
-7.80000000e-01 -7.80000000e-01 -7.80000000e-01 -4.78622415e-08 -7.80000000e-01  7.40000000e-01 
-7.90000000e-01 -7.90000000e-01 -7.90000000e-01 -5.79481330e-08 -7.90000000e-01  7.40000000e-01 
-8.00000000e-01 -8.00000000e-01 -8.00000000e-01 -7.00576693e-08 -8.00000000e-01  7.40000000e-01 
-8.10000000e-01 -8.10000000e-01 -8.10000000e-01 -8.45656796e-08 -8.10000000e-01  7.40000000e-01 
-8.20000000e-01 -8.20000000e-01 -8.20000000e-01 -1.01907351e-07 -8.20000000e-01  7.40000000e-01 
-8.30000000e-01 -8.30000000e-01 -8.30000000e-01 -1.22585474e-07 -8.30000000e-01  7.40000000e-01 
-8.40000000e-01 -8.40000000e-01 -8.40000000e-01 -1.47177924e-07 -8.40000000e-01  7.40000000e-01 
-8.50000000e-01 -8.50000000e-01 -8.50000000e-01 -1.76345216e-07 -8.50000000e-01  7.40000000e-01 
-8.60000000e-01 -8.60000000e-01 -8.60000000e-01 -2.10837910e-07 -8.60000000e-01  7.40000000e-01 
-8.70000000e-01 -8.70000000e-01 -8.70000000e-01 -2.51503635e-07 -8.70000000e-01  7.40000000e-01 
-8.80000000e-01 -8.80000000e-01 -8.80000000e-01 -2.99293396e-07 -8.80000000e-01  7.40000000e-01 
-8.90000000e-01 -8.90000000e-01 -8.90000000e-01 -3.55266833e-07 -8.90000000e-01  7.40000000e-01 
-9.00000000e-01 -9.00000000e-01 -9.00000000e-01 -4.20596001e-07 -9.00000000e-01  7.40000000e-01 
-9.10000000e-01 -9.10000000e-01 -9.10000000e-01 -4.96567236e-07 -9.10000000e-01  7.40000000e-01 
-9.20000000e-01 -9.20000000e-01 -9.20000000e-01 -5.84580586e-07 -9.20000000e-01  7.40000000e-01 
-9.30000000e-01 -9.30000000e-01 -9.30000000e-01 -6.86146276e-07 -9.30000000e-01  7.40000000e-01 
-9.40000000e-01 -9.40000000e-01 -9.40000000e-01 -8.02877644e-07 -9.40000000e-01  7.40000000e-01 
-9.50000000e-01 -9.50000000e-01 -9.50000000e-01 -9.36479988e-07 -9.50000000e-01  7.40000000e-01 
-9.60000000e-01 -9.60000000e-01 -9.60000000e-01 -1.08873480e-06 -9.60000000e-01  7.40000000e-01 
-9.70000000e-01 -9.70000000e-01 -9.70000000e-01 -1.26147899e-06 -9.70000000e-01  7.40000000e-01 
-9.80000000e-01 -9.80000000e-01 -9.80000000e-01 -1.45657883e-06 -9.80000000e-01  7.40000000e-01 
-9.90000000e-01 -9.90000000e-01 -9.90000000e-01 -1.67589865e-06 -9.90000000e-01  7.40000000e-01 
-1.00000000e+00 -1.00000000e+00 -1.00000000e+00 -1.92126459e-06 -1.00000000e+00  7.40000000e-01 
-1.01000000e+00 -1.01000000e+00 -1.01000000e+00 -2.19442434e-06 -1.01000000e+00  7.40000000e-01 
-1.02000000e+00 -1.02000000e+00 -1.02000000e+00 -2.49700381e-06 -1.02000000e+00  7.40000000e-01 
-1.03000000e+00 -1.03000000e+00 -1.03000000e+00 -2.83046275e-06 -1.03000000e+00  7.40000000e-01 
-1.04000000e+00 -1.04000000e+00 -1.04000000e+00 -3.19605114e-06 -1.04000000e+00  7.40000000e-01 
-1.05000000e+00 -1.05000000e+00 -1.05000000e+00 -3.59476883e-06 -1.05000000e+00  7.40000000e-01 
-1.06000000e+00 -1.06000000e+00 -1.06000000e+00 -4.02733074e-06 -1.06000000e+00  7.40000000e-01 
-1.07000000e+00 -1.07000000e+00 -1.07000000e+00 -4.49413991e-06 -1.07000000e+00  7.40000000e-01 
-1.08000000e+00 -1.08000000e+00 -1.08000000e+00 -4.99527014e-06 -1.08000000e+00  7.40000000e-01 
-1.09000000e+00 -1.09000000e+00 -1.09000000e+00 -5.53045957e-06 -1.09000000e+00  7.40000000e-01 
-1.10000000e+00 -1.10000000e+00 -1.10000000e+00 -6.09911563e-06 -1.10000000e+00  7.40000000e-01 
-1.11000000e+00 -1.11000000e+00 -1.11000000e+00 -6.70033100e-06 -1.11000000e+00  7.40000000e-01 
-1.12000000e+00 -1.12000000e+00 -1.12000000e+00 -7.33290978e-06 -1.12000000e+00  7.40000000e-01 
-1.13000000e+00 -1.13000000e+00 -1.13000000e+00 -7.99540188e-06 -1.13000000e+00  7.40000000e-01 
-1.14000000e+00 -1.14000000e+00 -1.14000000e+00 -8.68614382e-06 -1.14000000e+00  7.40000000e-01 
-1.15000000e+00 -1.15000000e+00 -1.15000000e+00 -9.40330342e-06 -1.15000000e+00  7.40000000e-01 
-1.16000000e+00 -1.16000000e+00 -1.16000000e+00 -1.01449261e-05 -1.16000000e+00  7.40000000e-01 
-1.17000000e+00 -1.17000000e+00 -1.17000000e+00 -1.09089805e-05 -1.17000000e+00  7.40000000e-01 
-1.18000000e+00 -1.18000000e+00 -1.18000000e+00 -1.16934016e-05 -1.18000000e+00  7.40000000e-01 
-1.19000000e+00 -1.19000000e+00 -1.19000000e+00 -1.24961303e-05 -1.19000000e+00  7.40000000e-01 
-1.20000000e+00 -1.20000000e+00 -1.20000000e+00 -1.33151469e-05 -1.20000000e+00  7.40000000e-01 
-1.21000000e+00 -1.21000000e+00 -1.21000000e+00 -1.41485002e-05 -1.21000000e+00  7.40000000e-01 
-1.22000000e+00 -1.22000000e+00 -1.22000000e+00 -1.49943303e-05 -1.22000000e+00  7.40000000e-01 
-1.23000000e+00 -1.23000000e+00 -1.23000000e+00 -1.58508850e-05 -1.23000000e+00  7.40000000e-01 
-1.24000000e+00 -1.24000000e+00 -1.24000000e+00 -1.67165322e-05 -1.24000000e+00  7.40000000e-01 
-1.25000000e+00 -1.25000000e+00 -1.25000000e+00 -1.75897662e-05 -1.25000000e+00  7.40000000e-01 
-1.26000000e+00 -1.26000000e+00 -1.26000000e+00 -1.84692107e-05 -1.26000000e+00  7.40000000e-01 
-1.27000000e+00 -1.27000000e+00 -1.27000000e+00 -1.93536181e-05 -1.27000000e+00  7.40000000e-01 
-1.28000000e+00 -1.28000000e+00 -1.28000000e+00 -2.02418657e-05 -1.28000000e+00  7.40000000e-01 
-1.29000000e+00 -1.29000000e+00 -1.29000000e+00 -2.11329502e-05 -1.29000000e+00  7.40000000e-01 
-1.30000000e+00 -1.30000000e+00 -1.30000000e+00 -2.20259805e-05 -1.30000000e+00  7.40000000e-01 
-1.31000000e+00 -1.31000000e+00 -1.31000000e+00 -2.29201695e-05 -1.31000000e+00  7.40000000e-01 
-1.32000000e+00 -1.32000000e+00 -1.32000000e+00 -2.38148251e-05 -1.32000000e+00  7.40000000e-01 
-1.33000000e+00 -1.33000000e+00 -1.33000000e+00 -2.47093415e-05 -1.33000000e+00  7.40000000e-01 
-1.34000000e+00 -1.34000000e+00 -1.34000000e+00 -2.56031896e-05 -1.34000000e+00  7.40000000e-01 
-1.35000000e+00 -1.35000000e+00 -1.35000000e+00 -2.64959090e-05 -1.35000000e+00  7.40000000e-01 
-1.36000000e+00 -1.36000000e+00 -1.36000000e+00 -2.73870987e-05 -1.36000000e+00  7.40000000e-01 
-1.37000000e+00 -1.37000000e+00 -1.37000000e+00 -2.82764101e-05 -1.37000000e+00  7.40000000e-01 
-1.38000000e+00 -1.38000000e+00 -1.38000000e+00 -2.91635392e-05 -1.38000000e+00  7.40000000e-01 
-1.39000000e+00 -1.39000000e+00 -1.39000000e+00 -3.00482204e-05 -1.39000000e+00  7.40000000e-01 
-1.40000000e+00 -1.40000000e+00 -1.40000000e+00 -3.09302197e-05 -1.40000000e+00  7.40000000e-01 
-1.41000000e+00 -1.41000000e+00 -1.41000000e+00 -3.18093303e-05 -1.41000000e+00  7.40000000e-01 
-1.42000000e+00 -1.42000000e+00 -1.42000000e+00 -3.26853668e-05 -1.42000000e+00  7.40000000e-01 
-1.43000000e+00 -1.43000000e+00 -1.43000000e+00 -3.35581616e-05 -1.43000000e+00  7.40000000e-01 
-1.44000000e+00 -1.44000000e+00 -1.44000000e+00 -3.44275607e-05 -1.44000000e+00  7.40000000e-01 
-1.45000000e+00 -1.45000000e+00 -1.45000000e+00 -3.52934209e-05 -1.45000000e+00  7.40000000e-01 
-1.46000000e+00 -1.46000000e+00 -1.46000000e+00 -3.61556063e-05 -1.46000000e+00  7.40000000e-01 
-1.47000000e+00 -1.47000000e+00 -1.47000000e+00 -3.70139864e-05 -1.47000000e+00  7.40000000e-01 
-1.48000000e+00 -1.48000000e+00 -1.48000000e+00 -3.78684339e-05 -1.48000000e+00  7.40000000e-01 
-1.49000000e+00 -1.49000000e+00 -1.49000000e+00 -3.87188226e-05 -1.49000000e+00  7.40000000e-01 
-1.50000000e+00 -1.50000000e+00 -1.50000000e+00 -3.95650262e-05 -1.50000000e+00  7.40000000e-01 
-1.51000000e+00 -1.51000000e+00 -1.51000000e+00 -4.04069170e-05 -1.51000000e+00  7.40000000e-01 
-1.52000000e+00 -1.52000000e+00 -1.52000000e+00 -4.12443648e-05 -1.52000000e+00  7.40000000e-01 
-1.53000000e+00 -1.53000000e+00 -1.53000000e+00 -4.20772359e-05 -1.53000000e+00  7.40000000e-01 
-1.54000000e+00 -1.54000000e+00 -1.54000000e+00 -4.29053928e-05 -1.54000000e+00  7.40000000e-01 
-1.55000000e+00 -1.55000000e+00 -1.55000000e+00 -4.37286935e-05 -1.55000000e+00  7.40000000e-01 
-1.56000000e+00 -1.56000000e+00 -1.56000000e+00 -4.45469910e-05 -1.56000000e+00  7.40000000e-01 
-1.57000000e+00 -1.57000000e+00 -1.57000000e+00 -4.53601333e-05 -1.57000000e+00  7.40000000e-01 
-1.58000000e+00 -1.58000000e+00 -1.58000000e+00 -4.61679630e-05 -1.58000000e+00  7.40000000e-01 
-1.59000000e+00 -1.59000000e+00 -1.59000000e+00 -4.69703175e-05 -1.59000000e+00  7.40000000e-01 
-1.60000000e+00 -1.60000000e+00 -1.60000000e+00 -4.77670293e-05 -1.60000000e+00  7.40000000e-01 
-1.61000000e+00 -1.61000000e+00 -1.61000000e+00 -4.85579255e-05 -1.61000000e+00  7.40000000e-01 
-1.62000000e+00 -1.62000000e+00 -1.62000000e+00 -4.93428286e-05 -1.62000000e+00  7.40000000e-01 
-1.63000000e+00 -1.63000000e+00 -1.63000000e+00 -5.01215570e-05 -1.63000000e+00  7.40000000e-01 
-1.64000000e+00 -1.64000000e+00 -1.64000000e+00 -5.08939248e-05 -1.64000000e+00  7.40000000e-01 
-1.65000000e+00 -1.65000000e+00 -1.65000000e+00 -5.16597431e-05 -1.65000000e+00  7.40000000e-01 
-1.66000000e+00 -1.66000000e+00 -1.66000000e+00 -5.24188199e-05 -1.66000000e+00  7.40000000e-01 
-1.67000000e+00 -1.67000000e+00 -1.67000000e+00 -5.31709613e-05 -1.67000000e+00  7.40000000e-01 
-1.68000000e+00 -1.68000000e+00 -1.68000000e+00 -5.39159720e-05 -1.68000000e+00  7.40000000e-01 
-1.69000000e+00 -1.69000000e+00 -1.69000000e+00 -5.46536561e-05 -1.69000000e+00  7.40000000e-01 
-1.70000000e+00 -1.70000000e+00 -1.70000000e+00 -5.53838184e-05 -1.70000000e+00  7.40000000e-01 
-1.71000000e+00 -1.71000000e+00 -1.71000000e+00 -5.61062645e-05 -1.71000000e+00  7.40000000e-01 
-1.72000000e+00 -1.72000000e+00 -1.72000000e+00 -5.68208025e-05 -1.72000000e+00  7.40000000e-01 
-1.73000000e+00 -1.73000000e+00 -1.73000000e+00 -5.75272438e-05 -1.73000000e+00  7.40000000e-01 
-1.74000000e+00 -1.74000000e+00 -1.74000000e+00 -5.82254039e-05 -1.74000000e+00  7.40000000e-01 
-1.75000000e+00 -1.75000000e+00 -1.75000000e+00 -5.89151036e-05 -1.75000000e+00  7.40000000e-01 
-1.76000000e+00 -1.76000000e+00 -1.76000000e+00 -5.95961699e-05 -1.76000000e+00  7.40000000e-01 
-1.77000000e+00 -1.77000000e+00 -1.77000000e+00 -6.02684374e-05 -1.77000000e+00  7.40000000e-01 
-1.78000000e+00 -1.78000000e+00 -1.78000000e+00 -6.09317483e-05 -1.78000000e+00  7.40000000e-01 
-1.79000000e+00 -1.79000000e+00 -1.79000000e+00 -6.15859544e-05 -1.79000000e+00  7.40000000e-01 
-1.80000000e+00 -1.80000000e+00 -1.80000000e+00 -6.22309171e-05 -1.80000000e+00  7.40000000e-01 
-1.81000000e+00 -1.81000000e+00 -1.81000000e+00 -6.28665086e-05 -1.81000000e+00  7.40000000e-01 
-1.82000000e+00 -1.82000000e+00 -1.82000000e+00 -6.34926123e-05 -1.82000000e+00  7.40000000e-01 
-1.83000000e+00 -1.83000000e+00 -1.83000000e+00 -6.41091235e-05 -1.83000000e+00  7.40000000e-01 
-1.84000000e+00 -1.84000000e+00 -1.84000000e+00 -6.47159499e-05 -1.84000000e+00  7.40000000e-01 
-1.85000000e+00 -1.85000000e+00 -1.85000000e+00 -6.53130118e-05 -1.85000000e+00  7.40000000e-01 
