 0.00000000e+00  0.00000000e+00  0.00000000e+00 -8.11998623e-15  0.00000000e+00  1.11000000e+00 
-1.00000000e-02 -1.00000000e-02 -1.00000000e-02 -9.98639396e-15 -1.00000000e-02  1.11000000e+00 
-2.00000000e-02 -2.00000000e-02 -2.00000000e-02 -1.22817945e-14 -2.00000000e-02  1.11000000e+00 
-3.00000000e-02 -3.00000000e-02 -3.00000000e-02 -1.51047889e-14 -3.00000000e-02  1.11000000e+00 
-4.00000000e-02 -4.00000000e-02 -4.00000000e-02 -1.85766397e-14 -4.00000000e-02  1.11000000e+00 
-5.00000000e-02 -5.00000000e-02 -5.00000000e-02 -2.28464797e-14 -5.00000000e-02  1.11000000e+00 
-6.00000000e-02 -6.00000000e-02 -6.00000000e-02 -2.80977157e-14 -6.00000000e-02  1.11000000e+00 
-7.00000000e-02 -7.00000000e-02 -7.00000000e-02 -3.45559061e-14 -7.00000000e-02  1.11000000e+00 
-8.00000000e-02 -8.00000000e-02 -8.00000000e-02 -4.24984463e-14 -8.00000000e-02  1.11000000e+00 
-9.00000000e-02 -9.00000000e-02 -9.00000000e-02 -5.22664814e-14 -9.00000000e-02  1.11000000e+00 
-1.00000000e-01 -1.00000000e-01 -1.00000000e-01 -6.42795543e-14 -1.00000000e-01  1.11000000e+00 
-1.10000000e-01 -1.10000000e-01 -1.10000000e-01 -7.90536206e-14 -1.10000000e-01  1.11000000e+00 
-1.20000000e-01 -1.20000000e-01 -1.20000000e-01 -9.72232005e-14 -1.20000000e-01  1.11000000e+00 
-1.30000000e-01 -1.30000000e-01 -1.30000000e-01 -1.19568621e-13 -1.30000000e-01  1.11000000e+00 
-1.40000000e-01 -1.40000000e-01 -1.40000000e-01 -1.47049513e-13 -1.40000000e-01  1.11000000e+00 
-1.50000000e-01 -1.50000000e-01 -1.50000000e-01 -1.80846008e-13 -1.50000000e-01  1.11000000e+00 
-1.60000000e-01 -1.60000000e-01 -1.60000000e-01 -2.22409387e-13 -1.60000000e-01  1.11000000e+00 
-1.70000000e-01 -1.70000000e-01 -1.70000000e-01 -2.73524369e-13 -1.70000000e-01  1.11000000e+00 
-1.80000000e-01 -1.80000000e-01 -1.80000000e-01 -3.36385700e-13 -1.80000000e-01  1.11000000e+00 
-1.90000000e-01 -1.90000000e-01 -1.90000000e-01 -4.13692319e-13 -1.90000000e-01  1.11000000e+00 
-2.00000000e-01 -2.00000000e-01 -2.00000000e-01 -5.08763155e-13 -2.00000000e-01  1.11000000e+00 
-2.10000000e-01 -2.10000000e-01 -2.10000000e-01 -6.25679492e-13 -2.10000000e-01  1.11000000e+00 
-2.20000000e-01 -2.20000000e-01 -2.20000000e-01 -7.69460006e-13 -2.20000000e-01  1.11000000e+00 
-2.30000000e-01 -2.30000000e-01 -2.30000000e-01 -9.46275975e-13 -2.30000000e-01  1.11000000e+00 
-2.40000000e-01 -2.40000000e-01 -2.40000000e-01 -1.16371585e-12 -2.40000000e-01  1.11000000e+00 
-2.50000000e-01 -2.50000000e-01 -2.50000000e-01 -1.43111051e-12 -2.50000000e-01  1.11000000e+00 
-2.60000000e-01 -2.60000000e-01 -2.60000000e-01 -1.75993311e-12 -2.60000000e-01  1.11000000e+00 
-2.70000000e-01 -2.70000000e-01 -2.70000000e-01 -2.16429059e-12 -2.70000000e-01  1.11000000e+00 
-2.80000000e-01 -2.80000000e-01 -2.80000000e-01 -2.66152780e-12 -2.80000000e-01  1.11000000e+00 
-2.90000000e-01 -2.90000000e-01 -2.90000000e-01 -3.27297011e-12 -2.90000000e-01  1.11000000e+00 
-3.00000000e-01 -3.00000000e-01 -3.00000000e-01 -4.02483600e-12 -3.00000000e-01  1.11000000e+00 
-3.10000000e-01 -3.10000000e-01 -3.10000000e-01 -4.94935862e-12 -3.10000000e-01  1.11000000e+00 
-3.20000000e-01 -3.20000000e-01 -3.20000000e-01 -6.08616404e-12 -3.20000000e-01  1.11000000e+00 
-3.30000000e-01 -3.30000000e-01 -3.30000000e-01 -7.48396467e-12 -3.30000000e-01  1.11000000e+00 
-3.40000000e-01 -3.40000000e-01 -3.40000000e-01 -9.20263978e-12 -3.40000000e-01  1.11000000e+00 
-3.50000000e-01 -3.50000000e-01 -3.50000000e-01 -1.13157915e-11 -3.50000000e-01  1.11000000e+00 
-3.60000000e-01 -3.60000000e-01 -3.60000000e-01 -1.39138840e-11 -3.60000000e-01  1.11000000e+00 
-3.70000000e-01 -3.70000000e-01 -3.70000000e-01 -1.71080994e-11 -3.70000000e-01  1.11000000e+00 
-3.80000000e-01 -3.80000000e-01 -3.80000000e-01 -2.10350720e-11 -3.80000000e-01  1.11000000e+00 
-3.90000000e-01 -3.90000000e-01 -3.90000000e-01 -2.58627013e-11 -3.90000000e-01  1.11000000e+00 
-4.00000000e-01 -4.00000000e-01 -4.00000000e-01 -3.17972871e-11 -4.00000000e-01  1.11000000e+00 
-4.10000000e-01 -4.10000000e-01 -4.10000000e-01 -3.90922863e-11 -4.10000000e-01  1.11000000e+00 
-4.20000000e-01 -4.20000000e-01 -4.20000000e-01 -4.80590571e-11 -4.20000000e-01  1.11000000e+00 
-4.30000000e-01 -4.30000000e-01 -4.30000000e-01 -5.90800379e-11 -4.30000000e-01  1.11000000e+00 
-4.40000000e-01 -4.40000000e-01 -4.40000000e-01 -7.26249065e-11 -4.40000000e-01  1.11000000e+00 
-4.50000000e-01 -4.50000000e-01 -4.50000000e-01 -8.92703983e-11 -4.50000000e-01  1.11000000e+00 
-4.60000000e-01 -4.60000000e-01 -4.60000000e-01 -1.09724586e-10 -4.60000000e-01  1.11000000e+00 
-4.70000000e-01 -4.70000000e-01 -4.70000000e-01 -1.34856625e-10 -4.70000000e-01  1.11000000e+00 
-4.80000000e-01 -4.80000000e-01 -4.80000000e-01 -1.65733173e-10 -4.80000000e-01  1.11000000e+00 
-4.90000000e-01 -4.90000000e-01 -4.90000000e-01 -2.03662972e-10 -4.90000000e-01  1.11000000e+00 
-5.00000000e-01 -5.00000000e-01 -5.00000000e-01 -2.50251377e-10 -5.00000000e-01  1.11000000e+00 
-5.10000000e-01 -5.10000000e-01 -5.10000000e-01 -3.07467022e-10 -5.10000000e-01  1.11000000e+00 
-5.20000000e-01 -5.20000000e-01 -5.20000000e-01 -3.77723268e-10 -5.20000000e-01  1.11000000e+00 
-5.30000000e-01 -5.30000000e-01 -5.30000000e-01 -4.63977648e-10 -5.30000000e-01  1.11000000e+00 
-5.40000000e-01 -5.40000000e-01 -5.40000000e-01 -5.69853172e-10 -5.40000000e-01  1.11000000e+00 
-5.50000000e-01 -5.50000000e-01 -5.50000000e-01 -6.99786179e-10 -5.50000000e-01  1.11000000e+00 
-5.60000000e-01 -5.60000000e-01 -5.60000000e-01 -8.59206367e-10 -5.60000000e-01  1.11000000e+00 
-5.70000000e-01 -5.70000000e-01 -5.70000000e-01 -1.05475576e-09 -5.70000000e-01  1.11000000e+00 
-5.80000000e-01 -5.80000000e-01 -5.80000000e-01 -1.29455475e-09 -5.80000000e-01  1.11000000e+00 
-5.90000000e-01 -5.90000000e-01 -5.90000000e-01 -1.58852476e-09 -5.90000000e-01  1.11000000e+00 
-6.00000000e-01 -6.00000000e-01 -6.00000000e-01 -1.94877930e-09 -6.00000000e-01  1.11000000e+00 
-6.10000000e-01 -6.10000000e-01 -6.10000000e-01 -2.39009673e-09 -6.10000000e-01  1.11000000e+00 
-6.20000000e-01 -6.20000000e-01 -6.20000000e-01 -2.93049114e-09 -6.20000000e-01  1.11000000e+00 
-6.30000000e-01 -6.30000000e-01 -6.30000000e-01 -3.59190003e-09 -6.30000000e-01  1.11000000e+00 
-6.40000000e-01 -6.40000000e-01 -6.40000000e-01 -4.40101104e-09 -6.40000000e-01  1.11000000e+00 
-6.50000000e-01 -6.50000000e-01 -6.50000000e-01 -5.39025322e-09 -6.50000000e-01  1.11000000e+00 
-6.60000000e-01 -6.60000000e-01 -6.60000000e-01 -6.59898239e-09 -6.60000000e-01  1.11000000e+00 
-6.70000000e-01 -6.70000000e-01 -6.70000000e-01 -8.07489427e-09 -6.70000000e-01  1.11000000e+00 
-6.80000000e-01 -6.80000000e-01 -6.80000000e-01 -9.87570338e-09 -6.80000000e-01  1.11000000e+00 
-6.90000000e-01 -6.90000000e-01 -6.90000000e-01 -1.20711301e-08 -6.90000000e-01  1.11000000e+00 
-7.00000000e-01 -7.00000000e-01 -7.00000000e-01 -1.47452428e-08 -7.00000000e-01  1.11000000e+00 
-7.10000000e-01 -7.10000000e-01 -7.10000000e-01 -1.79992055e-08 -7.10000000e-01  1.11000000e+00 
-7.20000000e-01 -7.20000000e-01 -7.20000000e-01 -2.19544842e-08 -7.20000000e-01  1.11000000e+00 
-7.30000000e-01 -7.30000000e-01 -7.30000000e-01 -2.67565676e-08 -7.30000000e-01  1.11000000e+00 
-7.40000000e-01 -7.40000000e-01 -7.40000000e-01 -3.25792562e-08 -7.40000000e-01  1.11000000e+00 
-7.50000000e-01 -7.50000000e-01 -7.50000000e-01 -3.96295709e-08 -7.50000000e-01  1.11000000e+00 
-7.60000000e-01 -7.60000000e-01 -7.60000000e-01 -4.81533255e-08 -7.60000000e-01  1.11000000e+00 
-7.70000000e-01 -7.70000000e-01 -7.70000000e-01 -5.84413947e-08 -7.70000000e-01  1.11000000e+00 
-7.80000000e-01 -7.80000000e-01 -7.80000000e-01 -7.08366920e-08 -7.80000000e-01  1.11000000e+00 
-7.90000000e-01 -7.90000000e-01 -7.90000000e-01 -8.57418464e-08 -7.90000000e-01  1.11000000e+00 
-8.00000000e-01 -8.00000000e-01 -8.00000000e-01 -1.03627534e-07 -8.00000000e-01  1.11000000e+00 
-8.10000000e-01 -8.10000000e-01 -8.10000000e-01 -1.25041376e-07 -8.10000000e-01  1.11000000e+00 
-8.20000000e-01 -8.20000000e-01 -8.20000000e-01 -1.50617278e-07 -8.20000000e-01  1.11000000e+00 
-8.30000000e-01 -8.30000000e-01 -8.30000000e-01 -1.81084989e-07 -8.30000000e-01  1.11000000e+00 
-8.40000000e-01 -8.40000000e-01 -8.40000000e-01 -2.17279650e-07 -8.40000000e-01  1.11000000e+00 
-8.50000000e-01 -8.50000000e-01 -8.50000000e-01 -2.60150964e-07 -8.50000000e-01  1.11000000e+00 
-8.60000000e-01 -8.60000000e-01 -8.60000000e-01 -3.10771595e-07 -8.60000000e-01  1.11000000e+00 
-8.70000000e-01 -8.70000000e-01 -8.70000000e-01 -3.70344299e-07 -8.70000000e-01  1.11000000e+00 
-8.80000000e-01 -8.80000000e-01 -8.80000000e-01 -4.40207238e-07 -8.80000000e-01  1.11000000e+00 
-8.90000000e-01 -8.90000000e-01 -8.90000000e-01 -5.21836865e-07 -8.90000000e-01  1.11000000e+00 
-9.00000000e-01 -9.00000000e-01 -9.00000000e-01 -6.16847738e-07 -9.00000000e-01  1.11000000e+00 
-9.10000000e-01 -9.10000000e-01 -9.10000000e-01 -7.26988606e-07 -9.10000000e-01  1.11000000e+00 
-9.20000000e-01 -9.20000000e-01 -9.20000000e-01 -8.54134138e-07 -9.20000000e-01  1.11000000e+00 
-9.30000000e-01 -9.30000000e-01 -9.30000000e-01 -1.00027173e-06 -9.30000000e-01  1.11000000e+00 
-9.40000000e-01 -9.40000000e-01 -9.40000000e-01 -1.16748290e-06 -9.40000000e-01  1.11000000e+00 
-9.50000000e-01 -9.50000000e-01 -9.50000000e-01 -1.35791899e-06 -9.50000000e-01  1.11000000e+00 
-9.60000000e-01 -9.60000000e-01 -9.60000000e-01 -1.57377109e-06 -9.60000000e-01  1.11000000e+00 
-9.70000000e-01 -9.70000000e-01 -9.70000000e-01 -1.81723423e-06 -9.70000000e-01  1.11000000e+00 
-9.80000000e-01 -9.80000000e-01 -9.80000000e-01 -2.09046645e-06 -9.80000000e-01  1.11000000e+00 
-9.90000000e-01 -9.90000000e-01 -9.90000000e-01 -2.39554356e-06 -9.90000000e-01  1.11000000e+00 
-1.00000000e+00 -1.00000000e+00 -1.00000000e+00 -2.73441071e-06 -1.00000000e+00  1.11000000e+00 
-1.01000000e+00 -1.01000000e+00 -1.01000000e+00 -3.10883245e-06 -1.01000000e+00  1.11000000e+00 
-1.02000000e+00 -1.02000000e+00 -1.02000000e+00 -3.52034333e-06 -1.02000000e+00  1.11000000e+00 
-1.03000000e+00 -1.03000000e+00 -1.03000000e+00 -3.97020111e-06 -1.03000000e+00  1.11000000e+00 
-1.04000000e+00 -1.04000000e+00 -1.04000000e+00 -4.45934505e-06 -1.04000000e+00  1.11000000e+00 
-1.05000000e+00 -1.05000000e+00 -1.05000000e+00 -4.98836164e-06 -1.05000000e+00  1.11000000e+00 
-1.06000000e+00 -1.06000000e+00 -1.06000000e+00 -5.55745985e-06 -1.06000000e+00  1.11000000e+00 
-1.07000000e+00 -1.07000000e+00 -1.07000000e+00 -6.16645753e-06 -1.07000000e+00  1.11000000e+00 
-1.08000000e+00 -1.08000000e+00 -1.08000000e+00 -6.81478011e-06 -1.08000000e+00  1.11000000e+00 
-1.09000000e+00 -1.09000000e+00 -1.09000000e+00 -7.50147178e-06 -1.09000000e+00  1.11000000e+00 
-1.10000000e+00 -1.10000000e+00 -1.10000000e+00 -8.22521886e-06 -1.10000000e+00  1.11000000e+00 
-1.11000000e+00 -1.11000000e+00 -1.11000000e+00 -8.98438389e-06 -1.11000000e+00  1.11000000e+00 
-1.12000000e+00 -1.12000000e+00 -1.12000000e+00 -9.77704872e-06 -1.12000000e+00  1.11000000e+00 
-1.13000000e+00 -1.13000000e+00 -1.13000000e+00 -1.06010642e-05 -1.13000000e+00  1.11000000e+00 
-1.14000000e+00 -1.14000000e+00 -1.14000000e+00 -1.14541039e-05 -1.14000000e+00  1.11000000e+00 
-1.15000000e+00 -1.15000000e+00 -1.15000000e+00 -1.23337189e-05 -1.15000000e+00  1.11000000e+00 
-1.16000000e+00 -1.16000000e+00 -1.16000000e+00 -1.32373921e-05 -1.16000000e+00  1.11000000e+00 
-1.17000000e+00 -1.17000000e+00 -1.17000000e+00 -1.41625885e-05 -1.17000000e+00  1.11000000e+00 
-1.18000000e+00 -1.18000000e+00 -1.18000000e+00 -1.51068013e-05 -1.18000000e+00  1.11000000e+00 
-1.19000000e+00 -1.19000000e+00 -1.19000000e+00 -1.60675914e-05 -1.19000000e+00  1.11000000e+00 
-1.20000000e+00 -1.20000000e+00 -1.20000000e+00 -1.70426205e-05 -1.20000000e+00  1.11000000e+00 
-1.21000000e+00 -1.21000000e+00 -1.21000000e+00 -1.80296765e-05 -1.21000000e+00  1.11000000e+00 
-1.22000000e+00 -1.22000000e+00 -1.22000000e+00 -1.90266933e-05 -1.22000000e+00  1.11000000e+00 
-1.23000000e+00 -1.23000000e+00 -1.23000000e+00 -2.00317627e-05 -1.23000000e+00  1.11000000e+00 
-1.24000000e+00 -1.24000000e+00 -1.24000000e+00 -2.10431420e-05 -1.24000000e+00  1.11000000e+00 
-1.25000000e+00 -1.25000000e+00 -1.25000000e+00 -2.20592549e-05 -1.25000000e+00  1.11000000e+00 
-1.26000000e+00 -1.26000000e+00 -1.26000000e+00 -2.30786905e-05 -1.26000000e+00  1.11000000e+00 
-1.27000000e+00 -1.27000000e+00 -1.27000000e+00 -2.41001967e-05 -1.27000000e+00  1.11000000e+00 
-1.28000000e+00 -1.28000000e+00 -1.28000000e+00 -2.51226731e-05 -1.28000000e+00  1.11000000e+00 
-1.29000000e+00 -1.29000000e+00 -1.29000000e+00 -2.61451606e-05 -1.29000000e+00  1.11000000e+00 
-1.30000000e+00 -1.30000000e+00 -1.30000000e+00 -2.71668309e-05 -1.30000000e+00  1.11000000e+00 
-1.31000000e+00 -1.31000000e+00 -1.31000000e+00 -2.81869750e-05 -1.31000000e+00  1.11000000e+00 
-1.32000000e+00 -1.32000000e+00 -1.32000000e+00 -2.92049913e-05 -1.32000000e+00  1.11000000e+00 
-1.33000000e+00 -1.33000000e+00 -1.33000000e+00 -3.02203743e-05 -1.33000000e+00  1.11000000e+00 
-1.34000000e+00 -1.34000000e+00 -1.34000000e+00 -3.12327034e-05 -1.34000000e+00  1.11000000e+00 
-1.35000000e+00 -1.35000000e+00 -1.35000000e+00 -3.22416324e-05 -1.35000000e+00  1.11000000e+00 
-1.36000000e+00 -1.36000000e+00 -1.36000000e+00 -3.32468796e-05 -1.36000000e+00  1.11000000e+00 
-1.37000000e+00 -1.37000000e+00 -1.37000000e+00 -3.42482192e-05 -1.37000000e+00  1.11000000e+00 
-1.38000000e+00 -1.38000000e+00 -1.38000000e+00 -3.52454725e-05 -1.38000000e+00  1.11000000e+00 
-1.39000000e+00 -1.39000000e+00 -1.39000000e+00 -3.62385011e-05 -1.39000000e+00  1.11000000e+00 
-1.40000000e+00 -1.40000000e+00 -1.40000000e+00 -3.72272001e-05 -1.40000000e+00  1.11000000e+00 
-1.41000000e+00 -1.41000000e+00 -1.41000000e+00 -3.82114922e-05 -1.41000000e+00  1.11000000e+00 
-1.42000000e+00 -1.42000000e+00 -1.42000000e+00 -3.91913230e-05 -1.42000000e+00  1.11000000e+00 
-1.43000000e+00 -1.43000000e+00 -1.43000000e+00 -4.01666562e-05 -1.43000000e+00  1.11000000e+00 
-1.44000000e+00 -1.44000000e+00 -1.44000000e+00 -4.11374700e-05 -1.44000000e+00  1.11000000e+00 
-1.45000000e+00 -1.45000000e+00 -1.45000000e+00 -4.21037538e-05 -1.45000000e+00  1.11000000e+00 
-1.46000000e+00 -1.46000000e+00 -1.46000000e+00 -4.30655057e-05 -1.46000000e+00  1.11000000e+00 
-1.47000000e+00 -1.47000000e+00 -1.47000000e+00 -4.40227295e-05 -1.47000000e+00  1.11000000e+00 
-1.48000000e+00 -1.48000000e+00 -1.48000000e+00 -4.49754336e-05 -1.48000000e+00  1.11000000e+00 
-1.49000000e+00 -1.49000000e+00 -1.49000000e+00 -4.59236287e-05 -1.49000000e+00  1.11000000e+00 
-1.50000000e+00 -1.50000000e+00 -1.50000000e+00 -4.68673271e-05 -1.50000000e+00  1.11000000e+00 
-1.51000000e+00 -1.51000000e+00 -1.51000000e+00 -4.78065409e-05 -1.51000000e+00  1.11000000e+00 
-1.52000000e+00 -1.52000000e+00 -1.52000000e+00 -4.87412819e-05 -1.52000000e+00  1.11000000e+00 
-1.53000000e+00 -1.53000000e+00 -1.53000000e+00 -4.96715604e-05 -1.53000000e+00  1.11000000e+00 
-1.54000000e+00 -1.54000000e+00 -1.54000000e+00 -5.05973852e-05 -1.54000000e+00  1.11000000e+00 
-1.55000000e+00 -1.55000000e+00 -1.55000000e+00 -5.15187625e-05 -1.55000000e+00  1.11000000e+00 
-1.56000000e+00 -1.56000000e+00 -1.56000000e+00 -5.24356962e-05 -1.56000000e+00  1.11000000e+00 
-1.57000000e+00 -1.57000000e+00 -1.57000000e+00 -5.33481878e-05 -1.57000000e+00  1.11000000e+00 
-1.58000000e+00 -1.58000000e+00 -1.58000000e+00 -5.42562359e-05 -1.58000000e+00  1.11000000e+00 
-1.59000000e+00 -1.59000000e+00 -1.59000000e+00 -5.51598361e-05 -1.59000000e+00  1.11000000e+00 
-1.60000000e+00 -1.60000000e+00 -1.60000000e+00 -5.60589814e-05 -1.60000000e+00  1.11000000e+00 
-1.61000000e+00 -1.61000000e+00 -1.61000000e+00 -5.69536622e-05 -1.61000000e+00  1.11000000e+00 
-1.62000000e+00 -1.62000000e+00 -1.62000000e+00 -5.78438660e-05 -1.62000000e+00  1.11000000e+00 
-1.63000000e+00 -1.63000000e+00 -1.63000000e+00 -5.87295777e-05 -1.63000000e+00  1.11000000e+00 
-1.64000000e+00 -1.64000000e+00 -1.64000000e+00 -5.96107798e-05 -1.64000000e+00  1.11000000e+00 
-1.65000000e+00 -1.65000000e+00 -1.65000000e+00 -6.04874522e-05 -1.65000000e+00  1.11000000e+00 
-1.66000000e+00 -1.66000000e+00 -1.66000000e+00 -6.13595727e-05 -1.66000000e+00  1.11000000e+00 
-1.67000000e+00 -1.67000000e+00 -1.67000000e+00 -6.22271168e-05 -1.67000000e+00  1.11000000e+00 
-1.68000000e+00 -1.68000000e+00 -1.68000000e+00 -6.30900580e-05 -1.68000000e+00  1.11000000e+00 
-1.69000000e+00 -1.69000000e+00 -1.69000000e+00 -6.39483676e-05 -1.69000000e+00  1.11000000e+00 
-1.70000000e+00 -1.70000000e+00 -1.70000000e+00 -6.48020154e-05 -1.70000000e+00  1.11000000e+00 
-1.71000000e+00 -1.71000000e+00 -1.71000000e+00 -6.56509691e-05 -1.71000000e+00  1.11000000e+00 
-1.72000000e+00 -1.72000000e+00 -1.72000000e+00 -6.64951948e-05 -1.72000000e+00  1.11000000e+00 
-1.73000000e+00 -1.73000000e+00 -1.73000000e+00 -6.73346570e-05 -1.73000000e+00  1.11000000e+00 
-1.74000000e+00 -1.74000000e+00 -1.74000000e+00 -6.81693186e-05 -1.74000000e+00  1.11000000e+00 
-1.75000000e+00 -1.75000000e+00 -1.75000000e+00 -6.89991411e-05 -1.75000000e+00  1.11000000e+00 
-1.76000000e+00 -1.76000000e+00 -1.76000000e+00 -6.98240845e-05 -1.76000000e+00  1.11000000e+00 
-1.77000000e+00 -1.77000000e+00 -1.77000000e+00 -7.06441072e-05 -1.77000000e+00  1.11000000e+00 
-1.78000000e+00 -1.78000000e+00 -1.78000000e+00 -7.14591664e-05 -1.78000000e+00  1.11000000e+00 
-1.79000000e+00 -1.79000000e+00 -1.79000000e+00 -7.22692181e-05 -1.79000000e+00  1.11000000e+00 
-1.80000000e+00 -1.80000000e+00 -1.80000000e+00 -7.30742166e-05 -1.80000000e+00  1.11000000e+00 
-1.81000000e+00 -1.81000000e+00 -1.81000000e+00 -7.38741151e-05 -1.81000000e+00  1.11000000e+00 
-1.82000000e+00 -1.82000000e+00 -1.82000000e+00 -7.46688654e-05 -1.82000000e+00  1.11000000e+00 
-1.83000000e+00 -1.83000000e+00 -1.83000000e+00 -7.54584180e-05 -1.83000000e+00  1.11000000e+00 
-1.84000000e+00 -1.84000000e+00 -1.84000000e+00 -7.62427220e-05 -1.84000000e+00  1.11000000e+00 
-1.85000000e+00 -1.85000000e+00 -1.85000000e+00 -7.70217251e-05 -1.85000000e+00  1.11000000e+00 
