 0.00000000e+00  0.00000000e+00  0.00000000e+00 -1.05479739e-14  0.00000000e+00  1.45000000e+00 
-1.00000000e-02 -1.00000000e-02 -1.00000000e-02 -1.29724632e-14 -1.00000000e-02  1.45000000e+00 
-2.00000000e-02 -2.00000000e-02 -2.00000000e-02 -1.59542201e-14 -2.00000000e-02  1.45000000e+00 
-3.00000000e-02 -3.00000000e-02 -3.00000000e-02 -1.96213286e-14 -3.00000000e-02  1.45000000e+00 
-4.00000000e-02 -4.00000000e-02 -4.00000000e-02 -2.41313107e-14 -4.00000000e-02  1.45000000e+00 
-5.00000000e-02 -5.00000000e-02 -5.00000000e-02 -2.96778916e-14 -5.00000000e-02  1.45000000e+00 
-6.00000000e-02 -6.00000000e-02 -6.00000000e-02 -3.64993195e-14 -6.00000000e-02  1.45000000e+00 
-7.00000000e-02 -7.00000000e-02 -7.00000000e-02 -4.48885976e-14 -7.00000000e-02  1.45000000e+00 
-8.00000000e-02 -8.00000000e-02 -8.00000000e-02 -5.52060666e-14 -8.00000000e-02  1.45000000e+00 
-9.00000000e-02 -9.00000000e-02 -9.00000000e-02 -6.78948786e-14 -9.00000000e-02  1.45000000e+00 
-1.00000000e-01 -1.00000000e-01 -1.00000000e-01 -8.35000257e-14 -1.00000000e-01  1.45000000e+00 
-1.10000000e-01 -1.10000000e-01 -1.10000000e-01 -1.02691741e-13 -1.10000000e-01  1.45000000e+00 
-1.20000000e-01 -1.20000000e-01 -1.20000000e-01 -1.26294275e-13 -1.20000000e-01  1.45000000e+00 
-1.30000000e-01 -1.30000000e-01 -1.30000000e-01 -1.55321284e-13 -1.30000000e-01  1.45000000e+00 
-1.40000000e-01 -1.40000000e-01 -1.40000000e-01 -1.91019341e-13 -1.40000000e-01  1.45000000e+00 
-1.50000000e-01 -1.50000000e-01 -1.50000000e-01 -2.34921452e-13 -1.50000000e-01  1.45000000e+00 
-1.60000000e-01 -1.60000000e-01 -1.60000000e-01 -2.88912853e-13 -1.60000000e-01  1.45000000e+00 
-1.70000000e-01 -1.70000000e-01 -1.70000000e-01 -3.55311918e-13 -1.70000000e-01  1.45000000e+00 
-1.80000000e-01 -1.80000000e-01 -1.80000000e-01 -4.36969650e-13 -1.80000000e-01  1.45000000e+00 
-1.90000000e-01 -1.90000000e-01 -1.90000000e-01 -5.37392011e-13 -1.90000000e-01  1.45000000e+00 
-2.00000000e-01 -2.00000000e-01 -2.00000000e-01 -6.60890334e-13 -2.00000000e-01  1.45000000e+00 
-2.10000000e-01 -2.10000000e-01 -2.10000000e-01 -8.12766262e-13 -2.10000000e-01  1.45000000e+00 
-2.20000000e-01 -2.20000000e-01 -2.20000000e-01 -9.99539124e-13 -2.20000000e-01  1.45000000e+00 
-2.30000000e-01 -2.30000000e-01 -2.30000000e-01 -1.22922549e-12 -2.30000000e-01  1.45000000e+00 
-2.40000000e-01 -2.40000000e-01 -2.40000000e-01 -1.51168287e-12 -2.40000000e-01  1.45000000e+00 
-2.50000000e-01 -2.50000000e-01 -2.50000000e-01 -1.85903220e-12 -2.50000000e-01  1.45000000e+00 
-2.60000000e-01 -2.60000000e-01 -2.60000000e-01 -2.28617727e-12 -2.60000000e-01  1.45000000e+00 
-2.70000000e-01 -2.70000000e-01 -2.70000000e-01 -2.81144316e-12 -2.70000000e-01  1.45000000e+00 
-2.80000000e-01 -2.80000000e-01 -2.80000000e-01 -3.45736111e-12 -2.80000000e-01  1.45000000e+00 
-2.90000000e-01 -2.90000000e-01 -2.90000000e-01 -4.25163303e-12 -2.90000000e-01  1.45000000e+00 
-3.00000000e-01 -3.00000000e-01 -3.00000000e-01 -5.22831707e-12 -3.00000000e-01  1.45000000e+00 
-3.10000000e-01 -3.10000000e-01 -3.10000000e-01 -6.42928455e-12 -3.10000000e-01  1.45000000e+00 
-3.20000000e-01 -3.20000000e-01 -3.20000000e-01 -7.90601024e-12 -3.20000000e-01  1.45000000e+00 
-3.30000000e-01 -3.30000000e-01 -3.30000000e-01 -9.72177221e-12 -3.30000000e-01  1.45000000e+00 
-3.40000000e-01 -3.40000000e-01 -3.40000000e-01 -1.19543544e-11 -3.40000000e-01  1.45000000e+00 
-3.50000000e-01 -3.50000000e-01 -3.50000000e-01 -1.46993669e-11 -3.50000000e-01  1.45000000e+00 
-3.60000000e-01 -3.60000000e-01 -3.60000000e-01 -1.80743239e-11 -3.60000000e-01  1.45000000e+00 
-3.70000000e-01 -3.70000000e-01 -3.70000000e-01 -2.22236523e-11 -3.70000000e-01  1.45000000e+00 
-3.80000000e-01 -3.80000000e-01 -3.80000000e-01 -2.73248418e-11 -3.80000000e-01  1.45000000e+00 
-3.90000000e-01 -3.90000000e-01 -3.90000000e-01 -3.35959958e-11 -3.90000000e-01  1.45000000e+00 
-4.00000000e-01 -4.00000000e-01 -4.00000000e-01 -4.13051000e-11 -4.00000000e-01  1.45000000e+00 
-4.10000000e-01 -4.10000000e-01 -4.10000000e-01 -5.07813978e-11 -4.10000000e-01  1.45000000e+00 
-4.20000000e-01 -4.20000000e-01 -4.20000000e-01 -6.24293468e-11 -4.20000000e-01  1.45000000e+00 
-4.30000000e-01 -4.30000000e-01 -4.30000000e-01 -7.67457380e-11 -4.30000000e-01  1.45000000e+00 
-4.40000000e-01 -4.40000000e-01 -4.40000000e-01 -9.43406869e-11 -4.40000000e-01  1.45000000e+00 
-4.50000000e-01 -4.50000000e-01 -4.50000000e-01 -1.15963377e-10 -4.50000000e-01  1.45000000e+00 
-4.60000000e-01 -4.60000000e-01 -4.60000000e-01 -1.42533600e-10 -4.60000000e-01  1.45000000e+00 
-4.70000000e-01 -4.70000000e-01 -4.70000000e-01 -1.75180392e-10 -4.70000000e-01  1.45000000e+00 
-4.80000000e-01 -4.80000000e-01 -4.80000000e-01 -2.15289344e-10 -4.80000000e-01  1.45000000e+00 
-4.90000000e-01 -4.90000000e-01 -4.90000000e-01 -2.64560513e-10 -4.90000000e-01  1.45000000e+00 
-5.00000000e-01 -5.00000000e-01 -5.00000000e-01 -3.25079248e-10 -5.00000000e-01  1.45000000e+00 
-5.10000000e-01 -5.10000000e-01 -5.10000000e-01 -3.99402791e-10 -5.10000000e-01  1.45000000e+00 
-5.20000000e-01 -5.20000000e-01 -5.20000000e-01 -4.90666072e-10 -5.20000000e-01  1.45000000e+00 
-5.30000000e-01 -5.30000000e-01 -5.30000000e-01 -6.02710875e-10 -5.30000000e-01  1.45000000e+00 
-5.40000000e-01 -5.40000000e-01 -5.40000000e-01 -7.40243401e-10 -5.40000000e-01  1.45000000e+00 
-5.50000000e-01 -5.50000000e-01 -5.50000000e-01 -9.09026309e-10 -5.50000000e-01  1.45000000e+00 
-5.60000000e-01 -5.60000000e-01 -5.60000000e-01 -1.11611254e-09 -5.60000000e-01  1.45000000e+00 
-5.70000000e-01 -5.70000000e-01 -5.70000000e-01 -1.37012972e-09 -5.70000000e-01  1.45000000e+00 
-5.80000000e-01 -5.80000000e-01 -5.80000000e-01 -1.68162563e-09 -5.80000000e-01  1.45000000e+00 
-5.90000000e-01 -5.90000000e-01 -5.90000000e-01 -2.06348731e-09 -5.90000000e-01  1.45000000e+00 
-6.00000000e-01 -6.00000000e-01 -6.00000000e-01 -2.53144880e-09 -6.00000000e-01  1.45000000e+00 
-6.10000000e-01 -6.10000000e-01 -6.10000000e-01 -3.10470507e-09 -6.10000000e-01  1.45000000e+00 
-6.20000000e-01 -6.20000000e-01 -6.20000000e-01 -3.80665316e-09 -6.20000000e-01  1.45000000e+00 
-6.30000000e-01 -6.30000000e-01 -6.30000000e-01 -4.66578497e-09 -6.30000000e-01  1.45000000e+00 
-6.40000000e-01 -6.40000000e-01 -6.40000000e-01 -5.71676031e-09 -6.40000000e-01  1.45000000e+00 
-6.50000000e-01 -6.50000000e-01 -6.50000000e-01 -7.00169335e-09 -6.50000000e-01  1.45000000e+00 
-6.60000000e-01 -6.60000000e-01 -6.60000000e-01 -8.57169057e-09 -6.60000000e-01  1.45000000e+00 
-6.70000000e-01 -6.70000000e-01 -6.70000000e-01 -1.04886837e-08 -6.70000000e-01  1.45000000e+00 
-6.80000000e-01 -6.80000000e-01 -6.80000000e-01 -1.28276067e-08 -6.80000000e-01  1.45000000e+00 
-6.90000000e-01 -6.90000000e-01 -6.90000000e-01 -1.56789710e-08 -6.90000000e-01  1.45000000e+00 
-7.00000000e-01 -7.00000000e-01 -7.00000000e-01 -1.91518995e-08 -7.00000000e-01  1.45000000e+00 
-7.10000000e-01 -7.10000000e-01 -7.10000000e-01 -2.33776829e-08 -7.10000000e-01  1.45000000e+00 
-7.20000000e-01 -7.20000000e-01 -7.20000000e-01 -2.85139275e-08 -7.20000000e-01  1.45000000e+00 
-7.30000000e-01 -7.30000000e-01 -7.30000000e-01 -3.47493614e-08 -7.30000000e-01  1.45000000e+00 
-7.40000000e-01 -7.40000000e-01 -7.40000000e-01 -4.23093687e-08 -7.40000000e-01  1.45000000e+00 
-7.50000000e-01 -7.50000000e-01 -7.50000000e-01 -5.14623120e-08 -7.50000000e-01  1.45000000e+00 
-7.60000000e-01 -7.60000000e-01 -7.60000000e-01 -6.25266942e-08 -7.60000000e-01  1.45000000e+00 
-7.70000000e-01 -7.70000000e-01 -7.70000000e-01 -7.58791928e-08 -7.70000000e-01  1.45000000e+00 
-7.80000000e-01 -7.80000000e-01 -7.80000000e-01 -9.19635715e-08 -7.80000000e-01  1.45000000e+00 
-7.90000000e-01 -7.90000000e-01 -7.90000000e-01 -1.11300441e-07 -7.90000000e-01  1.45000000e+00 
-8.00000000e-01 -8.00000000e-01 -8.00000000e-01 -1.34497788e-07 -8.00000000e-01  1.45000000e+00 
-8.10000000e-01 -8.10000000e-01 -8.10000000e-01 -1.62262139e-07 -8.10000000e-01  1.45000000e+00 
-8.20000000e-01 -8.20000000e-01 -8.20000000e-01 -1.95410139e-07 -8.20000000e-01  1.45000000e+00 
-8.30000000e-01 -8.30000000e-01 -8.30000000e-01 -2.34880259e-07 -8.30000000e-01  1.45000000e+00 
-8.40000000e-01 -8.40000000e-01 -8.40000000e-01 -2.81744230e-07 -8.40000000e-01  1.45000000e+00 
-8.50000000e-01 -8.50000000e-01 -8.50000000e-01 -3.37217709e-07 -8.50000000e-01  1.45000000e+00 
-8.60000000e-01 -8.60000000e-01 -8.60000000e-01 -4.02669588e-07 -8.60000000e-01  1.45000000e+00 
-8.70000000e-01 -8.70000000e-01 -8.70000000e-01 -4.79629231e-07 -8.70000000e-01  1.45000000e+00 
-8.80000000e-01 -8.80000000e-01 -8.80000000e-01 -5.69790872e-07 -8.80000000e-01  1.45000000e+00 
-8.90000000e-01 -8.90000000e-01 -8.90000000e-01 -6.75014322e-07 -8.90000000e-01  1.45000000e+00 
-9.00000000e-01 -9.00000000e-01 -9.00000000e-01 -7.97321134e-07 -9.00000000e-01  1.45000000e+00 
-9.10000000e-01 -9.10000000e-01 -9.10000000e-01 -9.38885375e-07 -9.10000000e-01  1.45000000e+00 
-9.20000000e-01 -9.20000000e-01 -9.20000000e-01 -1.10201828e-06 -9.20000000e-01  1.45000000e+00 
-9.30000000e-01 -9.30000000e-01 -9.30000000e-01 -1.28914613e-06 -9.30000000e-01  1.45000000e+00 
-9.40000000e-01 -9.40000000e-01 -9.40000000e-01 -1.50278110e-06 -9.40000000e-01  1.45000000e+00 
-9.50000000e-01 -9.50000000e-01 -9.50000000e-01 -1.74548479e-06 -9.50000000e-01  1.45000000e+00 
-9.60000000e-01 -9.60000000e-01 -9.60000000e-01 -2.01982495e-06 -9.60000000e-01  1.45000000e+00 
-9.70000000e-01 -9.70000000e-01 -9.70000000e-01 -2.32832584e-06 -9.70000000e-01  1.45000000e+00 
-9.80000000e-01 -9.80000000e-01 -9.80000000e-01 -2.67341362e-06 -9.80000000e-01  1.45000000e+00 
-9.90000000e-01 -9.90000000e-01 -9.90000000e-01 -3.05735812e-06 -9.90000000e-01  1.45000000e+00 
-1.00000000e+00 -1.00000000e+00 -1.00000000e+00 -3.48221313e-06 -1.00000000e+00  1.45000000e+00 
-1.01000000e+00 -1.01000000e+00 -1.01000000e+00 -3.94975759e-06 -1.01000000e+00  1.45000000e+00 
-1.02000000e+00 -1.02000000e+00 -1.02000000e+00 -4.46144034e-06 -1.02000000e+00  1.45000000e+00 
-1.03000000e+00 -1.03000000e+00 -1.03000000e+00 -5.01833103e-06 -1.03000000e+00  1.45000000e+00 
-1.04000000e+00 -1.04000000e+00 -1.04000000e+00 -5.62108013e-06 -1.04000000e+00  1.45000000e+00 
-1.05000000e+00 -1.05000000e+00 -1.05000000e+00 -6.26989004e-06 -1.05000000e+00  1.45000000e+00 
-1.06000000e+00 -1.06000000e+00 -1.06000000e+00 -6.96449949e-06 -1.06000000e+00  1.45000000e+00 
-1.07000000e+00 -1.07000000e+00 -1.07000000e+00 -7.70418221e-06 -1.07000000e+00  1.45000000e+00 
-1.08000000e+00 -1.08000000e+00 -1.08000000e+00 -8.48776023e-06 -1.08000000e+00  1.45000000e+00 
-1.09000000e+00 -1.09000000e+00 -1.09000000e+00 -9.31363134e-06 -1.09000000e+00  1.45000000e+00 
-1.10000000e+00 -1.10000000e+00 -1.10000000e+00 -1.01798093e-05 -1.10000000e+00  1.45000000e+00 
-1.11000000e+00 -1.11000000e+00 -1.11000000e+00 -1.10839747e-05 -1.11000000e+00  1.45000000e+00 
-1.12000000e+00 -1.12000000e+00 -1.12000000e+00 -1.20235336e-05 -1.12000000e+00  1.45000000e+00 
-1.13000000e+00 -1.13000000e+00 -1.13000000e+00 -1.29956816e-05 -1.13000000e+00  1.45000000e+00 
-1.14000000e+00 -1.14000000e+00 -1.14000000e+00 -1.39974691e-05 -1.14000000e+00  1.45000000e+00 
-1.15000000e+00 -1.15000000e+00 -1.15000000e+00 -1.50258661e-05 -1.15000000e+00  1.45000000e+00 
-1.16000000e+00 -1.16000000e+00 -1.16000000e+00 -1.60778233e-05 -1.16000000e+00  1.45000000e+00 
-1.17000000e+00 -1.17000000e+00 -1.17000000e+00 -1.71503275e-05 -1.17000000e+00  1.45000000e+00 
-1.18000000e+00 -1.18000000e+00 -1.18000000e+00 -1.82404496e-05 -1.18000000e+00  1.45000000e+00 
-1.19000000e+00 -1.19000000e+00 -1.19000000e+00 -1.93453853e-05 -1.19000000e+00  1.45000000e+00 
-1.20000000e+00 -1.20000000e+00 -1.20000000e+00 -2.04624864e-05 -1.20000000e+00  1.45000000e+00 
-1.21000000e+00 -1.21000000e+00 -1.21000000e+00 -2.15892845e-05 -1.21000000e+00  1.45000000e+00 
-1.22000000e+00 -1.22000000e+00 -1.22000000e+00 -2.27235067e-05 -1.22000000e+00  1.45000000e+00 
-1.23000000e+00 -1.23000000e+00 -1.23000000e+00 -2.38630840e-05 -1.23000000e+00  1.45000000e+00 
-1.24000000e+00 -1.24000000e+00 -1.24000000e+00 -2.50061539e-05 -1.24000000e+00  1.45000000e+00 
-1.25000000e+00 -1.25000000e+00 -1.25000000e+00 -2.61510574e-05 -1.25000000e+00  1.45000000e+00 
-1.26000000e+00 -1.26000000e+00 -1.26000000e+00 -2.72963325e-05 -1.26000000e+00  1.45000000e+00 
-1.27000000e+00 -1.27000000e+00 -1.27000000e+00 -2.84407042e-05 -1.27000000e+00  1.45000000e+00 
-1.28000000e+00 -1.28000000e+00 -1.28000000e+00 -2.95830721e-05 -1.28000000e+00  1.45000000e+00 
-1.29000000e+00 -1.29000000e+00 -1.29000000e+00 -3.07224973e-05 -1.29000000e+00  1.45000000e+00 
-1.30000000e+00 -1.30000000e+00 -1.30000000e+00 -3.18581874e-05 -1.30000000e+00  1.45000000e+00 
-1.31000000e+00 -1.31000000e+00 -1.31000000e+00 -3.29894824e-05 -1.31000000e+00  1.45000000e+00 
-1.32000000e+00 -1.32000000e+00 -1.32000000e+00 -3.41158401e-05 -1.32000000e+00  1.45000000e+00 
-1.33000000e+00 -1.33000000e+00 -1.33000000e+00 -3.52368220e-05 -1.33000000e+00  1.45000000e+00 
-1.34000000e+00 -1.34000000e+00 -1.34000000e+00 -3.63520807e-05 -1.34000000e+00  1.45000000e+00 
-1.35000000e+00 -1.35000000e+00 -1.35000000e+00 -3.74613470e-05 -1.35000000e+00  1.45000000e+00 
-1.36000000e+00 -1.36000000e+00 -1.36000000e+00 -3.85644192e-05 -1.36000000e+00  1.45000000e+00 
-1.37000000e+00 -1.37000000e+00 -1.37000000e+00 -3.96611527e-05 -1.37000000e+00  1.45000000e+00 
-1.38000000e+00 -1.38000000e+00 -1.38000000e+00 -4.07514508e-05 -1.38000000e+00  1.45000000e+00 
-1.39000000e+00 -1.39000000e+00 -1.39000000e+00 -4.18352568e-05 -1.39000000e+00  1.45000000e+00 
-1.40000000e+00 -1.40000000e+00 -1.40000000e+00 -4.29125464e-05 -1.40000000e+00  1.45000000e+00 
-1.41000000e+00 -1.41000000e+00 -1.41000000e+00 -4.39833220e-05 -1.41000000e+00  1.45000000e+00 
-1.42000000e+00 -1.42000000e+00 -1.42000000e+00 -4.50476070e-05 -1.42000000e+00  1.45000000e+00 
-1.43000000e+00 -1.43000000e+00 -1.43000000e+00 -4.61054410e-05 -1.43000000e+00  1.45000000e+00 
-1.44000000e+00 -1.44000000e+00 -1.44000000e+00 -4.71568761e-05 -1.44000000e+00  1.45000000e+00 
-1.45000000e+00 -1.45000000e+00 -1.45000000e+00 -4.82019735e-05 -1.45000000e+00  1.45000000e+00 
-1.46000000e+00 -1.46000000e+00 -1.46000000e+00 -4.92408007e-05 -1.46000000e+00  1.45000000e+00 
-1.47000000e+00 -1.47000000e+00 -1.47000000e+00 -5.02734289e-05 -1.47000000e+00  1.45000000e+00 
-1.48000000e+00 -1.48000000e+00 -1.48000000e+00 -5.12999317e-05 -1.48000000e+00  1.45000000e+00 
-1.49000000e+00 -1.49000000e+00 -1.49000000e+00 -5.23203828e-05 -1.49000000e+00  1.45000000e+00 
-1.50000000e+00 -1.50000000e+00 -1.50000000e+00 -5.33348556e-05 -1.50000000e+00  1.45000000e+00 
-1.51000000e+00 -1.51000000e+00 -1.51000000e+00 -5.43434212e-05 -1.51000000e+00  1.45000000e+00 
-1.52000000e+00 -1.52000000e+00 -1.52000000e+00 -5.53461489e-05 -1.52000000e+00  1.45000000e+00 
-1.53000000e+00 -1.53000000e+00 -1.53000000e+00 -5.63431046e-05 -1.53000000e+00  1.45000000e+00 
-1.54000000e+00 -1.54000000e+00 -1.54000000e+00 -5.73343510e-05 -1.54000000e+00  1.45000000e+00 
-1.55000000e+00 -1.55000000e+00 -1.55000000e+00 -5.83199471e-05 -1.55000000e+00  1.45000000e+00 
-1.56000000e+00 -1.56000000e+00 -1.56000000e+00 -5.92999480e-05 -1.56000000e+00  1.45000000e+00 
-1.57000000e+00 -1.57000000e+00 -1.57000000e+00 -6.02744053e-05 -1.57000000e+00  1.45000000e+00 
-1.58000000e+00 -1.58000000e+00 -1.58000000e+00 -6.12433666e-05 -1.58000000e+00  1.45000000e+00 
-1.59000000e+00 -1.59000000e+00 -1.59000000e+00 -6.22068757e-05 -1.59000000e+00  1.45000000e+00 
-1.60000000e+00 -1.60000000e+00 -1.60000000e+00 -6.31649728e-05 -1.60000000e+00  1.45000000e+00 
-1.61000000e+00 -1.61000000e+00 -1.61000000e+00 -6.41176948e-05 -1.61000000e+00  1.45000000e+00 
-1.62000000e+00 -1.62000000e+00 -1.62000000e+00 -6.50650751e-05 -1.62000000e+00  1.45000000e+00 
-1.63000000e+00 -1.63000000e+00 -1.63000000e+00 -6.60071441e-05 -1.63000000e+00  1.45000000e+00 
-1.64000000e+00 -1.64000000e+00 -1.64000000e+00 -6.69439291e-05 -1.64000000e+00  1.45000000e+00 
-1.65000000e+00 -1.65000000e+00 -1.65000000e+00 -6.78754550e-05 -1.65000000e+00  1.45000000e+00 
-1.66000000e+00 -1.66000000e+00 -1.66000000e+00 -6.88017441e-05 -1.66000000e+00  1.45000000e+00 
-1.67000000e+00 -1.67000000e+00 -1.67000000e+00 -6.97228161e-05 -1.67000000e+00  1.45000000e+00 
-1.68000000e+00 -1.68000000e+00 -1.68000000e+00 -7.06386891e-05 -1.68000000e+00  1.45000000e+00 
-1.69000000e+00 -1.69000000e+00 -1.69000000e+00 -7.15493791e-05 -1.69000000e+00  1.45000000e+00 
-1.70000000e+00 -1.70000000e+00 -1.70000000e+00 -7.24549001e-05 -1.70000000e+00  1.45000000e+00 
-1.71000000e+00 -1.71000000e+00 -1.71000000e+00 -7.33552651e-05 -1.71000000e+00  1.45000000e+00 
-1.72000000e+00 -1.72000000e+00 -1.72000000e+00 -7.42504854e-05 -1.72000000e+00  1.45000000e+00 
-1.73000000e+00 -1.73000000e+00 -1.73000000e+00 -7.51405710e-05 -1.73000000e+00  1.45000000e+00 
-1.74000000e+00 -1.74000000e+00 -1.74000000e+00 -7.60255312e-05 -1.74000000e+00  1.45000000e+00 
-1.75000000e+00 -1.75000000e+00 -1.75000000e+00 -7.69053741e-05 -1.75000000e+00  1.45000000e+00 
-1.76000000e+00 -1.76000000e+00 -1.76000000e+00 -7.77801069e-05 -1.76000000e+00  1.45000000e+00 
-1.77000000e+00 -1.77000000e+00 -1.77000000e+00 -7.86497365e-05 -1.77000000e+00  1.45000000e+00 
-1.78000000e+00 -1.78000000e+00 -1.78000000e+00 -7.95142688e-05 -1.78000000e+00  1.45000000e+00 
-1.79000000e+00 -1.79000000e+00 -1.79000000e+00 -8.03737095e-05 -1.79000000e+00  1.45000000e+00 
-1.80000000e+00 -1.80000000e+00 -1.80000000e+00 -8.12280636e-05 -1.80000000e+00  1.45000000e+00 
-1.81000000e+00 -1.81000000e+00 -1.81000000e+00 -8.20773360e-05 -1.81000000e+00  1.45000000e+00 
-1.82000000e+00 -1.82000000e+00 -1.82000000e+00 -8.29215312e-05 -1.82000000e+00  1.45000000e+00 
-1.83000000e+00 -1.83000000e+00 -1.83000000e+00 -8.37606535e-05 -1.83000000e+00  1.45000000e+00 
-1.84000000e+00 -1.84000000e+00 -1.84000000e+00 -8.45947070e-05 -1.84000000e+00  1.45000000e+00 
-1.85000000e+00 -1.85000000e+00 -1.85000000e+00 -8.54236956e-05 -1.85000000e+00  1.45000000e+00 
