 0.00000000e+00  0.00000000e+00  0.00000000e+00 -2.83882032e-15  0.00000000e+00  3.70000000e-01 
-1.00000000e-02 -1.00000000e-02 -1.00000000e-02 -3.49133327e-15 -1.00000000e-02  3.70000000e-01 
-2.00000000e-02 -2.00000000e-02 -2.00000000e-02 -4.29382597e-15 -2.00000000e-02  3.70000000e-01 
-3.00000000e-02 -3.00000000e-02 -3.00000000e-02 -5.28077023e-15 -3.00000000e-02  3.70000000e-01 
-4.00000000e-02 -4.00000000e-02 -4.00000000e-02 -6.49456058e-15 -4.00000000e-02  3.70000000e-01 
-5.00000000e-02 -5.00000000e-02 -5.00000000e-02 -7.98733508e-15 -5.00000000e-02  3.70000000e-01 
-6.00000000e-02 -6.00000000e-02 -6.00000000e-02 -9.82321451e-15 -6.00000000e-02  3.70000000e-01 
-7.00000000e-02 -7.00000000e-02 -7.00000000e-02 -1.20810560e-14 -7.00000000e-02  3.70000000e-01 
-8.00000000e-02 -8.00000000e-02 -8.00000000e-02 -1.48578397e-14 -8.00000000e-02  3.70000000e-01 
-9.00000000e-02 -9.00000000e-02 -9.00000000e-02 -1.82728327e-14 -9.00000000e-02  3.70000000e-01 
-1.00000000e-01 -1.00000000e-01 -1.00000000e-01 -2.24727113e-14 -1.00000000e-01  3.70000000e-01 
-1.10000000e-01 -1.10000000e-01 -1.10000000e-01 -2.76378580e-14 -1.10000000e-01  3.70000000e-01 
-1.20000000e-01 -1.20000000e-01 -1.20000000e-01 -3.39901069e-14 -1.20000000e-01  3.70000000e-01 
-1.30000000e-01 -1.30000000e-01 -1.30000000e-01 -4.18022673e-14 -1.30000000e-01  3.70000000e-01 
-1.40000000e-01 -1.40000000e-01 -1.40000000e-01 -5.14098351e-14 -1.40000000e-01  3.70000000e-01 
-1.50000000e-01 -1.50000000e-01 -1.50000000e-01 -6.32253945e-14 -1.50000000e-01  3.70000000e-01 
-1.60000000e-01 -1.60000000e-01 -1.60000000e-01 -7.77563267e-14 -1.60000000e-01  3.70000000e-01 
-1.70000000e-01 -1.70000000e-01 -1.70000000e-01 -9.56265858e-14 -1.70000000e-01  3.70000000e-01 
-1.80000000e-01 -1.80000000e-01 -1.80000000e-01 -1.17603474e-13 -1.80000000e-01  3.70000000e-01 
-1.90000000e-01 -1.90000000e-01 -1.90000000e-01 -1.44630567e-13 -1.90000000e-01  3.70000000e-01 
-2.00000000e-01 -2.00000000e-01 -2.00000000e-01 -1.77868190e-13 -2.00000000e-01  3.70000000e-01 
-2.10000000e-01 -2.10000000e-01 -2.10000000e-01 -2.18743199e-13 -2.10000000e-01  3.70000000e-01 
-2.20000000e-01 -2.20000000e-01 -2.20000000e-01 -2.69010168e-13 -2.20000000e-01  3.70000000e-01 
-2.30000000e-01 -2.30000000e-01 -2.30000000e-01 -3.30826632e-13 -2.30000000e-01  3.70000000e-01 
-2.40000000e-01 -2.40000000e-01 -2.40000000e-01 -4.06845584e-13 -2.40000000e-01  3.70000000e-01 
-2.50000000e-01 -2.50000000e-01 -2.50000000e-01 -5.00329185e-13 -2.50000000e-01  3.70000000e-01 
-2.60000000e-01 -2.60000000e-01 -2.60000000e-01 -6.15288558e-13 -2.60000000e-01  3.70000000e-01 
-2.70000000e-01 -2.70000000e-01 -2.70000000e-01 -7.56655619e-13 -2.70000000e-01  3.70000000e-01 
-2.80000000e-01 -2.80000000e-01 -2.80000000e-01 -9.30494294e-13 -2.80000000e-01  3.70000000e-01 
-2.90000000e-01 -2.90000000e-01 -2.90000000e-01 -1.14426013e-12 -2.90000000e-01  3.70000000e-01 
-3.00000000e-01 -3.00000000e-01 -3.00000000e-01 -1.40711937e-12 -3.00000000e-01  3.70000000e-01 
-3.10000000e-01 -3.10000000e-01 -3.10000000e-01 -1.73034102e-12 -3.10000000e-01  3.70000000e-01 
-3.20000000e-01 -3.20000000e-01 -3.20000000e-01 -2.12777877e-12 -3.20000000e-01  3.70000000e-01 
-3.30000000e-01 -3.30000000e-01 -3.30000000e-01 -2.61646295e-12 -3.30000000e-01  3.70000000e-01 
-3.40000000e-01 -3.40000000e-01 -3.40000000e-01 -3.21732799e-12 -3.40000000e-01  3.70000000e-01 
-3.50000000e-01 -3.50000000e-01 -3.50000000e-01 -3.95610596e-12 -3.50000000e-01  3.70000000e-01 
-3.60000000e-01 -3.60000000e-01 -3.60000000e-01 -4.86442417e-12 -3.60000000e-01  3.70000000e-01 
-3.70000000e-01 -3.70000000e-01 -3.70000000e-01 -5.98115313e-12 -3.70000000e-01  3.70000000e-01 
-3.80000000e-01 -3.80000000e-01 -3.80000000e-01 -7.35406189e-12 -3.80000000e-01  3.70000000e-01 
-3.90000000e-01 -3.90000000e-01 -3.90000000e-01 -9.04185022e-12 -3.90000000e-01  3.70000000e-01 
-4.00000000e-01 -4.00000000e-01 -4.00000000e-01 -1.11166434e-11 -4.00000000e-01  3.70000000e-01 
-4.10000000e-01 -4.10000000e-01 -4.10000000e-01 -1.36670535e-11 -4.10000000e-01  3.70000000e-01 
-4.20000000e-01 -4.20000000e-01 -4.20000000e-01 -1.68019366e-11 -4.20000000e-01  3.70000000e-01 
-4.30000000e-01 -4.30000000e-01 -4.30000000e-01 -2.06549996e-11 -4.30000000e-01  3.70000000e-01 
-4.40000000e-01 -4.40000000e-01 -4.40000000e-01 -2.53904511e-11 -4.40000000e-01  3.70000000e-01 
-4.50000000e-01 -4.50000000e-01 -4.50000000e-01 -3.12099305e-11 -4.50000000e-01  3.70000000e-01 
-4.60000000e-01 -4.60000000e-01 -4.60000000e-01 -3.83609974e-11 -4.60000000e-01  3.70000000e-01 
-4.70000000e-01 -4.70000000e-01 -4.70000000e-01 -4.71475329e-11 -4.70000000e-01  3.70000000e-01 
-4.80000000e-01 -4.80000000e-01 -4.80000000e-01 -5.79424759e-11 -4.80000000e-01  3.70000000e-01 
-4.90000000e-01 -4.90000000e-01 -4.90000000e-01 -7.12034123e-11 -4.90000000e-01  3.70000000e-01 
-5.00000000e-01 -5.00000000e-01 -5.00000000e-01 -8.74916458e-11 -5.00000000e-01  3.70000000e-01 
-5.10000000e-01 -5.10000000e-01 -5.10000000e-01 -1.07495515e-10 -5.10000000e-01  3.70000000e-01 
-5.20000000e-01 -5.20000000e-01 -5.20000000e-01 -1.32058882e-10 -5.20000000e-01  3.70000000e-01 
-5.30000000e-01 -5.30000000e-01 -5.30000000e-01 -1.62215924e-10 -5.30000000e-01  3.70000000e-01 
-5.40000000e-01 -5.40000000e-01 -5.40000000e-01 -1.99233572e-10 -5.40000000e-01  3.70000000e-01 
-5.50000000e-01 -5.50000000e-01 -5.50000000e-01 -2.44663251e-10 -5.50000000e-01  3.70000000e-01 
-5.60000000e-01 -5.60000000e-01 -5.60000000e-01 -3.00403898e-10 -5.60000000e-01  3.70000000e-01 
-5.70000000e-01 -5.70000000e-01 -5.70000000e-01 -3.68778625e-10 -5.70000000e-01  3.70000000e-01 
-5.80000000e-01 -5.80000000e-01 -5.80000000e-01 -4.52627888e-10 -5.80000000e-01  3.70000000e-01 
-5.90000000e-01 -5.90000000e-01 -5.90000000e-01 -5.55422565e-10 -5.90000000e-01  3.70000000e-01 
-6.00000000e-01 -6.00000000e-01 -6.00000000e-01 -6.81401013e-10 -6.00000000e-01  3.70000000e-01 
-6.10000000e-01 -6.10000000e-01 -6.10000000e-01 -8.35734935e-10 -6.10000000e-01  3.70000000e-01 
-6.20000000e-01 -6.20000000e-01 -6.20000000e-01 -1.02472978e-09 -6.20000000e-01  3.70000000e-01 
-6.30000000e-01 -6.30000000e-01 -6.30000000e-01 -1.25606638e-09 -6.30000000e-01  3.70000000e-01 
-6.40000000e-01 -6.40000000e-01 -6.40000000e-01 -1.53909186e-09 -6.40000000e-01  3.70000000e-01 
-6.50000000e-01 -6.50000000e-01 -6.50000000e-01 -1.88516883e-09 -6.50000000e-01  3.70000000e-01 
-6.60000000e-01 -6.60000000e-01 -6.60000000e-01 -2.30809389e-09 -6.60000000e-01  3.70000000e-01 
-6.70000000e-01 -6.70000000e-01 -6.70000000e-01 -2.82459752e-09 -6.70000000e-01  3.70000000e-01 
-6.80000000e-01 -6.80000000e-01 -6.80000000e-01 -3.45493977e-09 -6.80000000e-01  3.70000000e-01 
-6.90000000e-01 -6.90000000e-01 -6.90000000e-01 -4.22361774e-09 -6.90000000e-01  3.70000000e-01 
-7.00000000e-01 -7.00000000e-01 -7.00000000e-01 -5.16020303e-09 -7.00000000e-01  3.70000000e-01 
-7.10000000e-01 -7.10000000e-01 -7.10000000e-01 -6.30032956e-09 -7.10000000e-01  3.70000000e-01 
-7.20000000e-01 -7.20000000e-01 -7.20000000e-01 -7.68685407e-09 -7.20000000e-01  3.70000000e-01 
-7.30000000e-01 -7.30000000e-01 -7.30000000e-01 -9.37121393e-09 -7.30000000e-01  3.70000000e-01 
-7.40000000e-01 -7.40000000e-01 -7.40000000e-01 -1.14150087e-08 -7.40000000e-01  3.70000000e-01 
-7.50000000e-01 -7.50000000e-01 -7.50000000e-01 -1.38918337e-08 -7.50000000e-01  3.70000000e-01 
-7.60000000e-01 -7.60000000e-01 -7.60000000e-01 -1.68893951e-08 -7.60000000e-01  3.70000000e-01 
-7.70000000e-01 -7.70000000e-01 -7.70000000e-01 -2.05119376e-08 -7.70000000e-01  3.70000000e-01 
-7.80000000e-01 -7.80000000e-01 -7.80000000e-01 -2.48830146e-08 -7.80000000e-01  3.70000000e-01 
-7.90000000e-01 -7.90000000e-01 -7.90000000e-01 -3.01486340e-08 -7.90000000e-01  3.70000000e-01 
-8.00000000e-01 -8.00000000e-01 -8.00000000e-01 -3.64808074e-08 -8.00000000e-01  3.70000000e-01 
-8.10000000e-01 -8.10000000e-01 -8.10000000e-01 -4.40815328e-08 -8.10000000e-01  3.70000000e-01 
-8.20000000e-01 -8.20000000e-01 -8.20000000e-01 -5.31872366e-08 -8.20000000e-01  3.70000000e-01 
-8.30000000e-01 -8.30000000e-01 -8.30000000e-01 -6.40736967e-08 -8.30000000e-01  3.70000000e-01 
-8.40000000e-01 -8.40000000e-01 -8.40000000e-01 -7.70614626e-08 -8.40000000e-01  3.70000000e-01 
-8.50000000e-01 -8.50000000e-01 -8.50000000e-01 -9.25217809e-08 -8.50000000e-01  3.70000000e-01 
-8.60000000e-01 -8.60000000e-01 -8.60000000e-01 -1.10883017e-07 -8.60000000e-01  3.70000000e-01 
-8.70000000e-01 -8.70000000e-01 -8.70000000e-01 -1.32637549e-07 -8.70000000e-01  3.70000000e-01 
-8.80000000e-01 -8.80000000e-01 -8.80000000e-01 -1.58349067e-07 -8.80000000e-01  3.70000000e-01 
-8.90000000e-01 -8.90000000e-01 -8.90000000e-01 -1.88660173e-07 -8.90000000e-01  3.70000000e-01 
-9.00000000e-01 -9.00000000e-01 -9.00000000e-01 -2.24300114e-07 -9.00000000e-01  3.70000000e-01 
-9.10000000e-01 -9.10000000e-01 -9.10000000e-01 -2.66092368e-07 -9.10000000e-01  3.70000000e-01 
-9.20000000e-01 -9.20000000e-01 -9.20000000e-01 -3.14961714e-07 -9.20000000e-01  3.70000000e-01 
-9.30000000e-01 -9.30000000e-01 -9.30000000e-01 -3.71940265e-07 -9.30000000e-01  3.70000000e-01 
-9.40000000e-01 -9.40000000e-01 -9.40000000e-01 -4.38171792e-07 -9.40000000e-01  3.70000000e-01 
-9.50000000e-01 -9.50000000e-01 -9.50000000e-01 -5.14913529e-07 -9.50000000e-01  3.70000000e-01 
-9.60000000e-01 -9.60000000e-01 -9.60000000e-01 -6.03534497e-07 -9.60000000e-01  3.70000000e-01 
-9.70000000e-01 -9.70000000e-01 -9.70000000e-01 -7.05509366e-07 -9.70000000e-01  3.70000000e-01 
-9.80000000e-01 -9.80000000e-01 -9.80000000e-01 -8.22406848e-07 -9.80000000e-01  3.70000000e-01 
-9.90000000e-01 -9.90000000e-01 -9.90000000e-01 -9.55871821e-07 -9.90000000e-01  3.70000000e-01 
-1.00000000e+00 -1.00000000e+00 -1.00000000e+00 -1.10760064e-06 -1.00000000e+00  3.70000000e-01 
-1.01000000e+00 -1.01000000e+00 -1.01000000e+00 -1.27930960e-06 -1.01000000e+00  3.70000000e-01 
-1.02000000e+00 -1.02000000e+00 -1.02000000e+00 -1.47269694e-06 -1.02000000e+00  3.70000000e-01 
-1.03000000e+00 -1.03000000e+00 -1.03000000e+00 -1.68939979e-06 -1.03000000e+00  3.70000000e-01 
-1.04000000e+00 -1.04000000e+00 -1.04000000e+00 -1.93094748e-06 -1.04000000e+00  3.70000000e-01 
-1.05000000e+00 -1.05000000e+00 -1.05000000e+00 -2.19871390e-06 -1.05000000e+00  3.70000000e-01 
-1.06000000e+00 -1.06000000e+00 -1.06000000e+00 -2.49387144e-06 -1.06000000e+00  3.70000000e-01 
-1.07000000e+00 -1.07000000e+00 -1.07000000e+00 -2.81734931e-06 -1.07000000e+00  3.70000000e-01 
-1.08000000e+00 -1.08000000e+00 -1.08000000e+00 -3.16979896e-06 -1.08000000e+00  3.70000000e-01 
-1.09000000e+00 -1.09000000e+00 -1.09000000e+00 -3.55156870e-06 -1.09000000e+00  3.70000000e-01 
-1.10000000e+00 -1.10000000e+00 -1.10000000e+00 -3.96268913e-06 -1.10000000e+00  3.70000000e-01 
-1.11000000e+00 -1.11000000e+00 -1.11000000e+00 -4.40286992e-06 -1.11000000e+00  3.70000000e-01 
-1.12000000e+00 -1.12000000e+00 -1.12000000e+00 -4.87150792e-06 -1.12000000e+00  3.70000000e-01 
-1.13000000e+00 -1.13000000e+00 -1.13000000e+00 -5.36770551e-06 -1.13000000e+00  3.70000000e-01 
-1.14000000e+00 -1.14000000e+00 -1.14000000e+00 -5.89029770e-06 -1.14000000e+00  3.70000000e-01 
-1.15000000e+00 -1.15000000e+00 -1.15000000e+00 -6.43788578e-06 -1.15000000e+00  3.70000000e-01 
-1.16000000e+00 -1.16000000e+00 -1.16000000e+00 -7.00887545e-06 -1.16000000e+00  3.70000000e-01 
-1.17000000e+00 -1.17000000e+00 -1.17000000e+00 -7.60151700e-06 -1.17000000e+00  3.70000000e-01 
-1.18000000e+00 -1.18000000e+00 -1.18000000e+00 -8.21394558e-06 -1.18000000e+00  3.70000000e-01 
-1.19000000e+00 -1.19000000e+00 -1.19000000e+00 -8.84421974e-06 -1.19000000e+00  3.70000000e-01 
-1.20000000e+00 -1.20000000e+00 -1.20000000e+00 -9.49035696e-06 -1.20000000e+00  3.70000000e-01 
-1.21000000e+00 -1.21000000e+00 -1.21000000e+00 -1.01503652e-05 -1.21000000e+00  3.70000000e-01 
-1.22000000e+00 -1.22000000e+00 -1.22000000e+00 -1.08222697e-05 -1.22000000e+00  3.70000000e-01 
-1.23000000e+00 -1.23000000e+00 -1.23000000e+00 -1.15041359e-05 -1.23000000e+00  3.70000000e-01 
-1.24000000e+00 -1.24000000e+00 -1.24000000e+00 -1.21940866e-05 -1.24000000e+00  3.70000000e-01 
-1.25000000e+00 -1.25000000e+00 -1.25000000e+00 -1.28903160e-05 -1.25000000e+00  3.70000000e-01 
-1.26000000e+00 -1.26000000e+00 -1.26000000e+00 -1.35910995e-05 -1.26000000e+00  3.70000000e-01 
-1.27000000e+00 -1.27000000e+00 -1.27000000e+00 -1.42948008e-05 -1.27000000e+00  3.70000000e-01 
-1.28000000e+00 -1.28000000e+00 -1.28000000e+00 -1.49998760e-05 -1.28000000e+00  3.70000000e-01 
-1.29000000e+00 -1.29000000e+00 -1.29000000e+00 -1.57048761e-05 -1.29000000e+00  3.70000000e-01 
-1.30000000e+00 -1.30000000e+00 -1.30000000e+00 -1.64084475e-05 -1.30000000e+00  3.70000000e-01 
-1.31000000e+00 -1.31000000e+00 -1.31000000e+00 -1.71093327e-05 -1.31000000e+00  3.70000000e-01 
-1.32000000e+00 -1.32000000e+00 -1.32000000e+00 -1.78063682e-05 -1.32000000e+00  3.70000000e-01 
-1.33000000e+00 -1.33000000e+00 -1.33000000e+00 -1.84984841e-05 -1.33000000e+00  3.70000000e-01 
-1.34000000e+00 -1.34000000e+00 -1.34000000e+00 -1.91847017e-05 -1.34000000e+00  3.70000000e-01 
-1.35000000e+00 -1.35000000e+00 -1.35000000e+00 -1.98641318e-05 -1.35000000e+00  3.70000000e-01 
-1.36000000e+00 -1.36000000e+00 -1.36000000e+00 -2.05359721e-05 -1.36000000e+00  3.70000000e-01 
-1.37000000e+00 -1.37000000e+00 -1.37000000e+00 -2.11995048e-05 -1.37000000e+00  3.70000000e-01 
-1.38000000e+00 -1.38000000e+00 -1.38000000e+00 -2.18540939e-05 -1.38000000e+00  3.70000000e-01 
-1.39000000e+00 -1.39000000e+00 -1.39000000e+00 -2.24991819e-05 -1.39000000e+00  3.70000000e-01 
-1.40000000e+00 -1.40000000e+00 -1.40000000e+00 -2.31342864e-05 -1.40000000e+00  3.70000000e-01 
-1.41000000e+00 -1.41000000e+00 -1.41000000e+00 -2.37589967e-05 -1.41000000e+00  3.70000000e-01 
-1.42000000e+00 -1.42000000e+00 -1.42000000e+00 -2.43729695e-05 -1.42000000e+00  3.70000000e-01 
-1.43000000e+00 -1.43000000e+00 -1.43000000e+00 -2.49759249e-05 -1.43000000e+00  3.70000000e-01 
-1.44000000e+00 -1.44000000e+00 -1.44000000e+00 -2.55676420e-05 -1.44000000e+00  3.70000000e-01 
-1.45000000e+00 -1.45000000e+00 -1.45000000e+00 -2.61479542e-05 -1.45000000e+00  3.70000000e-01 
-1.46000000e+00 -1.46000000e+00 -1.46000000e+00 -2.67167451e-05 -1.46000000e+00  3.70000000e-01 
-1.47000000e+00 -1.47000000e+00 -1.47000000e+00 -2.72739433e-05 -1.47000000e+00  3.70000000e-01 
-1.48000000e+00 -1.48000000e+00 -1.48000000e+00 -2.78195186e-05 -1.48000000e+00  3.70000000e-01 
-1.49000000e+00 -1.49000000e+00 -1.49000000e+00 -2.83534770e-05 -1.49000000e+00  3.70000000e-01 
-1.50000000e+00 -1.50000000e+00 -1.50000000e+00 -2.88758572e-05 -1.50000000e+00  3.70000000e-01 
-1.51000000e+00 -1.51000000e+00 -1.51000000e+00 -2.93867263e-05 -1.51000000e+00  3.70000000e-01 
-1.52000000e+00 -1.52000000e+00 -1.52000000e+00 -2.98861761e-05 -1.52000000e+00  3.70000000e-01 
-1.53000000e+00 -1.53000000e+00 -1.53000000e+00 -3.03743200e-05 -1.53000000e+00  3.70000000e-01 
-1.54000000e+00 -1.54000000e+00 -1.54000000e+00 -3.08512895e-05 -1.54000000e+00  3.70000000e-01 
-1.55000000e+00 -1.55000000e+00 -1.55000000e+00 -3.13172316e-05 -1.55000000e+00  3.70000000e-01 
-1.56000000e+00 -1.56000000e+00 -1.56000000e+00 -3.17723060e-05 -1.56000000e+00  3.70000000e-01 
-1.57000000e+00 -1.57000000e+00 -1.57000000e+00 -3.22166834e-05 -1.57000000e+00  3.70000000e-01 
-1.58000000e+00 -1.58000000e+00 -1.58000000e+00 -3.26505424e-05 -1.58000000e+00  3.70000000e-01 
-1.59000000e+00 -1.59000000e+00 -1.59000000e+00 -3.30740688e-05 -1.59000000e+00  3.70000000e-01 
-1.60000000e+00 -1.60000000e+00 -1.60000000e+00 -3.34874532e-05 -1.60000000e+00  3.70000000e-01 
-1.61000000e+00 -1.61000000e+00 -1.61000000e+00 -3.38908900e-05 -1.61000000e+00  3.70000000e-01 
-1.62000000e+00 -1.62000000e+00 -1.62000000e+00 -3.42845761e-05 -1.62000000e+00  3.70000000e-01 
-1.63000000e+00 -1.63000000e+00 -1.63000000e+00 -3.46687097e-05 -1.63000000e+00  3.70000000e-01 
-1.64000000e+00 -1.64000000e+00 -1.64000000e+00 -3.50434897e-05 -1.64000000e+00  3.70000000e-01 
-1.65000000e+00 -1.65000000e+00 -1.65000000e+00 -3.54091146e-05 -1.65000000e+00  3.70000000e-01 
-1.66000000e+00 -1.66000000e+00 -1.66000000e+00 -3.57657821e-05 -1.66000000e+00  3.70000000e-01 
-1.67000000e+00 -1.67000000e+00 -1.67000000e+00 -3.61136884e-05 -1.67000000e+00  3.70000000e-01 
-1.68000000e+00 -1.68000000e+00 -1.68000000e+00 -3.64530277e-05 -1.68000000e+00  3.70000000e-01 
-1.69000000e+00 -1.69000000e+00 -1.69000000e+00 -3.67839921e-05 -1.69000000e+00  3.70000000e-01 
-1.70000000e+00 -1.70000000e+00 -1.70000000e+00 -3.71067709e-05 -1.70000000e+00  3.70000000e-01 
-1.71000000e+00 -1.71000000e+00 -1.71000000e+00 -3.74215504e-05 -1.71000000e+00  3.70000000e-01 
-1.72000000e+00 -1.72000000e+00 -1.72000000e+00 -3.77285142e-05 -1.72000000e+00  3.70000000e-01 
-1.73000000e+00 -1.73000000e+00 -1.73000000e+00 -3.80278423e-05 -1.73000000e+00  3.70000000e-01 
-1.74000000e+00 -1.74000000e+00 -1.74000000e+00 -3.83197114e-05 -1.74000000e+00  3.70000000e-01 
-1.75000000e+00 -1.75000000e+00 -1.75000000e+00 -3.86042948e-05 -1.75000000e+00  3.70000000e-01 
-1.76000000e+00 -1.76000000e+00 -1.76000000e+00 -3.88817622e-05 -1.76000000e+00  3.70000000e-01 
-1.77000000e+00 -1.77000000e+00 -1.77000000e+00 -3.91522796e-05 -1.77000000e+00  3.70000000e-01 
-1.78000000e+00 -1.78000000e+00 -1.78000000e+00 -3.94160097e-05 -1.78000000e+00  3.70000000e-01 
-1.79000000e+00 -1.79000000e+00 -1.79000000e+00 -3.96731113e-05 -1.79000000e+00  3.70000000e-01 
-1.80000000e+00 -1.80000000e+00 -1.80000000e+00 -3.99237397e-05 -1.80000000e+00  3.70000000e-01 
-1.81000000e+00 -1.81000000e+00 -1.81000000e+00 -4.01680467e-05 -1.81000000e+00  3.70000000e-01 
-1.82000000e+00 -1.82000000e+00 -1.82000000e+00 -4.04061805e-05 -1.82000000e+00  3.70000000e-01 
-1.83000000e+00 -1.83000000e+00 -1.83000000e+00 -4.06382857e-05 -1.83000000e+00  3.70000000e-01 
-1.84000000e+00 -1.84000000e+00 -1.84000000e+00 -4.08645035e-05 -1.84000000e+00  3.70000000e-01 
-1.85000000e+00 -1.85000000e+00 -1.85000000e+00 -4.10849719e-05 -1.85000000e+00  3.70000000e-01 
