 0.00000000e+00  0.00000000e+00  0.00000000e+00 -1.19798559e-16  0.00000000e+00  1.00000000e-02 
-1.00000000e-02 -1.00000000e-02 -1.00000000e-02 -1.47334684e-16 -1.00000000e-02  1.00000000e-02 
-2.00000000e-02 -2.00000000e-02 -2.00000000e-02 -1.81199973e-16 -2.00000000e-02  1.00000000e-02 
-3.00000000e-02 -3.00000000e-02 -3.00000000e-02 -2.22849140e-16 -3.00000000e-02  1.00000000e-02 
-4.00000000e-02 -4.00000000e-02 -4.00000000e-02 -2.74071239e-16 -4.00000000e-02  1.00000000e-02 
-5.00000000e-02 -5.00000000e-02 -5.00000000e-02 -3.37066505e-16 -5.00000000e-02  1.00000000e-02 
-6.00000000e-02 -6.00000000e-02 -6.00000000e-02 -4.14540840e-16 -6.00000000e-02  1.00000000e-02 
-7.00000000e-02 -7.00000000e-02 -7.00000000e-02 -5.09822027e-16 -7.00000000e-02  1.00000000e-02 
-8.00000000e-02 -8.00000000e-02 -8.00000000e-02 -6.27002636e-16 -8.00000000e-02  1.00000000e-02 
-9.00000000e-02 -9.00000000e-02 -9.00000000e-02 -7.71115764e-16 -9.00000000e-02  1.00000000e-02 
-1.00000000e-01 -1.00000000e-01 -1.00000000e-01 -9.48351159e-16 -1.00000000e-01  1.00000000e-02 
-1.10000000e-01 -1.10000000e-01 -1.10000000e-01 -1.16632099e-15 -1.10000000e-01  1.00000000e-02 
-1.20000000e-01 -1.20000000e-01 -1.20000000e-01 -1.43438669e-15 -1.20000000e-01  1.00000000e-02 
-1.30000000e-01 -1.30000000e-01 -1.30000000e-01 -1.76406085e-15 -1.30000000e-01  1.00000000e-02 
-1.40000000e-01 -1.40000000e-01 -1.40000000e-01 -2.16950144e-15 -1.40000000e-01  1.00000000e-02 
-1.50000000e-01 -1.50000000e-01 -1.50000000e-01 -2.66811959e-15 -1.50000000e-01  1.00000000e-02 
-1.60000000e-01 -1.60000000e-01 -1.60000000e-01 -3.28132685e-15 -1.60000000e-01  1.00000000e-02 
-1.70000000e-01 -1.70000000e-01 -1.70000000e-01 -4.03545420e-15 -1.70000000e-01  1.00000000e-02 
-1.80000000e-01 -1.80000000e-01 -1.80000000e-01 -4.96288193e-15 -1.80000000e-01  1.00000000e-02 
-1.90000000e-01 -1.90000000e-01 -1.90000000e-01 -6.10342908e-15 -1.90000000e-01  1.00000000e-02 
-2.00000000e-01 -2.00000000e-01 -2.00000000e-01 -7.50606171e-15 -2.00000000e-01  1.00000000e-02 
-2.10000000e-01 -2.10000000e-01 -2.10000000e-01 -9.23099337e-15 -2.10000000e-01  1.00000000e-02 
-2.20000000e-01 -2.20000000e-01 -2.20000000e-01 -1.13522676e-14 -2.20000000e-01  1.00000000e-02 
-2.30000000e-01 -2.30000000e-01 -2.30000000e-01 -1.39609330e-14 -2.30000000e-01  1.00000000e-02 
-2.40000000e-01 -2.40000000e-01 -2.40000000e-01 -1.71689467e-14 -2.40000000e-01  1.00000000e-02 
-2.50000000e-01 -2.50000000e-01 -2.50000000e-01 -2.11139731e-14 -2.50000000e-01  1.00000000e-02 
-2.60000000e-01 -2.60000000e-01 -2.60000000e-01 -2.59652834e-14 -2.60000000e-01  1.00000000e-02 
-2.70000000e-01 -2.70000000e-01 -2.70000000e-01 -3.19310069e-14 -2.70000000e-01  1.00000000e-02 
-2.80000000e-01 -2.80000000e-01 -2.80000000e-01 -3.92670449e-14 -2.80000000e-01  1.00000000e-02 
-2.90000000e-01 -2.90000000e-01 -2.90000000e-01 -4.82880267e-14 -2.90000000e-01  1.00000000e-02 
-3.00000000e-01 -3.00000000e-01 -3.00000000e-01 -5.93807751e-14 -3.00000000e-01  1.00000000e-02 
-3.10000000e-01 -3.10000000e-01 -3.10000000e-01 -7.30208541e-14 -3.10000000e-01  1.00000000e-02 
-3.20000000e-01 -3.20000000e-01 -3.20000000e-01 -8.97929051e-14 -3.20000000e-01  1.00000000e-02 
-3.30000000e-01 -3.30000000e-01 -3.30000000e-01 -1.10415633e-13 -3.30000000e-01  1.00000000e-02 
-3.40000000e-01 -3.40000000e-01 -3.40000000e-01 -1.35772508e-13 -3.40000000e-01  1.00000000e-02 
-3.50000000e-01 -3.50000000e-01 -3.50000000e-01 -1.66949477e-13 -3.50000000e-01  1.00000000e-02 
-3.60000000e-01 -3.60000000e-01 -3.60000000e-01 -2.05281295e-13 -3.60000000e-01  1.00000000e-02 
-3.70000000e-01 -3.70000000e-01 -3.70000000e-01 -2.52408419e-13 -3.70000000e-01  1.00000000e-02 
-3.80000000e-01 -3.80000000e-01 -3.80000000e-01 -3.10346887e-13 -3.80000000e-01  1.00000000e-02 
-3.90000000e-01 -3.90000000e-01 -3.90000000e-01 -3.81574105e-13 -3.90000000e-01  1.00000000e-02 
-4.00000000e-01 -4.00000000e-01 -4.00000000e-01 -4.69134171e-13 -4.00000000e-01  1.00000000e-02 
-4.10000000e-01 -4.10000000e-01 -4.10000000e-01 -5.76767146e-13 -4.10000000e-01  1.00000000e-02 
-4.20000000e-01 -4.20000000e-01 -4.20000000e-01 -7.09067684e-13 -4.20000000e-01  1.00000000e-02 
-4.30000000e-01 -4.30000000e-01 -4.30000000e-01 -8.71679638e-13 -4.30000000e-01  1.00000000e-02 
-4.40000000e-01 -4.40000000e-01 -4.40000000e-01 -1.07153474e-12 -4.40000000e-01  1.00000000e-02 
-4.50000000e-01 -4.50000000e-01 -4.50000000e-01 -1.31714537e-12 -4.50000000e-01  1.00000000e-02 
-4.60000000e-01 -4.60000000e-01 -4.60000000e-01 -1.61896339e-12 -4.60000000e-01  1.00000000e-02 
-4.70000000e-01 -4.70000000e-01 -4.70000000e-01 -1.98981988e-12 -4.70000000e-01  1.00000000e-02 
-4.80000000e-01 -4.80000000e-01 -4.80000000e-01 -2.44546384e-12 -4.80000000e-01  1.00000000e-02 
-4.90000000e-01 -4.90000000e-01 -4.90000000e-01 -3.00522197e-12 -4.90000000e-01  1.00000000e-02 
-5.00000000e-01 -5.00000000e-01 -5.00000000e-01 -3.69280622e-12 -5.00000000e-01  1.00000000e-02 
-5.10000000e-01 -5.10000000e-01 -5.10000000e-01 -4.53730209e-12 -5.10000000e-01  1.00000000e-02 
-5.20000000e-01 -5.20000000e-01 -5.20000000e-01 -5.57437722e-12 -5.20000000e-01  1.00000000e-02 
-5.30000000e-01 -5.30000000e-01 -5.30000000e-01 -6.84775910e-12 -5.30000000e-01  1.00000000e-02 
-5.40000000e-01 -5.40000000e-01 -5.40000000e-01 -8.41104052e-12 -5.40000000e-01  1.00000000e-02 
-5.50000000e-01 -5.50000000e-01 -5.50000000e-01 -1.03298847e-11 -5.50000000e-01  1.00000000e-02 
-5.60000000e-01 -5.60000000e-01 -5.60000000e-01 -1.26847171e-11 -5.60000000e-01  1.00000000e-02 
-5.70000000e-01 -5.70000000e-01 -5.70000000e-01 -1.55740091e-11 -5.70000000e-01  1.00000000e-02 
-5.80000000e-01 -5.80000000e-01 -5.80000000e-01 -1.91182830e-11 -5.80000000e-01  1.00000000e-02 
-5.90000000e-01 -5.90000000e-01 -5.90000000e-01 -2.34649924e-11 -5.90000000e-01  1.00000000e-02 
-6.00000000e-01 -6.00000000e-01 -6.00000000e-01 -2.87944696e-11 -6.00000000e-01  1.00000000e-02 
-6.10000000e-01 -6.10000000e-01 -6.10000000e-01 -3.53271675e-11 -6.10000000e-01  1.00000000e-02 
-6.20000000e-01 -6.20000000e-01 -6.20000000e-01 -4.33324779e-11 -6.20000000e-01  1.00000000e-02 
-6.30000000e-01 -6.30000000e-01 -6.30000000e-01 -5.31394679e-11 -6.30000000e-01  1.00000000e-02 
-6.40000000e-01 -6.40000000e-01 -6.40000000e-01 -6.51499512e-11 -6.40000000e-01  1.00000000e-02 
-6.50000000e-01 -6.50000000e-01 -6.50000000e-01 -7.98544092e-11 -6.50000000e-01  1.00000000e-02 
-6.60000000e-01 -6.60000000e-01 -6.60000000e-01 -9.78513929e-11 -6.60000000e-01  1.00000000e-02 
-6.70000000e-01 -6.70000000e-01 -6.70000000e-01 -1.19871191e-10 -6.70000000e-01  1.00000000e-02 
-6.80000000e-01 -6.80000000e-01 -6.80000000e-01 -1.46804741e-10 -6.80000000e-01  1.00000000e-02 
-6.90000000e-01 -6.90000000e-01 -6.90000000e-01 -1.79739010e-10 -6.90000000e-01  1.00000000e-02 
-7.00000000e-01 -7.00000000e-01 -7.00000000e-01 -2.20000385e-10 -7.00000000e-01  1.00000000e-02 
-7.10000000e-01 -7.10000000e-01 -7.10000000e-01 -2.69208060e-10 -7.10000000e-01  1.00000000e-02 
-7.20000000e-01 -7.20000000e-01 -7.20000000e-01 -3.29339894e-10 -7.20000000e-01  1.00000000e-02 
-7.30000000e-01 -7.30000000e-01 -7.30000000e-01 -4.02813998e-10 -7.30000000e-01  1.00000000e-02 
-7.40000000e-01 -7.40000000e-01 -7.40000000e-01 -4.92590156e-10 -7.40000000e-01  1.00000000e-02 
-7.50000000e-01 -7.50000000e-01 -7.50000000e-01 -6.02296400e-10 -7.50000000e-01  1.00000000e-02 
-7.60000000e-01 -7.60000000e-01 -7.60000000e-01 -7.36387525e-10 -7.60000000e-01  1.00000000e-02 
-7.70000000e-01 -7.70000000e-01 -7.70000000e-01 -9.00344158e-10 -7.70000000e-01  1.00000000e-02 
-7.80000000e-01 -7.80000000e-01 -7.80000000e-01 -1.10092317e-09 -7.80000000e-01  1.00000000e-02 
-7.90000000e-01 -7.90000000e-01 -7.90000000e-01 -1.34647267e-09 -7.90000000e-01  1.00000000e-02 
-8.00000000e-01 -8.00000000e-01 -8.00000000e-01 -1.64732750e-09 -8.00000000e-01  1.00000000e-02 
-8.10000000e-01 -8.10000000e-01 -8.10000000e-01 -2.01630339e-09 -8.10000000e-01  1.00000000e-02 
-8.20000000e-01 -8.20000000e-01 -8.20000000e-01 -2.46930979e-09 -8.20000000e-01  1.00000000e-02 
-8.30000000e-01 -8.30000000e-01 -8.30000000e-01 -3.02610098e-09 -8.30000000e-01  1.00000000e-02 
-8.40000000e-01 -8.40000000e-01 -8.40000000e-01 -3.71118214e-09 -8.40000000e-01  1.00000000e-02 
-8.50000000e-01 -8.50000000e-01 -8.50000000e-01 -4.55487891e-09 -8.50000000e-01  1.00000000e-02 
-8.60000000e-01 -8.60000000e-01 -8.60000000e-01 -5.59456412e-09 -8.60000000e-01  1.00000000e-02 
-8.70000000e-01 -8.70000000e-01 -8.70000000e-01 -6.87601150e-09 -8.70000000e-01  1.00000000e-02 
-8.80000000e-01 -8.80000000e-01 -8.80000000e-01 -8.45481203e-09 -8.80000000e-01  1.00000000e-02 
-8.90000000e-01 -8.90000000e-01 -8.90000000e-01 -1.03977441e-08 -8.90000000e-01  1.00000000e-02 
-9.00000000e-01 -9.00000000e-01 -9.00000000e-01 -1.27839371e-08 -9.00000000e-01  1.00000000e-02 
-9.10000000e-01 -9.10000000e-01 -9.10000000e-01 -1.57056144e-08 -9.10000000e-01  1.00000000e-02 
-9.20000000e-01 -9.20000000e-01 -9.20000000e-01 -1.92681641e-08 -9.20000000e-01  1.00000000e-02 
-9.30000000e-01 -9.30000000e-01 -9.30000000e-01 -2.35892641e-08 -9.30000000e-01  1.00000000e-02 
-9.40000000e-01 -9.40000000e-01 -9.40000000e-01 -2.87968239e-08 -9.40000000e-01  1.00000000e-02 
-9.50000000e-01 -9.50000000e-01 -9.50000000e-01 -3.50255801e-08 -9.50000000e-01  1.00000000e-02 
-9.60000000e-01 -9.60000000e-01 -9.60000000e-01 -4.24123301e-08 -9.60000000e-01  1.00000000e-02 
-9.70000000e-01 -9.70000000e-01 -9.70000000e-01 -5.10899719e-08 -9.70000000e-01  1.00000000e-02 
-9.80000000e-01 -9.80000000e-01 -9.80000000e-01 -6.11807226e-08 -9.80000000e-01  1.00000000e-02 
-9.90000000e-01 -9.90000000e-01 -9.90000000e-01 -7.27890651e-08 -9.90000000e-01  1.00000000e-02 
-1.00000000e+00 -1.00000000e+00 -1.00000000e+00 -8.59950826e-08 -1.00000000e+00  1.00000000e-02 
-1.01000000e+00 -1.01000000e+00 -1.01000000e+00 -1.00848846e-07 -1.01000000e+00  1.00000000e-02 
-1.02000000e+00 -1.02000000e+00 -1.02000000e+00 -1.17366426e-07 -1.02000000e+00  1.00000000e-02 
-1.03000000e+00 -1.03000000e+00 -1.03000000e+00 -1.35527901e-07 -1.03000000e+00  1.00000000e-02 
-1.04000000e+00 -1.04000000e+00 -1.04000000e+00 -1.55277517e-07 -1.04000000e+00  1.00000000e-02 
-1.05000000e+00 -1.05000000e+00 -1.05000000e+00 -1.76525880e-07 -1.05000000e+00  1.00000000e-02 
-1.06000000e+00 -1.06000000e+00 -1.06000000e+00 -1.99153911e-07 -1.06000000e+00  1.00000000e-02 
-1.07000000e+00 -1.07000000e+00 -1.07000000e+00 -2.23018088e-07 -1.07000000e+00  1.00000000e-02 
-1.08000000e+00 -1.08000000e+00 -1.08000000e+00 -2.47956516e-07 -1.08000000e+00  1.00000000e-02 
-1.09000000e+00 -1.09000000e+00 -1.09000000e+00 -2.73795291e-07 -1.09000000e+00  1.00000000e-02 
-1.10000000e+00 -1.10000000e+00 -1.10000000e+00 -3.00354737e-07 -1.10000000e+00  1.00000000e-02 
-1.11000000e+00 -1.11000000e+00 -1.11000000e+00 -3.27455153e-07 -1.11000000e+00  1.00000000e-02 
-1.12000000e+00 -1.12000000e+00 -1.12000000e+00 -3.54921808e-07 -1.12000000e+00  1.00000000e-02 
-1.13000000e+00 -1.13000000e+00 -1.13000000e+00 -3.82589041e-07 -1.13000000e+00  1.00000000e-02 
-1.14000000e+00 -1.14000000e+00 -1.14000000e+00 -4.10303394e-07 -1.14000000e+00  1.00000000e-02 
-1.15000000e+00 -1.15000000e+00 -1.15000000e+00 -4.37925808e-07 -1.15000000e+00  1.00000000e-02 
-1.16000000e+00 -1.16000000e+00 -1.16000000e+00 -4.65332933e-07 -1.16000000e+00  1.00000000e-02 
-1.17000000e+00 -1.17000000e+00 -1.17000000e+00 -4.92417684e-07 -1.17000000e+00  1.00000000e-02 
-1.18000000e+00 -1.18000000e+00 -1.18000000e+00 -5.19089145e-07 -1.18000000e+00  1.00000000e-02 
-1.19000000e+00 -1.19000000e+00 -1.19000000e+00 -5.45271991e-07 -1.19000000e+00  1.00000000e-02 
-1.20000000e+00 -1.20000000e+00 -1.20000000e+00 -5.70905524e-07 -1.20000000e+00  1.00000000e-02 
-1.21000000e+00 -1.21000000e+00 -1.21000000e+00 -5.95942472e-07 -1.21000000e+00  1.00000000e-02 
-1.22000000e+00 -1.22000000e+00 -1.22000000e+00 -6.20347632e-07 -1.22000000e+00  1.00000000e-02 
-1.23000000e+00 -1.23000000e+00 -1.23000000e+00 -6.44096457e-07 -1.23000000e+00  1.00000000e-02 
-1.24000000e+00 -1.24000000e+00 -1.24000000e+00 -6.67173640e-07 -1.24000000e+00  1.00000000e-02 
-1.25000000e+00 -1.25000000e+00 -1.25000000e+00 -6.89571758e-07 -1.25000000e+00  1.00000000e-02 
-1.26000000e+00 -1.26000000e+00 -1.26000000e+00 -7.11289997e-07 -1.26000000e+00  1.00000000e-02 
-1.27000000e+00 -1.27000000e+00 -1.27000000e+00 -7.32332986e-07 -1.27000000e+00  1.00000000e-02 
-1.28000000e+00 -1.28000000e+00 -1.28000000e+00 -7.52709753e-07 -1.28000000e+00  1.00000000e-02 
-1.29000000e+00 -1.29000000e+00 -1.29000000e+00 -7.72432802e-07 -1.29000000e+00  1.00000000e-02 
-1.30000000e+00 -1.30000000e+00 -1.30000000e+00 -7.91517311e-07 -1.30000000e+00  1.00000000e-02 
-1.31000000e+00 -1.31000000e+00 -1.31000000e+00 -8.09980445e-07 -1.31000000e+00  1.00000000e-02 
-1.32000000e+00 -1.32000000e+00 -1.32000000e+00 -8.27840777e-07 -1.32000000e+00  1.00000000e-02 
-1.33000000e+00 -1.33000000e+00 -1.33000000e+00 -8.45117801e-07 -1.33000000e+00  1.00000000e-02 
-1.34000000e+00 -1.34000000e+00 -1.34000000e+00 -8.61831536e-07 -1.34000000e+00  1.00000000e-02 
-1.35000000e+00 -1.35000000e+00 -1.35000000e+00 -8.78002201e-07 -1.35000000e+00  1.00000000e-02 
-1.36000000e+00 -1.36000000e+00 -1.36000000e+00 -8.93649954e-07 -1.36000000e+00  1.00000000e-02 
-1.37000000e+00 -1.37000000e+00 -1.37000000e+00 -9.08794696e-07 -1.37000000e+00  1.00000000e-02 
-1.38000000e+00 -1.38000000e+00 -1.38000000e+00 -9.23455907e-07 -1.38000000e+00  1.00000000e-02 
-1.39000000e+00 -1.39000000e+00 -1.39000000e+00 -9.37652535e-07 -1.39000000e+00  1.00000000e-02 
-1.40000000e+00 -1.40000000e+00 -1.40000000e+00 -9.51402908e-07 -1.40000000e+00  1.00000000e-02 
-1.41000000e+00 -1.41000000e+00 -1.41000000e+00 -9.64724679e-07 -1.41000000e+00  1.00000000e-02 
-1.42000000e+00 -1.42000000e+00 -1.42000000e+00 -9.77634787e-07 -1.42000000e+00  1.00000000e-02 
-1.43000000e+00 -1.43000000e+00 -1.43000000e+00 -9.90149445e-07 -1.43000000e+00  1.00000000e-02 
-1.44000000e+00 -1.44000000e+00 -1.44000000e+00 -1.00228413e-06 -1.44000000e+00  1.00000000e-02 
-1.45000000e+00 -1.45000000e+00 -1.45000000e+00 -1.01405357e-06 -1.45000000e+00  1.00000000e-02 
-1.46000000e+00 -1.46000000e+00 -1.46000000e+00 -1.02547182e-06 -1.46000000e+00  1.00000000e-02 
-1.47000000e+00 -1.47000000e+00 -1.47000000e+00 -1.03655220e-06 -1.47000000e+00  1.00000000e-02 
-1.48000000e+00 -1.48000000e+00 -1.48000000e+00 -1.04730737e-06 -1.48000000e+00  1.00000000e-02 
-1.49000000e+00 -1.49000000e+00 -1.49000000e+00 -1.05774935e-06 -1.49000000e+00  1.00000000e-02 
-1.50000000e+00 -1.50000000e+00 -1.50000000e+00 -1.06788954e-06 -1.50000000e+00  1.00000000e-02 
-1.51000000e+00 -1.51000000e+00 -1.51000000e+00 -1.07773877e-06 -1.51000000e+00  1.00000000e-02 
-1.52000000e+00 -1.52000000e+00 -1.52000000e+00 -1.08730729e-06 -1.52000000e+00  1.00000000e-02 
-1.53000000e+00 -1.53000000e+00 -1.53000000e+00 -1.09660485e-06 -1.53000000e+00  1.00000000e-02 
-1.54000000e+00 -1.54000000e+00 -1.54000000e+00 -1.10564069e-06 -1.54000000e+00  1.00000000e-02 
-1.55000000e+00 -1.55000000e+00 -1.55000000e+00 -1.11442360e-06 -1.55000000e+00  1.00000000e-02 
-1.56000000e+00 -1.56000000e+00 -1.56000000e+00 -1.12296192e-06 -1.56000000e+00  1.00000000e-02 
-1.57000000e+00 -1.57000000e+00 -1.57000000e+00 -1.13126360e-06 -1.57000000e+00  1.00000000e-02 
-1.58000000e+00 -1.58000000e+00 -1.58000000e+00 -1.13933617e-06 -1.58000000e+00  1.00000000e-02 
-1.59000000e+00 -1.59000000e+00 -1.59000000e+00 -1.14718683e-06 -1.59000000e+00  1.00000000e-02 
-1.60000000e+00 -1.60000000e+00 -1.60000000e+00 -1.15482244e-06 -1.60000000e+00  1.00000000e-02 
-1.61000000e+00 -1.61000000e+00 -1.61000000e+00 -1.16224952e-06 -1.61000000e+00  1.00000000e-02 
-1.62000000e+00 -1.62000000e+00 -1.62000000e+00 -1.16947433e-06 -1.62000000e+00  1.00000000e-02 
-1.63000000e+00 -1.63000000e+00 -1.63000000e+00 -1.17650282e-06 -1.63000000e+00  1.00000000e-02 
-1.64000000e+00 -1.64000000e+00 -1.64000000e+00 -1.18334070e-06 -1.64000000e+00  1.00000000e-02 
-1.65000000e+00 -1.65000000e+00 -1.65000000e+00 -1.18999342e-06 -1.65000000e+00  1.00000000e-02 
-1.66000000e+00 -1.66000000e+00 -1.66000000e+00 -1.19646621e-06 -1.66000000e+00  1.00000000e-02 
-1.67000000e+00 -1.67000000e+00 -1.67000000e+00 -1.20276409e-06 -1.67000000e+00  1.00000000e-02 
-1.68000000e+00 -1.68000000e+00 -1.68000000e+00 -1.20889186e-06 -1.68000000e+00  1.00000000e-02 
-1.69000000e+00 -1.69000000e+00 -1.69000000e+00 -1.21485415e-06 -1.69000000e+00  1.00000000e-02 
-1.70000000e+00 -1.70000000e+00 -1.70000000e+00 -1.22065539e-06 -1.70000000e+00  1.00000000e-02 
-1.71000000e+00 -1.71000000e+00 -1.71000000e+00 -1.22629987e-06 -1.71000000e+00  1.00000000e-02 
-1.72000000e+00 -1.72000000e+00 -1.72000000e+00 -1.23179169e-06 -1.72000000e+00  1.00000000e-02 
-1.73000000e+00 -1.73000000e+00 -1.73000000e+00 -1.23713482e-06 -1.73000000e+00  1.00000000e-02 
-1.74000000e+00 -1.74000000e+00 -1.74000000e+00 -1.24233308e-06 -1.74000000e+00  1.00000000e-02 
-1.75000000e+00 -1.75000000e+00 -1.75000000e+00 -1.24739016e-06 -1.75000000e+00  1.00000000e-02 
-1.76000000e+00 -1.76000000e+00 -1.76000000e+00 -1.25230962e-06 -1.76000000e+00  1.00000000e-02 
-1.77000000e+00 -1.77000000e+00 -1.77000000e+00 -1.25709490e-06 -1.77000000e+00  1.00000000e-02 
-1.78000000e+00 -1.78000000e+00 -1.78000000e+00 -1.26174932e-06 -1.78000000e+00  1.00000000e-02 
-1.79000000e+00 -1.79000000e+00 -1.79000000e+00 -1.26627611e-06 -1.79000000e+00  1.00000000e-02 
-1.80000000e+00 -1.80000000e+00 -1.80000000e+00 -1.27067838e-06 -1.80000000e+00  1.00000000e-02 
-1.81000000e+00 -1.81000000e+00 -1.81000000e+00 -1.27495914e-06 -1.81000000e+00  1.00000000e-02 
-1.82000000e+00 -1.82000000e+00 -1.82000000e+00 -1.27912132e-06 -1.82000000e+00  1.00000000e-02 
-1.83000000e+00 -1.83000000e+00 -1.83000000e+00 -1.28316775e-06 -1.83000000e+00  1.00000000e-02 
-1.84000000e+00 -1.84000000e+00 -1.84000000e+00 -1.28710118e-06 -1.84000000e+00  1.00000000e-02 
-1.85000000e+00 -1.85000000e+00 -1.85000000e+00 -1.29092426e-06 -1.85000000e+00  1.00000000e-02 
