 0.00000000e+00  1.11000000e+00  0.00000000e+00  0.00000000e+00  0.00000000e+00  0.00000000e+00 
 1.00000000e-02  1.11000000e+00  1.00000000e-02  1.21285484e-06  1.00000000e-02  1.00000000e-02 
 2.00000000e-02  1.11000000e+00  2.00000000e-02  2.38406858e-06  2.00000000e-02  2.00000000e-02 
 3.00000000e-02  1.11000000e+00  3.00000000e-02  3.51372339e-06  3.00000000e-02  3.00000000e-02 
 4.00000000e-02  1.11000000e+00  4.00000000e-02  4.60254473e-06  4.00000000e-02  4.00000000e-02 
 5.00000000e-02  1.11000000e+00  5.00000000e-02  5.65138734e-06  5.00000000e-02  5.00000000e-02 
 6.00000000e-02  1.11000000e+00  6.00000000e-02  6.66116213e-06  6.00000000e-02  6.00000000e-02 
 7.00000000e-02  1.11000000e+00  7.00000000e-02  7.63281257e-06  7.00000000e-02  7.00000000e-02 
 8.00000000e-02  1.11000000e+00  8.00000000e-02  8.56730409e-06  8.00000000e-02  8.00000000e-02 
 9.00000000e-02  1.11000000e+00  9.00000000e-02  9.46561818e-06  9.00000000e-02  9.00000000e-02 
 1.00000000e-01  1.11000000e+00  1.00000000e-01  1.03287484e-05  1.00000000e-01  1.00000000e-01 
 1.10000000e-01  1.11000000e+00  1.10000000e-01  1.11576974e-05  1.10000000e-01  1.10000000e-01 
 1.20000000e-01  1.11000000e+00  1.20000000e-01  1.19534741e-05  1.20000000e-01  1.20000000e-01 
 1.30000000e-01  1.11000000e+00  1.30000000e-01  1.27170913e-05  1.30000000e-01  1.30000000e-01 
 1.40000000e-01  1.11000000e+00  1.40000000e-01  1.34495638e-05  1.40000000e-01  1.40000000e-01 
 1.50000000e-01  1.11000000e+00  1.50000000e-01  1.41519053e-05  1.50000000e-01  1.50000000e-01 
 1.60000000e-01  1.11000000e+00  1.60000000e-01  1.48251267e-05  1.60000000e-01  1.60000000e-01 
 1.70000000e-01  1.11000000e+00  1.70000000e-01  1.54702340e-05  1.70000000e-01  1.70000000e-01 
 1.80000000e-01  1.11000000e+00  1.80000000e-01  1.60882254e-05  1.80000000e-01  1.80000000e-01 
 1.90000000e-01  1.11000000e+00  1.90000000e-01  1.66800900e-05  1.90000000e-01  1.90000000e-01 
 2.00000000e-01  1.11000000e+00  2.00000000e-01  1.72468050e-05  2.00000000e-01  2.00000000e-01 
 2.10000000e-01  1.11000000e+00  2.10000000e-01  1.77893340e-05  2.10000000e-01  2.10000000e-01 
 2.20000000e-01  1.11000000e+00  2.20000000e-01  1.83086251e-05  2.20000000e-01  2.20000000e-01 
 2.30000000e-01  1.11000000e+00  2.30000000e-01  1.88056091e-05  2.30000000e-01  2.30000000e-01 
 2.40000000e-01  1.11000000e+00  2.40000000e-01  1.92811978e-05  2.40000000e-01  2.40000000e-01 
 2.50000000e-01  1.11000000e+00  2.50000000e-01  1.97362824e-05  2.50000000e-01  2.50000000e-01 
 2.60000000e-01  1.11000000e+00  2.60000000e-01  2.01717324e-05  2.60000000e-01  2.60000000e-01 
 2.70000000e-01  1.11000000e+00  2.70000000e-01  2.05883941e-05  2.70000000e-01  2.70000000e-01 
 2.80000000e-01  1.11000000e+00  2.80000000e-01  2.09870900e-05  2.80000000e-01  2.80000000e-01 
 2.90000000e-01  1.11000000e+00  2.90000000e-01  2.13686176e-05  2.90000000e-01  2.90000000e-01 
 3.00000000e-01  1.11000000e+00  3.00000000e-01  2.17337488e-05  3.00000000e-01  3.00000000e-01 
 3.10000000e-01  1.11000000e+00  3.10000000e-01  2.20832298e-05  3.10000000e-01  3.10000000e-01 
 3.20000000e-01  1.11000000e+00  3.20000000e-01  2.24177802e-05  3.20000000e-01  3.20000000e-01 
 3.30000000e-01  1.11000000e+00  3.30000000e-01  2.27380932e-05  3.30000000e-01  3.30000000e-01 
 3.40000000e-01  1.11000000e+00  3.40000000e-01  2.30448354e-05  3.40000000e-01  3.40000000e-01 
 3.50000000e-01  1.11000000e+00  3.50000000e-01  2.33386470e-05  3.50000000e-01  3.50000000e-01 
 3.60000000e-01  1.11000000e+00  3.60000000e-01  2.36201421e-05  3.60000000e-01  3.60000000e-01 
 3.70000000e-01  1.11000000e+00  3.70000000e-01  2.38899087e-05  3.70000000e-01  3.70000000e-01 
 3.80000000e-01  1.11000000e+00  3.80000000e-01  2.41485096e-05  3.80000000e-01  3.80000000e-01 
 3.90000000e-01  1.11000000e+00  3.90000000e-01  2.43964826e-05  3.90000000e-01  3.90000000e-01 
 4.00000000e-01  1.11000000e+00  4.00000000e-01  2.46343410e-05  4.00000000e-01  4.00000000e-01 
 4.10000000e-01  1.11000000e+00  4.10000000e-01  2.48625745e-05  4.10000000e-01  4.10000000e-01 
 4.20000000e-01  1.11000000e+00  4.20000000e-01  2.50816499e-05  4.20000000e-01  4.20000000e-01 
 4.30000000e-01  1.11000000e+00  4.30000000e-01  2.52920117e-05  4.30000000e-01  4.30000000e-01 
 4.40000000e-01  1.11000000e+00  4.40000000e-01  2.54940827e-05  4.40000000e-01  4.40000000e-01 
 4.50000000e-01  1.11000000e+00  4.50000000e-01  2.56882652e-05  4.50000000e-01  4.50000000e-01 
 4.60000000e-01  1.11000000e+00  4.60000000e-01  2.58749414e-05  4.60000000e-01  4.60000000e-01 
 4.70000000e-01  1.11000000e+00  4.70000000e-01  2.60544746e-05  4.70000000e-01  4.70000000e-01 
 4.80000000e-01  1.11000000e+00  4.80000000e-01  2.62272095e-05  4.80000000e-01  4.80000000e-01 
 4.90000000e-01  1.11000000e+00  4.90000000e-01  2.63934736e-05  4.90000000e-01  4.90000000e-01 
 5.00000000e-01  1.11000000e+00  5.00000000e-01  2.65535774e-05  5.00000000e-01  5.00000000e-01 
 5.10000000e-01  1.11000000e+00  5.10000000e-01  2.67078155e-05  5.10000000e-01  5.10000000e-01 
 5.20000000e-01  1.11000000e+00  5.20000000e-01  2.68564674e-05  5.20000000e-01  5.20000000e-01 
 5.30000000e-01  1.11000000e+00  5.30000000e-01  2.69997979e-05  5.30000000e-01  5.30000000e-01 
 5.40000000e-01  1.11000000e+00  5.40000000e-01  2.71380583e-05  5.40000000e-01  5.40000000e-01 
 5.50000000e-01  1.11000000e+00  5.50000000e-01  2.72714867e-05  5.50000000e-01  5.50000000e-01 
 5.60000000e-01  1.11000000e+00  5.60000000e-01  2.74003088e-05  5.60000000e-01  5.60000000e-01 
 5.70000000e-01  1.11000000e+00  5.70000000e-01  2.75247385e-05  5.70000000e-01  5.70000000e-01 
 5.80000000e-01  1.11000000e+00  5.80000000e-01  2.76449786e-05  5.80000000e-01  5.80000000e-01 
 5.90000000e-01  1.11000000e+00  5.90000000e-01  2.77612214e-05  5.90000000e-01  5.90000000e-01 
 6.00000000e-01  1.11000000e+00  6.00000000e-01  2.78736489e-05  6.00000000e-01  6.00000000e-01 
 6.10000000e-01  1.11000000e+00  6.10000000e-01  2.79824341e-05  6.10000000e-01  6.10000000e-01 
 6.20000000e-01  1.11000000e+00  6.20000000e-01  2.80877407e-05  6.20000000e-01  6.20000000e-01 
 6.30000000e-01  1.11000000e+00  6.30000000e-01  2.81897241e-05  6.30000000e-01  6.30000000e-01 
 6.40000000e-01  1.11000000e+00  6.40000000e-01  2.82885314e-05  6.40000000e-01  6.40000000e-01 
 6.50000000e-01  1.11000000e+00  6.50000000e-01  2.83843026e-05  6.50000000e-01  6.50000000e-01 
 6.60000000e-01  1.11000000e+00  6.60000000e-01  2.84771701e-05  6.60000000e-01  6.60000000e-01 
 6.70000000e-01  1.11000000e+00  6.70000000e-01  2.85672599e-05  6.70000000e-01  6.70000000e-01 
 6.80000000e-01  1.11000000e+00  6.80000000e-01  2.86546913e-05  6.80000000e-01  6.80000000e-01 
 6.90000000e-01  1.11000000e+00  6.90000000e-01  2.87395777e-05  6.90000000e-01  6.90000000e-01 
 7.00000000e-01  1.11000000e+00  7.00000000e-01  2.88220268e-05  7.00000000e-01  7.00000000e-01 
 7.10000000e-01  1.11000000e+00  7.10000000e-01  2.89021410e-05  7.10000000e-01  7.10000000e-01 
 7.20000000e-01  1.11000000e+00  7.20000000e-01  2.89800174e-05  7.20000000e-01  7.20000000e-01 
 7.30000000e-01  1.11000000e+00  7.30000000e-01  2.90557484e-05  7.30000000e-01  7.30000000e-01 
 7.40000000e-01  1.11000000e+00  7.40000000e-01  2.91294218e-05  7.40000000e-01  7.40000000e-01 
 7.50000000e-01  1.11000000e+00  7.50000000e-01  2.92011211e-05  7.50000000e-01  7.50000000e-01 
 7.60000000e-01  1.11000000e+00  7.60000000e-01  2.92709259e-05  7.60000000e-01  7.60000000e-01 
 7.70000000e-01  1.11000000e+00  7.70000000e-01  2.93389116e-05  7.70000000e-01  7.70000000e-01 
 7.80000000e-01  1.11000000e+00  7.80000000e-01  2.94051504e-05  7.80000000e-01  7.80000000e-01 
 7.90000000e-01  1.11000000e+00  7.90000000e-01  2.94697107e-05  7.90000000e-01  7.90000000e-01 
 8.00000000e-01  1.11000000e+00  8.00000000e-01  2.95326577e-05  8.00000000e-01  8.00000000e-01 
 8.10000000e-01  1.11000000e+00  8.10000000e-01  2.95940538e-05  8.10000000e-01  8.10000000e-01 
 8.20000000e-01  1.11000000e+00  8.20000000e-01  2.96539581e-05  8.20000000e-01  8.20000000e-01 
 8.30000000e-01  1.11000000e+00  8.30000000e-01  2.97124273e-05  8.30000000e-01  8.30000000e-01 
 8.40000000e-01  1.11000000e+00  8.40000000e-01  2.97695151e-05  8.40000000e-01  8.40000000e-01 
 8.50000000e-01  1.11000000e+00  8.50000000e-01  2.98252731e-05  8.50000000e-01  8.50000000e-01 
 8.60000000e-01  1.11000000e+00  8.60000000e-01  2.98797503e-05  8.60000000e-01  8.60000000e-01 
 8.70000000e-01  1.11000000e+00  8.70000000e-01  2.99329935e-05  8.70000000e-01  8.70000000e-01 
 8.80000000e-01  1.11000000e+00  8.80000000e-01  2.99850476e-05  8.80000000e-01  8.80000000e-01 
 8.90000000e-01  1.11000000e+00  8.90000000e-01  3.00359553e-05  8.90000000e-01  8.90000000e-01 
 9.00000000e-01  1.11000000e+00  9.00000000e-01  3.00857575e-05  9.00000000e-01  9.00000000e-01 
 9.10000000e-01  1.11000000e+00  9.10000000e-01  3.01344932e-05  9.10000000e-01  9.10000000e-01 
 9.20000000e-01  1.11000000e+00  9.20000000e-01  3.01821997e-05  9.20000000e-01  9.20000000e-01 
 9.30000000e-01  1.11000000e+00  9.30000000e-01  3.02289128e-05  9.30000000e-01  9.30000000e-01 
 9.40000000e-01  1.11000000e+00  9.40000000e-01  3.02746668e-05  9.40000000e-01  9.40000000e-01 
 9.50000000e-01  1.11000000e+00  9.50000000e-01  3.03194943e-05  9.50000000e-01  9.50000000e-01 
 9.60000000e-01  1.11000000e+00  9.60000000e-01  3.03634267e-05  9.60000000e-01  9.60000000e-01 
 9.70000000e-01  1.11000000e+00  9.70000000e-01  3.04064939e-05  9.70000000e-01  9.70000000e-01 
 9.80000000e-01  1.11000000e+00  9.80000000e-01  3.04487249e-05  9.80000000e-01  9.80000000e-01 
 9.90000000e-01  1.11000000e+00  9.90000000e-01  3.04901472e-05  9.90000000e-01  9.90000000e-01 
 1.00000000e+00  1.11000000e+00  1.00000000e+00  3.05307871e-05  1.00000000e+00  1.00000000e+00 
 1.01000000e+00  1.11000000e+00  1.01000000e+00  3.05706702e-05  1.01000000e+00  1.01000000e+00 
 1.02000000e+00  1.11000000e+00  1.02000000e+00  3.06098206e-05  1.02000000e+00  1.02000000e+00 
 1.03000000e+00  1.11000000e+00  1.03000000e+00  3.06482618e-05  1.03000000e+00  1.03000000e+00 
 1.04000000e+00  1.11000000e+00  1.04000000e+00  3.06860161e-05  1.04000000e+00  1.04000000e+00 
 1.05000000e+00  1.11000000e+00  1.05000000e+00  3.07231051e-05  1.05000000e+00  1.05000000e+00 
 1.06000000e+00  1.11000000e+00  1.06000000e+00  3.07595495e-05  1.06000000e+00  1.06000000e+00 
 1.07000000e+00  1.11000000e+00  1.07000000e+00  3.07953692e-05  1.07000000e+00  1.07000000e+00 
 1.08000000e+00  1.11000000e+00  1.08000000e+00  3.08305832e-05  1.08000000e+00  1.08000000e+00 
 1.09000000e+00  1.11000000e+00  1.09000000e+00  3.08652099e-05  1.09000000e+00  1.09000000e+00 
 1.10000000e+00  1.11000000e+00  1.10000000e+00  3.08992670e-05  1.10000000e+00  1.10000000e+00 
 1.11000000e+00  1.11000000e+00  1.11000000e+00  3.09327714e-05  1.11000000e+00  1.11000000e+00 
 1.12000000e+00  1.11000000e+00  1.12000000e+00  3.09657395e-05  1.12000000e+00  1.12000000e+00 
 1.13000000e+00  1.11000000e+00  1.13000000e+00  3.09981871e-05  1.13000000e+00  1.13000000e+00 
 1.14000000e+00  1.11000000e+00  1.14000000e+00  3.10301293e-05  1.14000000e+00  1.14000000e+00 
 1.15000000e+00  1.11000000e+00  1.15000000e+00  3.10615807e-05  1.15000000e+00  1.15000000e+00 
 1.16000000e+00  1.11000000e+00  1.16000000e+00  3.10925553e-05  1.16000000e+00  1.16000000e+00 
 1.17000000e+00  1.11000000e+00  1.17000000e+00  3.11230668e-05  1.17000000e+00  1.17000000e+00 
 1.18000000e+00  1.11000000e+00  1.18000000e+00  3.11531281e-05  1.18000000e+00  1.18000000e+00 
 1.19000000e+00  1.11000000e+00  1.19000000e+00  3.11827518e-05  1.19000000e+00  1.19000000e+00 
 1.20000000e+00  1.11000000e+00  1.20000000e+00  3.12119502e-05  1.20000000e+00  1.20000000e+00 
 1.21000000e+00  1.11000000e+00  1.21000000e+00  3.12407349e-05  1.21000000e+00  1.21000000e+00 
 1.22000000e+00  1.11000000e+00  1.22000000e+00  3.12691172e-05  1.22000000e+00  1.22000000e+00 
 1.23000000e+00  1.11000000e+00  1.23000000e+00  3.12971081e-05  1.23000000e+00  1.23000000e+00 
 1.24000000e+00  1.11000000e+00  1.24000000e+00  3.13247180e-05  1.24000000e+00  1.24000000e+00 
 1.25000000e+00  1.11000000e+00  1.25000000e+00  3.13519571e-05  1.25000000e+00  1.25000000e+00 
 1.26000000e+00  1.11000000e+00  1.26000000e+00  3.13788354e-05  1.26000000e+00  1.26000000e+00 
 1.27000000e+00  1.11000000e+00  1.27000000e+00  3.14053622e-05  1.27000000e+00  1.27000000e+00 
 1.28000000e+00  1.11000000e+00  1.28000000e+00  3.14315467e-05  1.28000000e+00  1.28000000e+00 
 1.29000000e+00  1.11000000e+00  1.29000000e+00  3.14573978e-05  1.29000000e+00  1.29000000e+00 
 1.30000000e+00  1.11000000e+00  1.30000000e+00  3.14829241e-05  1.30000000e+00  1.30000000e+00 
 1.31000000e+00  1.11000000e+00  1.31000000e+00  3.15081339e-05  1.31000000e+00  1.31000000e+00 
 1.32000000e+00  1.11000000e+00  1.32000000e+00  3.15330352e-05  1.32000000e+00  1.32000000e+00 
 1.33000000e+00  1.11000000e+00  1.33000000e+00  3.15576357e-05  1.33000000e+00  1.33000000e+00 
 1.34000000e+00  1.11000000e+00  1.34000000e+00  3.15819430e-05  1.34000000e+00  1.34000000e+00 
 1.35000000e+00  1.11000000e+00  1.35000000e+00  3.16059643e-05  1.35000000e+00  1.35000000e+00 
 1.36000000e+00  1.11000000e+00  1.36000000e+00  3.16297067e-05  1.36000000e+00  1.36000000e+00 
 1.37000000e+00  1.11000000e+00  1.37000000e+00  3.16531770e-05  1.37000000e+00  1.37000000e+00 
 1.38000000e+00  1.11000000e+00  1.38000000e+00  3.16763818e-05  1.38000000e+00  1.38000000e+00 
 1.39000000e+00  1.11000000e+00  1.39000000e+00  3.16993274e-05  1.39000000e+00  1.39000000e+00 
 1.40000000e+00  1.11000000e+00  1.40000000e+00  3.17220201e-05  1.40000000e+00  1.40000000e+00 
 1.41000000e+00  1.11000000e+00  1.41000000e+00  3.17444660e-05  1.41000000e+00  1.41000000e+00 
 1.42000000e+00  1.11000000e+00  1.42000000e+00  3.17666707e-05  1.42000000e+00  1.42000000e+00 
 1.43000000e+00  1.11000000e+00  1.43000000e+00  3.17886400e-05  1.43000000e+00  1.43000000e+00 
 1.44000000e+00  1.11000000e+00  1.44000000e+00  3.18103793e-05  1.44000000e+00  1.44000000e+00 
 1.45000000e+00  1.11000000e+00  1.45000000e+00  3.18318940e-05  1.45000000e+00  1.45000000e+00 
 1.46000000e+00  1.11000000e+00  1.46000000e+00  3.18531892e-05  1.46000000e+00  1.46000000e+00 
 1.47000000e+00  1.11000000e+00  1.47000000e+00  3.18742699e-05  1.47000000e+00  1.47000000e+00 
 1.48000000e+00  1.11000000e+00  1.48000000e+00  3.18951410e-05  1.48000000e+00  1.48000000e+00 
 1.49000000e+00  1.11000000e+00  1.49000000e+00  3.19158071e-05  1.49000000e+00  1.49000000e+00 
 1.50000000e+00  1.11000000e+00  1.50000000e+00  3.19362729e-05  1.50000000e+00  1.50000000e+00 
 1.51000000e+00  1.11000000e+00  1.51000000e+00  3.19565428e-05  1.51000000e+00  1.51000000e+00 
 1.52000000e+00  1.11000000e+00  1.52000000e+00  3.19766211e-05  1.52000000e+00  1.52000000e+00 
 1.53000000e+00  1.11000000e+00  1.53000000e+00  3.19965120e-05  1.53000000e+00  1.53000000e+00 
 1.54000000e+00  1.11000000e+00  1.54000000e+00  3.20162196e-05  1.54000000e+00  1.54000000e+00 
 1.55000000e+00  1.11000000e+00  1.55000000e+00  3.20357478e-05  1.55000000e+00  1.55000000e+00 
 1.56000000e+00  1.11000000e+00  1.56000000e+00  3.20551005e-05  1.56000000e+00  1.56000000e+00 
 1.57000000e+00  1.11000000e+00  1.57000000e+00  3.20742815e-05  1.57000000e+00  1.57000000e+00 
 1.58000000e+00  1.11000000e+00  1.58000000e+00  3.20932943e-05  1.58000000e+00  1.58000000e+00 
 1.59000000e+00  1.11000000e+00  1.59000000e+00  3.21121426e-05  1.59000000e+00  1.59000000e+00 
 1.60000000e+00  1.11000000e+00  1.60000000e+00  3.21308297e-05  1.60000000e+00  1.60000000e+00 
 1.61000000e+00  1.11000000e+00  1.61000000e+00  3.21493590e-05  1.61000000e+00  1.61000000e+00 
 1.62000000e+00  1.11000000e+00  1.62000000e+00  3.21677337e-05  1.62000000e+00  1.62000000e+00 
 1.63000000e+00  1.11000000e+00  1.63000000e+00  3.21859572e-05  1.63000000e+00  1.63000000e+00 
 1.64000000e+00  1.11000000e+00  1.64000000e+00  3.22040323e-05  1.64000000e+00  1.64000000e+00 
 1.65000000e+00  1.11000000e+00  1.65000000e+00  3.22219622e-05  1.65000000e+00  1.65000000e+00 
 1.66000000e+00  1.11000000e+00  1.66000000e+00  3.22397497e-05  1.66000000e+00  1.66000000e+00 
 1.67000000e+00  1.11000000e+00  1.67000000e+00  3.22573978e-05  1.67000000e+00  1.67000000e+00 
 1.68000000e+00  1.11000000e+00  1.68000000e+00  3.22749091e-05  1.68000000e+00  1.68000000e+00 
 1.69000000e+00  1.11000000e+00  1.69000000e+00  3.22922864e-05  1.69000000e+00  1.69000000e+00 
 1.70000000e+00  1.11000000e+00  1.70000000e+00  3.23095324e-05  1.70000000e+00  1.70000000e+00 
 1.71000000e+00  1.11000000e+00  1.71000000e+00  3.23266496e-05  1.71000000e+00  1.71000000e+00 
 1.72000000e+00  1.11000000e+00  1.72000000e+00  3.23436404e-05  1.72000000e+00  1.72000000e+00 
 1.73000000e+00  1.11000000e+00  1.73000000e+00  3.23605074e-05  1.73000000e+00  1.73000000e+00 
 1.74000000e+00  1.11000000e+00  1.74000000e+00  3.23772529e-05  1.74000000e+00  1.74000000e+00 
 1.75000000e+00  1.11000000e+00  1.75000000e+00  3.23938793e-05  1.75000000e+00  1.75000000e+00 
 1.76000000e+00  1.11000000e+00  1.76000000e+00  3.24103887e-05  1.76000000e+00  1.76000000e+00 
 1.77000000e+00  1.11000000e+00  1.77000000e+00  3.24267834e-05  1.77000000e+00  1.77000000e+00 
 1.78000000e+00  1.11000000e+00  1.78000000e+00  3.24430656e-05  1.78000000e+00  1.78000000e+00 
 1.79000000e+00  1.11000000e+00  1.79000000e+00  3.24592374e-05  1.79000000e+00  1.79000000e+00 
 1.80000000e+00  1.11000000e+00  1.80000000e+00  3.24753007e-05  1.80000000e+00  1.80000000e+00 
 1.81000000e+00  1.11000000e+00  1.81000000e+00  3.24912577e-05  1.81000000e+00  1.81000000e+00 
 1.82000000e+00  1.11000000e+00  1.82000000e+00  3.25071102e-05  1.82000000e+00  1.82000000e+00 
 1.83000000e+00  1.11000000e+00  1.83000000e+00  3.25228601e-05  1.83000000e+00  1.83000000e+00 
 1.84000000e+00  1.11000000e+00  1.84000000e+00  3.25385094e-05  1.84000000e+00  1.84000000e+00 
 1.85000000e+00  1.11000000e+00  1.85000000e+00  3.25540598e-05  1.85000000e+00  1.85000000e+00 
