 0.00000000e+00  1.85000000e+00  0.00000000e+00 -5.09005496e-38  0.00000000e+00  3.70000000e-01 
-1.00000000e-02  1.84000000e+00 -1.00000000e-02 -5.09005496e-38 -1.00000000e-02  3.70000000e-01 
-2.00000000e-02  1.83000000e+00 -2.00000000e-02 -5.09005496e-38 -2.00000000e-02  3.70000000e-01 
-3.00000000e-02  1.82000000e+00 -3.00000000e-02 -5.09005496e-38 -3.00000000e-02  3.70000000e-01 
-4.00000000e-02  1.81000000e+00 -4.00000000e-02 -5.09005496e-38 -4.00000000e-02  3.70000000e-01 
-5.00000000e-02  1.80000000e+00 -5.00000000e-02 -5.09005496e-38 -5.00000000e-02  3.70000000e-01 
-6.00000000e-02  1.79000000e+00 -6.00000000e-02 -5.09005496e-38 -6.00000000e-02  3.70000000e-01 
-7.00000000e-02  1.78000000e+00 -7.00000000e-02 -5.09005496e-38 -7.00000000e-02  3.70000000e-01 
-8.00000000e-02  1.77000000e+00 -8.00000000e-02 -5.09005496e-38 -8.00000000e-02  3.70000000e-01 
-9.00000000e-02  1.76000000e+00 -9.00000000e-02 -5.09005496e-38 -9.00000000e-02  3.70000000e-01 
-1.00000000e-01  1.75000000e+00 -1.00000000e-01 -5.09005496e-38 -1.00000000e-01  3.70000000e-01 
-1.10000000e-01  1.74000000e+00 -1.10000000e-01 -5.09005496e-38 -1.10000000e-01  3.70000000e-01 
-1.20000000e-01  1.73000000e+00 -1.20000000e-01 -5.09005496e-38 -1.20000000e-01  3.70000000e-01 
-1.30000000e-01  1.72000000e+00 -1.30000000e-01 -5.09005496e-38 -1.30000000e-01  3.70000000e-01 
-1.40000000e-01  1.71000000e+00 -1.40000000e-01 -6.46303291e-38 -1.40000000e-01  3.70000000e-01 
-1.50000000e-01  1.70000000e+00 -1.50000000e-01 -1.11693846e-37 -1.50000000e-01  3.70000000e-01 
-1.60000000e-01  1.69000000e+00 -1.60000000e-01 -1.93028805e-37 -1.60000000e-01  3.70000000e-01 
-1.70000000e-01  1.68000000e+00 -1.70000000e-01 -3.33591519e-37 -1.70000000e-01  3.70000000e-01 
-1.80000000e-01  1.67000000e+00 -1.80000000e-01 -5.76511373e-37 -1.80000000e-01  3.70000000e-01 
-1.90000000e-01  1.66000000e+00 -1.90000000e-01 -9.96324378e-37 -1.90000000e-01  3.70000000e-01 
-2.00000000e-01  1.65000000e+00 -2.00000000e-01 -1.72184334e-36 -2.00000000e-01  3.70000000e-01 
-2.10000000e-01  1.64000000e+00 -2.10000000e-01 -2.97568196e-36 -2.10000000e-01  3.70000000e-01 
-2.20000000e-01  1.63000000e+00 -2.20000000e-01 -5.14256027e-36 -2.20000000e-01  3.70000000e-01 
-2.30000000e-01  1.62000000e+00 -2.30000000e-01 -8.88734969e-36 -2.30000000e-01  3.70000000e-01 
-2.40000000e-01  1.61000000e+00 -2.40000000e-01 -1.53590780e-35 -2.40000000e-01  3.70000000e-01 
-2.50000000e-01  1.60000000e+00 -2.50000000e-01 -2.65434900e-35 -2.50000000e-01  3.70000000e-01 
-2.60000000e-01  1.59000000e+00 -2.60000000e-01 -4.58723408e-35 -2.60000000e-01  3.70000000e-01 
-2.70000000e-01  1.58000000e+00 -2.70000000e-01 -7.92763745e-35 -2.70000000e-01  3.70000000e-01 
-2.80000000e-01  1.57000000e+00 -2.80000000e-01 -1.37005076e-34 -2.80000000e-01  3.70000000e-01 
-2.90000000e-01  1.56000000e+00 -2.90000000e-01 -2.36771560e-34 -2.90000000e-01  3.70000000e-01 
-3.00000000e-01  1.55000000e+00 -3.00000000e-01 -4.09187553e-34 -3.00000000e-01  3.70000000e-01 
-3.10000000e-01  1.54000000e+00 -3.10000000e-01 -7.07156100e-34 -3.10000000e-01  3.70000000e-01 
-3.20000000e-01  1.53000000e+00 -3.20000000e-01 -1.22210401e-33 -3.20000000e-01  3.70000000e-01 
-3.30000000e-01  1.52000000e+00 -3.30000000e-01 -2.11203469e-33 -3.30000000e-01  3.70000000e-01 
-3.40000000e-01  1.51000000e+00 -3.40000000e-01 -3.65000892e-33 -3.40000000e-01  3.70000000e-01 
-3.50000000e-01  1.50000000e+00 -3.50000000e-01 -6.30792911e-33 -3.50000000e-01  3.70000000e-01 
-3.60000000e-01  1.49000000e+00 -3.60000000e-01 -1.09013349e-32 -3.60000000e-01  3.70000000e-01 
-3.70000000e-01  1.48000000e+00 -3.70000000e-01 -1.88396383e-32 -3.70000000e-01  3.70000000e-01 
-3.80000000e-01  1.47000000e+00 -3.80000000e-01 -3.25585787e-32 -3.80000000e-01  3.70000000e-01 
-3.90000000e-01  1.46000000e+00 -3.90000000e-01 -5.62675902e-32 -3.90000000e-01  3.70000000e-01 
-4.00000000e-01  1.45000000e+00 -4.00000000e-01 -9.72413980e-32 -4.00000000e-01  3.70000000e-01 
-4.10000000e-01  1.44000000e+00 -4.10000000e-01 -1.68052149e-31 -4.10000000e-01  3.70000000e-01 
-4.20000000e-01  1.43000000e+00 -4.20000000e-01 -2.90426974e-31 -4.20000000e-01  3.70000000e-01 
-4.30000000e-01  1.42000000e+00 -4.30000000e-01 -5.01914598e-31 -4.30000000e-01  3.70000000e-01 
-4.40000000e-01  1.41000000e+00 -4.40000000e-01 -8.67406565e-31 -4.40000000e-01  3.70000000e-01 
-4.50000000e-01  1.40000000e+00 -4.50000000e-01 -1.49904815e-30 -4.50000000e-01  3.70000000e-01 
-4.60000000e-01  1.39000000e+00 -4.60000000e-01 -2.59064831e-30 -4.60000000e-01  3.70000000e-01 
-4.70000000e-01  1.38000000e+00 -4.70000000e-01 -4.47714681e-30 -4.70000000e-01  3.70000000e-01 
-4.80000000e-01  1.37000000e+00 -4.80000000e-01 -7.73738507e-30 -4.80000000e-01  3.70000000e-01 
-4.90000000e-01  1.36000000e+00 -4.90000000e-01 -1.33717142e-29 -4.90000000e-01  3.70000000e-01 
-5.00000000e-01  1.35000000e+00 -5.00000000e-01 -2.31089363e-29 -5.00000000e-01  3.70000000e-01 
-5.10000000e-01  1.34000000e+00 -5.10000000e-01 -6.98893275e-29 -5.10000000e-01  3.70000000e-01 
-5.20000000e-01  1.33000000e+00 -5.20000000e-01 -2.07055533e-28 -5.20000000e-01  3.70000000e-01 
-5.30000000e-01  1.32000000e+00 -5.30000000e-01 -6.11296799e-28 -5.30000000e-01  3.70000000e-01 
-5.40000000e-01  1.31000000e+00 -5.40000000e-01 -1.82944416e-27 -5.40000000e-01  3.70000000e-01 
-5.50000000e-01  1.30000000e+00 -5.50000000e-01 -5.47719654e-27 -5.50000000e-01  3.70000000e-01 
-5.60000000e-01  1.29000000e+00 -5.60000000e-01 -1.63147830e-26 -5.60000000e-01  3.70000000e-01 
-5.70000000e-01  1.28000000e+00 -5.70000000e-01 -4.88094024e-26 -5.70000000e-01  3.70000000e-01 
-5.80000000e-01  1.27000000e+00 -5.80000000e-01 -1.45489876e-25 -5.80000000e-01  3.70000000e-01 
-5.90000000e-01  1.26000000e+00 -5.90000000e-01 -4.34944939e-25 -5.90000000e-01  3.70000000e-01 
-6.00000000e-01  1.25000000e+00 -6.00000000e-01 -1.29876786e-24 -6.00000000e-01  3.70000000e-01 
-6.10000000e-01  1.24000000e+00 -6.10000000e-01 -3.87924288e-24 -6.10000000e-01  3.70000000e-01 
-6.20000000e-01  1.23000000e+00 -6.20000000e-01 -1.15833477e-23 -6.20000000e-01  3.70000000e-01 
-6.30000000e-01  1.22000000e+00 -6.30000000e-01 -3.45971444e-23 -6.30000000e-01  3.70000000e-01 
-6.40000000e-01  1.21000000e+00 -6.40000000e-01 -1.03326788e-22 -6.40000000e-01  3.70000000e-01 
-6.50000000e-01  1.20000000e+00 -6.50000000e-01 -3.08580756e-22 -6.50000000e-01  3.70000000e-01 
-6.60000000e-01  1.19000000e+00 -6.60000000e-01 -9.21504540e-22 -6.60000000e-01  3.70000000e-01 
-6.70000000e-01  1.18000000e+00 -6.70000000e-01 -2.75169395e-21 -6.70000000e-01  3.70000000e-01 
-6.80000000e-01  1.17000000e+00 -6.80000000e-01 -8.21556987e-21 -6.80000000e-01  3.70000000e-01 
-6.90000000e-01  1.16000000e+00 -6.90000000e-01 -2.45227327e-20 -6.90000000e-01  3.70000000e-01 
-7.00000000e-01  1.15000000e+00 -7.00000000e-01 -7.31674262e-20 -7.00000000e-01  3.70000000e-01 
-7.10000000e-01  1.14000000e+00 -7.10000000e-01 -2.18148310e-19 -7.10000000e-01  3.70000000e-01 
-7.20000000e-01  1.13000000e+00 -7.20000000e-01 -6.49597057e-19 -7.20000000e-01  3.70000000e-01 
-7.30000000e-01  1.12000000e+00 -7.30000000e-01 -1.93021708e-18 -7.30000000e-01  3.70000000e-01 
-7.40000000e-01  1.11000000e+00 -7.40000000e-01 -5.71450246e-18 -7.40000000e-01  3.70000000e-01 
-7.50000000e-01  1.10000000e+00 -7.50000000e-01 -1.68133485e-17 -7.50000000e-01  3.70000000e-01 
-7.60000000e-01  1.09000000e+00 -7.60000000e-01 -4.89572887e-17 -7.60000000e-01  3.70000000e-01 
-7.70000000e-01  1.08000000e+00 -7.70000000e-01 -1.40149712e-16 -7.70000000e-01  3.70000000e-01 
-7.80000000e-01  1.07000000e+00 -7.80000000e-01 -3.90566036e-16 -7.80000000e-01  3.70000000e-01 
-7.90000000e-01  1.06000000e+00 -7.90000000e-01 -1.04556445e-15 -7.90000000e-01  3.70000000e-01 
-8.00000000e-01  1.05000000e+00 -8.00000000e-01 -2.64830733e-15 -8.00000000e-01  3.70000000e-01 
-8.10000000e-01  1.04000000e+00 -8.10000000e-01 -6.26472307e-15 -8.10000000e-01  3.70000000e-01 
-8.20000000e-01  1.03000000e+00 -8.20000000e-01 -1.37639490e-14 -8.20000000e-01  3.70000000e-01 
-8.30000000e-01  1.02000000e+00 -8.30000000e-01 -2.82163391e-14 -8.30000000e-01  3.70000000e-01 
-8.40000000e-01  1.01000000e+00 -8.40000000e-01 -5.46522591e-14 -8.40000000e-01  3.70000000e-01 
-8.50000000e-01  1.00000000e+00 -8.50000000e-01 -1.01545546e-13 -8.50000000e-01  3.70000000e-01 
-8.60000000e-01  9.90000000e-01 -8.60000000e-01 -1.83465664e-13 -8.60000000e-01  3.70000000e-01 
-8.70000000e-01  9.80000000e-01 -8.70000000e-01 -3.25626307e-13 -8.70000000e-01  3.70000000e-01 
-8.80000000e-01  9.70000000e-01 -8.80000000e-01 -5.71676638e-13 -8.80000000e-01  3.70000000e-01 
-8.90000000e-01  9.60000000e-01 -8.90000000e-01 -9.97122068e-13 -8.90000000e-01  3.70000000e-01 
-9.00000000e-01  9.50000000e-01 -9.00000000e-01 -1.73250302e-12 -9.00000000e-01  3.70000000e-01 
-9.10000000e-01  9.40000000e-01 -9.10000000e-01 -3.00345184e-12 -9.10000000e-01  3.70000000e-01 
-9.20000000e-01  9.30000000e-01 -9.20000000e-01 -5.19992195e-12 -9.20000000e-01  3.70000000e-01 
-9.30000000e-01  9.20000000e-01 -9.30000000e-01 -8.99582968e-12 -9.30000000e-01  3.70000000e-01 
-9.40000000e-01  9.10000000e-01 -9.40000000e-01 -1.55558116e-11 -9.40000000e-01  3.70000000e-01 
-9.50000000e-01  9.00000000e-01 -9.50000000e-01 -2.68925140e-11 -9.50000000e-01  3.70000000e-01 
-9.60000000e-01  8.90000000e-01 -9.60000000e-01 -4.64839788e-11 -9.60000000e-01  3.70000000e-01 
-9.70000000e-01  8.80000000e-01 -9.70000000e-01 -8.03403672e-11 -9.70000000e-01  3.70000000e-01 
-9.80000000e-01  8.70000000e-01 -9.80000000e-01 -1.38846769e-10 -9.80000000e-01  3.70000000e-01 
-9.90000000e-01  8.60000000e-01 -9.90000000e-01 -2.39945877e-10 -9.90000000e-01  3.70000000e-01 
-1.00000000e+00  8.50000000e-01 -1.00000000e+00 -4.14632152e-10 -1.00000000e+00  3.70000000e-01 
-1.01000000e+00  8.40000000e-01 -1.01000000e+00 -7.16428635e-10 -1.01000000e+00  3.70000000e-01 
-1.02000000e+00  8.30000000e-01 -1.02000000e+00 -1.23771058e-09 -1.02000000e+00  3.70000000e-01 
-1.03000000e+00  8.20000000e-01 -1.03000000e+00 -2.13775439e-09 -1.03000000e+00  3.70000000e-01 
-1.04000000e+00  8.10000000e-01 -1.04000000e+00 -3.69073015e-09 -1.04000000e+00  3.70000000e-01 
-1.05000000e+00  8.00000000e-01 -1.05000000e+00 -6.36720602e-09 -1.05000000e+00  3.70000000e-01 
-1.06000000e+00  7.90000000e-01 -1.06000000e+00 -1.09707290e-08 -1.06000000e+00  3.70000000e-01 
-1.07000000e+00  7.80000000e-01 -1.07000000e+00 -1.88611942e-08 -1.07000000e+00  3.70000000e-01 
-1.08000000e+00  7.70000000e-01 -1.08000000e+00 -3.23037705e-08 -1.08000000e+00  3.70000000e-01 
-1.09000000e+00  7.60000000e-01 -1.09000000e+00 -5.49664342e-08 -1.09000000e+00  3.70000000e-01 
-1.10000000e+00  7.50000000e-01 -1.10000000e+00 -9.24993815e-08 -1.10000000e+00  3.70000000e-01 
-1.11000000e+00  7.40000000e-01 -1.11000000e+00 -1.52888120e-07 -1.11000000e+00  3.70000000e-01 
-1.12000000e+00  7.30000000e-01 -1.12000000e+00 -2.45924928e-07 -1.12000000e+00  3.70000000e-01 
-1.13000000e+00  7.20000000e-01 -1.13000000e+00 -3.81201545e-07 -1.13000000e+00  3.70000000e-01 
-1.14000000e+00  7.10000000e-01 -1.14000000e+00 -5.65176825e-07 -1.14000000e+00  3.70000000e-01 
-1.15000000e+00  7.00000000e-01 -1.15000000e+00 -7.99251806e-07 -1.15000000e+00  3.70000000e-01 
-1.16000000e+00  6.90000000e-01 -1.16000000e+00 -1.08018884e-06 -1.16000000e+00  3.70000000e-01 
-1.17000000e+00  6.80000000e-01 -1.17000000e+00 -1.40211639e-06 -1.17000000e+00  3.70000000e-01 
-1.18000000e+00  6.70000000e-01 -1.18000000e+00 -1.75852320e-06 -1.18000000e+00  3.70000000e-01 
-1.19000000e+00  6.60000000e-01 -1.19000000e+00 -2.14343415e-06 -1.19000000e+00  3.70000000e-01 
-1.20000000e+00  6.50000000e-01 -1.20000000e+00 -2.55183032e-06 -1.20000000e+00  3.70000000e-01 
-1.21000000e+00  6.40000000e-01 -1.21000000e+00 -2.97964977e-06 -1.21000000e+00  3.70000000e-01 
-1.22000000e+00  6.30000000e-01 -1.22000000e+00 -3.42363132e-06 -1.22000000e+00  3.70000000e-01 
-1.23000000e+00  6.20000000e-01 -1.23000000e+00 -3.88113485e-06 -1.23000000e+00  3.70000000e-01 
-1.24000000e+00  6.10000000e-01 -1.24000000e+00 -4.34998758e-06 -1.24000000e+00  3.70000000e-01 
-1.25000000e+00  6.00000000e-01 -1.25000000e+00 -4.82836654e-06 -1.25000000e+00  3.70000000e-01 
-1.26000000e+00  5.90000000e-01 -1.26000000e+00 -5.31471293e-06 -1.26000000e+00  3.70000000e-01 
-1.27000000e+00  5.80000000e-01 -1.27000000e+00 -5.80767070e-06 -1.27000000e+00  3.70000000e-01 
-1.28000000e+00  5.70000000e-01 -1.28000000e+00 -6.30604258e-06 -1.28000000e+00  3.70000000e-01 
-1.29000000e+00  5.60000000e-01 -1.29000000e+00 -6.80875821e-06 -1.29000000e+00  3.70000000e-01 
-1.30000000e+00  5.50000000e-01 -1.30000000e+00 -7.31485053e-06 -1.30000000e+00  3.70000000e-01 
-1.31000000e+00  5.40000000e-01 -1.31000000e+00 -7.82343809e-06 -1.31000000e+00  3.70000000e-01 
-1.32000000e+00  5.30000000e-01 -1.32000000e+00 -8.33371134e-06 -1.32000000e+00  3.70000000e-01 
-1.33000000e+00  5.20000000e-01 -1.33000000e+00 -8.84492194e-06 -1.33000000e+00  3.70000000e-01 
-1.34000000e+00  5.10000000e-01 -1.34000000e+00 -9.35637420e-06 -1.34000000e+00  3.70000000e-01 
-1.35000000e+00  5.00000000e-01 -1.35000000e+00 -9.86741827e-06 -1.35000000e+00  3.70000000e-01 
-1.36000000e+00  4.90000000e-01 -1.36000000e+00 -1.03774445e-05 -1.36000000e+00  3.70000000e-01 
-1.37000000e+00  4.80000000e-01 -1.37000000e+00 -1.08858790e-05 -1.37000000e+00  3.70000000e-01 
-1.38000000e+00  4.70000000e-01 -1.38000000e+00 -1.13921800e-05 -1.38000000e+00  3.70000000e-01 
-1.39000000e+00  4.60000000e-01 -1.39000000e+00 -1.18958348e-05 -1.39000000e+00  3.70000000e-01 
-1.40000000e+00  4.50000000e-01 -1.40000000e+00 -1.23963577e-05 -1.40000000e+00  3.70000000e-01 
-1.41000000e+00  4.40000000e-01 -1.41000000e+00 -1.28932879e-05 -1.41000000e+00  3.70000000e-01 
-1.42000000e+00  4.30000000e-01 -1.42000000e+00 -1.33861883e-05 -1.42000000e+00  3.70000000e-01 
-1.43000000e+00  4.20000000e-01 -1.43000000e+00 -1.38746448e-05 -1.43000000e+00  3.70000000e-01 
-1.44000000e+00  4.10000000e-01 -1.44000000e+00 -1.43582651e-05 -1.44000000e+00  3.70000000e-01 
-1.45000000e+00  4.00000000e-01 -1.45000000e+00 -1.48366787e-05 -1.45000000e+00  3.70000000e-01 
-1.46000000e+00  3.90000000e-01 -1.46000000e+00 -1.53095369e-05 -1.46000000e+00  3.70000000e-01 
-1.47000000e+00  3.80000000e-01 -1.47000000e+00 -1.57765121e-05 -1.47000000e+00  3.70000000e-01 
-1.48000000e+00  3.70000000e-01 -1.48000000e+00 -1.62372989e-05 -1.48000000e+00  3.70000000e-01 
-1.49000000e+00  3.60000000e-01 -1.49000000e+00 -1.66916135e-05 -1.49000000e+00  3.70000000e-01 
-1.50000000e+00  3.50000000e-01 -1.50000000e+00 -1.71391946e-05 -1.50000000e+00  3.70000000e-01 
-1.51000000e+00  3.40000000e-01 -1.51000000e+00 -1.75798032e-05 -1.51000000e+00  3.70000000e-01 
-1.52000000e+00  3.30000000e-01 -1.52000000e+00 -1.80132231e-05 -1.52000000e+00  3.70000000e-01 
-1.53000000e+00  3.20000000e-01 -1.53000000e+00 -1.84392611e-05 -1.53000000e+00  3.70000000e-01 
-1.54000000e+00  3.10000000e-01 -1.54000000e+00 -1.88577472e-05 -1.54000000e+00  3.70000000e-01 
-1.55000000e+00  3.00000000e-01 -1.55000000e+00 -1.92685343e-05 -1.55000000e+00  3.70000000e-01 
-1.56000000e+00  2.90000000e-01 -1.56000000e+00 -1.96714984e-05 -1.56000000e+00  3.70000000e-01 
-1.57000000e+00  2.80000000e-01 -1.57000000e+00 -2.00665381e-05 -1.57000000e+00  3.70000000e-01 
-1.58000000e+00  2.70000000e-01 -1.58000000e+00 -2.04535747e-05 -1.58000000e+00  3.70000000e-01 
-1.59000000e+00  2.60000000e-01 -1.59000000e+00 -2.08325512e-05 -1.59000000e+00  3.70000000e-01 
-1.60000000e+00  2.50000000e-01 -1.60000000e+00 -2.12034317e-05 -1.60000000e+00  3.70000000e-01 
-1.61000000e+00  2.40000000e-01 -1.61000000e+00 -2.15662010e-05 -1.61000000e+00  3.70000000e-01 
-1.62000000e+00  2.30000000e-01 -1.62000000e+00 -2.19208631e-05 -1.62000000e+00  3.70000000e-01 
-1.63000000e+00  2.20000000e-01 -1.63000000e+00 -2.22674410e-05 -1.63000000e+00  3.70000000e-01 
-1.64000000e+00  2.10000000e-01 -1.64000000e+00 -2.26059747e-05 -1.64000000e+00  3.70000000e-01 
-1.65000000e+00  2.00000000e-01 -1.65000000e+00 -2.29365207e-05 -1.65000000e+00  3.70000000e-01 
-1.66000000e+00  1.90000000e-01 -1.66000000e+00 -2.32591505e-05 -1.66000000e+00  3.70000000e-01 
-1.67000000e+00  1.80000000e-01 -1.67000000e+00 -2.35739494e-05 -1.67000000e+00  3.70000000e-01 
-1.68000000e+00  1.70000000e-01 -1.68000000e+00 -2.38810151e-05 -1.68000000e+00  3.70000000e-01 
-1.69000000e+00  1.60000000e-01 -1.69000000e+00 -2.41804567e-05 -1.69000000e+00  3.70000000e-01 
-1.70000000e+00  1.50000000e-01 -1.70000000e+00 -2.44723932e-05 -1.70000000e+00  3.70000000e-01 
-1.71000000e+00  1.40000000e-01 -1.71000000e+00 -2.47569522e-05 -1.71000000e+00  3.70000000e-01 
-1.72000000e+00  1.30000000e-01 -1.72000000e+00 -2.50342692e-05 -1.72000000e+00  3.70000000e-01 
-1.73000000e+00  1.20000000e-01 -1.73000000e+00 -2.53044856e-05 -1.73000000e+00  3.70000000e-01 
-1.74000000e+00  1.10000000e-01 -1.74000000e+00 -2.55677485e-05 -1.74000000e+00  3.70000000e-01 
-1.75000000e+00  1.00000000e-01 -1.75000000e+00 -2.58242091e-05 -1.75000000e+00  3.70000000e-01 
-1.76000000e+00  9.00000000e-02 -1.76000000e+00 -2.60740219e-05 -1.76000000e+00  3.70000000e-01 
-1.77000000e+00  8.00000000e-02 -1.77000000e+00 -2.63173438e-05 -1.77000000e+00  3.70000000e-01 
-1.78000000e+00  7.00000000e-02 -1.78000000e+00 -2.65543336e-05 -1.78000000e+00  3.70000000e-01 
-1.79000000e+00  6.00000000e-02 -1.79000000e+00 -2.67851506e-05 -1.79000000e+00  3.70000000e-01 
-1.80000000e+00  5.00000000e-02 -1.80000000e+00 -2.70099545e-05 -1.80000000e+00  3.70000000e-01 
-1.81000000e+00  4.00000000e-02 -1.81000000e+00 -2.72289046e-05 -1.81000000e+00  3.70000000e-01 
-1.82000000e+00  3.00000000e-02 -1.82000000e+00 -2.74421592e-05 -1.82000000e+00  3.70000000e-01 
-1.83000000e+00  2.00000000e-02 -1.83000000e+00 -2.76498753e-05 -1.83000000e+00  3.70000000e-01 
-1.84000000e+00  1.00000000e-02 -1.84000000e+00 -2.78522081e-05 -1.84000000e+00  3.70000000e-01 
-1.85000000e+00 -1.33226763e-15 -1.85000000e+00 -2.80493105e-05 -1.85000000e+00  3.70000000e-01 
