 0.00000000e+00  1.85000000e+00  0.00000000e+00 -1.59761828e-37  0.00000000e+00  1.45000000e+00 
-1.00000000e-02  1.84000000e+00 -1.00000000e-02 -1.59761828e-37 -1.00000000e-02  1.45000000e+00 
-2.00000000e-02  1.83000000e+00 -2.00000000e-02 -1.59761828e-37 -2.00000000e-02  1.45000000e+00 
-3.00000000e-02  1.82000000e+00 -3.00000000e-02 -1.59761828e-37 -3.00000000e-02  1.45000000e+00 
-4.00000000e-02  1.81000000e+00 -4.00000000e-02 -1.59761828e-37 -4.00000000e-02  1.45000000e+00 
-5.00000000e-02  1.80000000e+00 -5.00000000e-02 -1.59761828e-37 -5.00000000e-02  1.45000000e+00 
-6.00000000e-02  1.79000000e+00 -6.00000000e-02 -1.59761828e-37 -6.00000000e-02  1.45000000e+00 
-7.00000000e-02  1.78000000e+00 -7.00000000e-02 -1.59761828e-37 -7.00000000e-02  1.45000000e+00 
-8.00000000e-02  1.77000000e+00 -8.00000000e-02 -1.59761828e-37 -8.00000000e-02  1.45000000e+00 
-9.00000000e-02  1.76000000e+00 -9.00000000e-02 -1.59761828e-37 -9.00000000e-02  1.45000000e+00 
-1.00000000e-01  1.75000000e+00 -1.00000000e-01 -1.59761828e-37 -1.00000000e-01  1.45000000e+00 
-1.10000000e-01  1.74000000e+00 -1.10000000e-01 -1.59761828e-37 -1.10000000e-01  1.45000000e+00 
-1.20000000e-01  1.73000000e+00 -1.20000000e-01 -1.59761828e-37 -1.20000000e-01  1.45000000e+00 
-1.30000000e-01  1.72000000e+00 -1.30000000e-01 -1.59761828e-37 -1.30000000e-01  1.45000000e+00 
-1.40000000e-01  1.71000000e+00 -1.40000000e-01 -2.02856283e-37 -1.40000000e-01  1.45000000e+00 
-1.50000000e-01  1.70000000e+00 -1.50000000e-01 -3.50575321e-37 -1.50000000e-01  1.45000000e+00 
-1.60000000e-01  1.69000000e+00 -1.60000000e-01 -6.05862703e-37 -1.60000000e-01  1.45000000e+00 
-1.70000000e-01  1.68000000e+00 -1.70000000e-01 -1.04704922e-36 -1.70000000e-01  1.45000000e+00 
-1.80000000e-01  1.67000000e+00 -1.80000000e-01 -1.80950577e-36 -1.80000000e-01  1.45000000e+00 
-1.90000000e-01  1.66000000e+00 -1.90000000e-01 -3.12717979e-36 -1.90000000e-01  1.45000000e+00 
-2.00000000e-01  1.65000000e+00 -2.00000000e-01 -5.40437814e-36 -2.00000000e-01  1.45000000e+00 
-2.10000000e-01  1.64000000e+00 -2.10000000e-01 -9.33982215e-36 -2.10000000e-01  1.45000000e+00 
-2.20000000e-01  1.63000000e+00 -2.20000000e-01 -1.61410389e-35 -2.20000000e-01  1.45000000e+00 
-2.30000000e-01  1.62000000e+00 -2.30000000e-01 -2.78948713e-35 -2.30000000e-01  1.45000000e+00 
-2.40000000e-01  1.61000000e+00 -2.40000000e-01 -4.82077919e-35 -2.40000000e-01  1.45000000e+00 
-2.50000000e-01  1.60000000e+00 -2.50000000e-01 -8.33124905e-35 -2.50000000e-01  1.45000000e+00 
-2.60000000e-01  1.59000000e+00 -2.60000000e-01 -1.43980274e-34 -2.60000000e-01  1.45000000e+00 
-2.70000000e-01  1.58000000e+00 -2.70000000e-01 -2.48826066e-34 -2.70000000e-01  1.45000000e+00 
-2.80000000e-01  1.57000000e+00 -2.80000000e-01 -4.30020095e-34 -2.80000000e-01  1.45000000e+00 
-2.90000000e-01  1.56000000e+00 -2.90000000e-01 -7.43158806e-34 -2.90000000e-01  1.45000000e+00 
-3.00000000e-01  1.55000000e+00 -3.00000000e-01 -1.28432373e-33 -3.00000000e-01  1.45000000e+00 
-3.10000000e-01  1.54000000e+00 -3.10000000e-01 -2.21956253e-33 -3.10000000e-01  1.45000000e+00 
-3.20000000e-01  1.53000000e+00 -3.20000000e-01 -3.83583804e-33 -3.20000000e-01  1.45000000e+00 
-3.30000000e-01  1.52000000e+00 -3.30000000e-01 -6.62907815e-33 -3.30000000e-01  1.45000000e+00 
-3.40000000e-01  1.51000000e+00 -3.40000000e-01 -1.14563432e-32 -3.40000000e-01  1.45000000e+00 
-3.50000000e-01  1.50000000e+00 -3.50000000e-01 -1.97988012e-32 -3.50000000e-01  1.45000000e+00 
-3.60000000e-01  1.49000000e+00 -3.60000000e-01 -3.42161997e-32 -3.60000000e-01  1.45000000e+00 
-3.70000000e-01  1.48000000e+00 -3.70000000e-01 -5.91322834e-32 -3.70000000e-01  1.45000000e+00 
-3.80000000e-01  1.47000000e+00 -3.80000000e-01 -1.02192148e-31 -3.80000000e-01  1.45000000e+00 
-3.90000000e-01  1.46000000e+00 -3.90000000e-01 -1.76608013e-31 -3.90000000e-01  1.45000000e+00 
-4.00000000e-01  1.45000000e+00 -4.00000000e-01 -3.05213179e-31 -4.00000000e-01  1.45000000e+00 
-4.10000000e-01  1.44000000e+00 -4.10000000e-01 -5.27468052e-31 -4.10000000e-01  1.45000000e+00 
-4.20000000e-01  1.43000000e+00 -4.20000000e-01 -9.11567931e-31 -4.20000000e-01  1.45000000e+00 
-4.30000000e-01  1.42000000e+00 -4.30000000e-01 -1.57536762e-30 -4.30000000e-01  1.45000000e+00 
-4.40000000e-01  1.41000000e+00 -4.40000000e-01 -2.72254328e-30 -4.40000000e-01  1.45000000e+00 
-4.50000000e-01  1.40000000e+00 -4.50000000e-01 -4.70508713e-30 -4.50000000e-01  1.45000000e+00 
-4.60000000e-01  1.39000000e+00 -4.60000000e-01 -8.13131054e-30 -4.60000000e-01  1.45000000e+00 
-4.70000000e-01  1.38000000e+00 -4.70000000e-01 -1.40524945e-29 -4.70000000e-01  1.45000000e+00 
-4.80000000e-01  1.37000000e+00 -4.80000000e-01 -2.42854580e-29 -4.80000000e-01  1.45000000e+00 
-4.90000000e-01  1.36000000e+00 -4.90000000e-01 -4.19700196e-29 -4.90000000e-01  1.45000000e+00 
-5.00000000e-01  1.35000000e+00 -5.00000000e-01 -7.25323990e-29 -5.00000000e-01  1.45000000e+00 
-5.10000000e-01  1.34000000e+00 -5.10000000e-01 -2.19362783e-28 -5.10000000e-01  1.45000000e+00 
-5.20000000e-01  1.33000000e+00 -5.20000000e-01 -6.49888612e-28 -5.20000000e-01  1.45000000e+00 
-5.30000000e-01  1.32000000e+00 -5.30000000e-01 -1.91868733e-27 -5.30000000e-01  1.45000000e+00 
-5.40000000e-01  1.31000000e+00 -5.40000000e-01 -5.74210652e-27 -5.40000000e-01  1.45000000e+00 
-5.50000000e-01  1.30000000e+00 -5.50000000e-01 -1.71913670e-26 -5.50000000e-01  1.45000000e+00 
-5.60000000e-01  1.29000000e+00 -5.60000000e-01 -5.12074779e-26 -5.60000000e-01  1.45000000e+00 
-5.70000000e-01  1.28000000e+00 -5.70000000e-01 -1.53198875e-25 -5.70000000e-01  1.45000000e+00 
-5.80000000e-01  1.27000000e+00 -5.80000000e-01 -4.56651468e-25 -5.80000000e-01  1.45000000e+00 
-5.90000000e-01  1.26000000e+00 -5.90000000e-01 -1.36516884e-24 -5.90000000e-01  1.45000000e+00 
-6.00000000e-01  1.25000000e+00 -6.00000000e-01 -4.07646406e-24 -6.00000000e-01  1.45000000e+00 
-6.10000000e-01  1.24000000e+00 -6.10000000e-01 -1.21758435e-23 -6.10000000e-01  1.45000000e+00 
-6.20000000e-01  1.23000000e+00 -6.20000000e-01 -3.63568440e-23 -6.20000000e-01  1.45000000e+00 
-6.30000000e-01  1.22000000e+00 -6.30000000e-01 -1.08590626e-22 -6.30000000e-01  1.45000000e+00 
-6.40000000e-01  1.21000000e+00 -6.40000000e-01 -3.24313488e-22 -6.40000000e-01  1.45000000e+00 
-6.50000000e-01  1.20000000e+00 -6.50000000e-01 -9.68547492e-22 -6.50000000e-01  1.45000000e+00 
-6.60000000e-01  1.19000000e+00 -6.60000000e-01 -2.89239884e-21 -6.60000000e-01  1.45000000e+00 
-6.70000000e-01  1.18000000e+00 -6.70000000e-01 -8.63678704e-21 -6.70000000e-01  1.45000000e+00 
-6.80000000e-01  1.17000000e+00 -6.80000000e-01 -2.57863442e-20 -6.80000000e-01  1.45000000e+00 
-6.90000000e-01  1.16000000e+00 -6.90000000e-01 -7.69701999e-20 -6.90000000e-01  1.45000000e+00 
-7.00000000e-01  1.15000000e+00 -7.00000000e-01 -2.29652312e-19 -7.00000000e-01  1.45000000e+00 
-7.10000000e-01  1.14000000e+00 -7.10000000e-01 -6.84707439e-19 -7.10000000e-01  1.45000000e+00 
-7.20000000e-01  1.13000000e+00 -7.20000000e-01 -2.03890850e-18 -7.20000000e-01  1.45000000e+00 
-7.30000000e-01  1.12000000e+00 -7.30000000e-01 -6.05842470e-18 -7.30000000e-01  1.45000000e+00 
-7.40000000e-01  1.11000000e+00 -7.40000000e-01 -1.79362641e-17 -7.40000000e-01  1.45000000e+00 
-7.50000000e-01  1.10000000e+00 -7.50000000e-01 -5.27725171e-17 -7.50000000e-01  1.45000000e+00 
-7.60000000e-01  1.09000000e+00 -7.60000000e-01 -1.53663553e-16 -7.60000000e-01  1.45000000e+00 
-7.70000000e-01  1.08000000e+00 -7.70000000e-01 -4.39891601e-16 -7.70000000e-01  1.45000000e+00 
-7.80000000e-01  1.07000000e+00 -7.80000000e-01 -1.22587970e-15 -7.80000000e-01  1.45000000e+00 
-7.90000000e-01  1.06000000e+00 -7.90000000e-01 -3.28173909e-15 -7.90000000e-01  1.45000000e+00 
-8.00000000e-01  1.05000000e+00 -8.00000000e-01 -8.31230461e-15 -8.00000000e-01  1.45000000e+00 
-8.10000000e-01  1.04000000e+00 -8.10000000e-01 -1.96632246e-14 -8.10000000e-01  1.45000000e+00 
-8.20000000e-01  1.03000000e+00 -8.20000000e-01 -4.32011897e-14 -8.20000000e-01  1.45000000e+00 
-8.30000000e-01  1.02000000e+00 -8.30000000e-01 -8.85631663e-14 -8.30000000e-01  1.45000000e+00 
-8.40000000e-01  1.01000000e+00 -8.40000000e-01 -1.71538038e-13 -8.40000000e-01  1.45000000e+00 
-8.50000000e-01  1.00000000e+00 -8.50000000e-01 -3.18722766e-13 -8.50000000e-01  1.45000000e+00 
-8.60000000e-01  9.90000000e-01 -8.60000000e-01 -5.75846739e-13 -8.60000000e-01  1.45000000e+00 
-8.70000000e-01  9.80000000e-01 -8.70000000e-01 -1.02204850e-12 -8.70000000e-01  1.45000000e+00 
-8.80000000e-01  9.70000000e-01 -8.80000000e-01 -1.79433014e-12 -8.80000000e-01  1.45000000e+00 
-8.90000000e-01  9.60000000e-01 -8.90000000e-01 -3.12968094e-12 -8.90000000e-01  1.45000000e+00 
-9.00000000e-01  9.50000000e-01 -9.00000000e-01 -5.43782786e-12 -9.00000000e-01  1.45000000e+00 
-9.10000000e-01  9.40000000e-01 -9.10000000e-01 -9.42695974e-12 -9.10000000e-01  1.45000000e+00 
-9.20000000e-01  9.30000000e-01 -9.20000000e-01 -1.63210084e-11 -9.20000000e-01  1.45000000e+00 
-9.30000000e-01  9.20000000e-01 -9.30000000e-01 -2.82351422e-11 -9.30000000e-01  1.45000000e+00 
-9.40000000e-01  9.10000000e-01 -9.40000000e-01 -4.88246340e-11 -9.40000000e-01  1.45000000e+00 
-9.50000000e-01  9.00000000e-01 -9.50000000e-01 -8.44060402e-11 -9.50000000e-01  1.45000000e+00 
-9.60000000e-01  8.90000000e-01 -9.60000000e-01 -1.45894244e-10 -9.60000000e-01  1.45000000e+00 
-9.70000000e-01  8.80000000e-01 -9.70000000e-01 -2.52148352e-10 -9.70000000e-01  1.45000000e+00 
-9.80000000e-01  8.70000000e-01 -9.80000000e-01 -4.35749032e-10 -9.80000000e-01  1.45000000e+00 
-9.90000000e-01  8.60000000e-01 -9.90000000e-01 -7.52967986e-10 -9.90000000e-01  1.45000000e+00 
-1.00000000e+00  8.50000000e-01 -1.00000000e+00 -1.30095283e-09 -1.00000000e+00  1.45000000e+00 
-1.01000000e+00  8.40000000e-01 -1.01000000e+00 -2.24729415e-09 -1.01000000e+00  1.45000000e+00 
-1.02000000e+00  8.30000000e-01 -1.02000000e+00 -3.88073188e-09 -1.02000000e+00  1.45000000e+00 
-1.03000000e+00  8.20000000e-01 -1.03000000e+00 -6.69762655e-09 -1.03000000e+00  1.45000000e+00 
-1.04000000e+00  8.10000000e-01 -1.04000000e+00 -1.15479830e-08 -1.04000000e+00  1.45000000e+00 
-1.05000000e+00  8.00000000e-01 -1.05000000e+00 -1.98778374e-08 -1.05000000e+00  1.45000000e+00 
-1.06000000e+00  7.90000000e-01 -1.06000000e+00 -3.41195170e-08 -1.06000000e+00  1.45000000e+00 
-1.07000000e+00  7.80000000e-01 -1.07000000e+00 -5.82861353e-08 -1.07000000e+00  1.45000000e+00 
-1.08000000e+00  7.70000000e-01 -1.08000000e+00 -9.87862849e-08 -1.08000000e+00  1.45000000e+00 
-1.09000000e+00  7.60000000e-01 -1.09000000e+00 -1.65310948e-07 -1.09000000e+00  1.45000000e+00 
-1.10000000e+00  7.50000000e-01 -1.10000000e+00 -2.71259456e-07 -1.10000000e+00  1.45000000e+00 
-1.11000000e+00  7.40000000e-01 -1.11000000e+00 -4.32656092e-07 -1.11000000e+00  1.45000000e+00 
-1.12000000e+00  7.30000000e-01 -1.12000000e+00 -6.64581922e-07 -1.12000000e+00  1.45000000e+00 
-1.13000000e+00  7.20000000e-01 -1.13000000e+00 -9.75905033e-07 -1.13000000e+00  1.45000000e+00 
-1.14000000e+00  7.10000000e-01 -1.14000000e+00 -1.36566708e-06 -1.14000000e+00  1.45000000e+00 
-1.15000000e+00  7.00000000e-01 -1.15000000e+00 -1.82408899e-06 -1.15000000e+00  1.45000000e+00 
-1.16000000e+00  6.90000000e-01 -1.16000000e+00 -2.33711038e-06 -1.16000000e+00  1.45000000e+00 
-1.17000000e+00  6.80000000e-01 -1.17000000e+00 -2.89088401e-06 -1.17000000e+00  1.45000000e+00 
-1.18000000e+00  6.70000000e-01 -1.18000000e+00 -3.47414052e-06 -1.18000000e+00  1.45000000e+00 
-1.19000000e+00  6.60000000e-01 -1.19000000e+00 -4.07863378e-06 -1.19000000e+00  1.45000000e+00 
-1.20000000e+00  6.50000000e-01 -1.20000000e+00 -4.69865685e-06 -1.20000000e+00  1.45000000e+00 
-1.21000000e+00  6.40000000e-01 -1.21000000e+00 -5.33034694e-06 -1.21000000e+00  1.45000000e+00 
-1.22000000e+00  6.30000000e-01 -1.22000000e+00 -5.97108691e-06 -1.22000000e+00  1.45000000e+00 
-1.23000000e+00  6.20000000e-01 -1.23000000e+00 -6.61907204e-06 -1.23000000e+00  1.45000000e+00 
-1.24000000e+00  6.10000000e-01 -1.24000000e+00 -7.27302125e-06 -1.24000000e+00  1.45000000e+00 
-1.25000000e+00  6.00000000e-01 -1.25000000e+00 -7.93199211e-06 -1.25000000e+00  1.45000000e+00 
-1.26000000e+00  5.90000000e-01 -1.26000000e+00 -8.59526465e-06 -1.26000000e+00  1.45000000e+00 
-1.27000000e+00  5.80000000e-01 -1.27000000e+00 -9.26226872e-06 -1.27000000e+00  1.45000000e+00 
-1.28000000e+00  5.70000000e-01 -1.28000000e+00 -9.93253837e-06 -1.28000000e+00  1.45000000e+00 
-1.29000000e+00  5.60000000e-01 -1.29000000e+00 -1.06056828e-05 -1.29000000e+00  1.45000000e+00 
-1.30000000e+00  5.50000000e-01 -1.30000000e+00 -1.12813674e-05 -1.30000000e+00  1.45000000e+00 
-1.31000000e+00  5.40000000e-01 -1.31000000e+00 -1.19593014e-05 -1.31000000e+00  1.45000000e+00 
-1.32000000e+00  5.30000000e-01 -1.32000000e+00 -1.26392289e-05 -1.32000000e+00  1.45000000e+00 
-1.33000000e+00  5.20000000e-01 -1.33000000e+00 -1.33209226e-05 -1.33000000e+00  1.45000000e+00 
-1.34000000e+00  5.10000000e-01 -1.34000000e+00 -1.40041796e-05 -1.34000000e+00  1.45000000e+00 
-1.35000000e+00  5.00000000e-01 -1.35000000e+00 -1.46888175e-05 -1.35000000e+00  1.45000000e+00 
-1.36000000e+00  4.90000000e-01 -1.36000000e+00 -1.53746716e-05 -1.36000000e+00  1.45000000e+00 
-1.37000000e+00  4.80000000e-01 -1.37000000e+00 -1.60615929e-05 -1.37000000e+00  1.45000000e+00 
-1.38000000e+00  4.70000000e-01 -1.38000000e+00 -1.67494460e-05 -1.38000000e+00  1.45000000e+00 
-1.39000000e+00  4.60000000e-01 -1.39000000e+00 -1.74381073e-05 -1.39000000e+00  1.45000000e+00 
-1.40000000e+00  4.50000000e-01 -1.40000000e+00 -1.81274641e-05 -1.40000000e+00  1.45000000e+00 
-1.41000000e+00  4.40000000e-01 -1.41000000e+00 -1.88174133e-05 -1.41000000e+00  1.45000000e+00 
-1.42000000e+00  4.30000000e-01 -1.42000000e+00 -1.95078601e-05 -1.42000000e+00  1.45000000e+00 
-1.43000000e+00  4.20000000e-01 -1.43000000e+00 -2.01987172e-05 -1.43000000e+00  1.45000000e+00 
-1.44000000e+00  4.10000000e-01 -1.44000000e+00 -2.08899044e-05 -1.44000000e+00  1.45000000e+00 
-1.45000000e+00  4.00000000e-01 -1.45000000e+00 -2.15813475e-05 -1.45000000e+00  1.45000000e+00 
-1.46000000e+00  3.90000000e-01 -1.46000000e+00 -2.22729778e-05 -1.46000000e+00  1.45000000e+00 
-1.47000000e+00  3.80000000e-01 -1.47000000e+00 -2.29647315e-05 -1.47000000e+00  1.45000000e+00 
-1.48000000e+00  3.70000000e-01 -1.48000000e+00 -2.36565496e-05 -1.48000000e+00  1.45000000e+00 
-1.49000000e+00  3.60000000e-01 -1.49000000e+00 -2.43483768e-05 -1.49000000e+00  1.45000000e+00 
-1.50000000e+00  3.50000000e-01 -1.50000000e+00 -2.50401618e-05 -1.50000000e+00  1.45000000e+00 
-1.51000000e+00  3.40000000e-01 -1.51000000e+00 -2.57318564e-05 -1.51000000e+00  1.45000000e+00 
-1.52000000e+00  3.30000000e-01 -1.52000000e+00 -2.64234157e-05 -1.52000000e+00  1.45000000e+00 
-1.53000000e+00  3.20000000e-01 -1.53000000e+00 -2.71147974e-05 -1.53000000e+00  1.45000000e+00 
-1.54000000e+00  3.10000000e-01 -1.54000000e+00 -2.78059616e-05 -1.54000000e+00  1.45000000e+00 
-1.55000000e+00  3.00000000e-01 -1.55000000e+00 -2.84968711e-05 -1.55000000e+00  1.45000000e+00 
-1.56000000e+00  2.90000000e-01 -1.56000000e+00 -2.91874904e-05 -1.56000000e+00  1.45000000e+00 
-1.57000000e+00  2.80000000e-01 -1.57000000e+00 -2.98777861e-05 -1.57000000e+00  1.45000000e+00 
-1.58000000e+00  2.70000000e-01 -1.58000000e+00 -3.05677264e-05 -1.58000000e+00  1.45000000e+00 
-1.59000000e+00  2.60000000e-01 -1.59000000e+00 -3.12572813e-05 -1.59000000e+00  1.45000000e+00 
-1.60000000e+00  2.50000000e-01 -1.60000000e+00 -3.19464220e-05 -1.60000000e+00  1.45000000e+00 
-1.61000000e+00  2.40000000e-01 -1.61000000e+00 -3.26351213e-05 -1.61000000e+00  1.45000000e+00 
-1.62000000e+00  2.30000000e-01 -1.62000000e+00 -3.33233530e-05 -1.62000000e+00  1.45000000e+00 
-1.63000000e+00  2.20000000e-01 -1.63000000e+00 -3.40110921e-05 -1.63000000e+00  1.45000000e+00 
-1.64000000e+00  2.10000000e-01 -1.64000000e+00 -3.46983145e-05 -1.64000000e+00  1.45000000e+00 
-1.65000000e+00  2.00000000e-01 -1.65000000e+00 -3.53849972e-05 -1.65000000e+00  1.45000000e+00 
-1.66000000e+00  1.90000000e-01 -1.66000000e+00 -3.60711178e-05 -1.66000000e+00  1.45000000e+00 
-1.67000000e+00  1.80000000e-01 -1.67000000e+00 -3.67566549e-05 -1.67000000e+00  1.45000000e+00 
-1.68000000e+00  1.70000000e-01 -1.68000000e+00 -3.74415877e-05 -1.68000000e+00  1.45000000e+00 
-1.69000000e+00  1.60000000e-01 -1.69000000e+00 -3.81258959e-05 -1.69000000e+00  1.45000000e+00 
-1.70000000e+00  1.50000000e-01 -1.70000000e+00 -3.88095598e-05 -1.70000000e+00  1.45000000e+00 
-1.71000000e+00  1.40000000e-01 -1.71000000e+00 -3.94925605e-05 -1.71000000e+00  1.45000000e+00 
-1.72000000e+00  1.30000000e-01 -1.72000000e+00 -4.01748792e-05 -1.72000000e+00  1.45000000e+00 
-1.73000000e+00  1.20000000e-01 -1.73000000e+00 -4.08564976e-05 -1.73000000e+00  1.45000000e+00 
-1.74000000e+00  1.10000000e-01 -1.74000000e+00 -4.15373979e-05 -1.74000000e+00  1.45000000e+00 
-1.75000000e+00  1.00000000e-01 -1.75000000e+00 -4.22175625e-05 -1.75000000e+00  1.45000000e+00 
-1.76000000e+00  9.00000000e-02 -1.76000000e+00 -4.28969741e-05 -1.76000000e+00  1.45000000e+00 
-1.77000000e+00  8.00000000e-02 -1.77000000e+00 -4.35756157e-05 -1.77000000e+00  1.45000000e+00 
-1.78000000e+00  7.00000000e-02 -1.78000000e+00 -4.42534703e-05 -1.78000000e+00  1.45000000e+00 
-1.79000000e+00  6.00000000e-02 -1.79000000e+00 -4.49305214e-05 -1.79000000e+00  1.45000000e+00 
-1.80000000e+00  5.00000000e-02 -1.80000000e+00 -4.56067524e-05 -1.80000000e+00  1.45000000e+00 
-1.81000000e+00  4.00000000e-02 -1.81000000e+00 -4.62821469e-05 -1.81000000e+00  1.45000000e+00 
-1.82000000e+00  3.00000000e-02 -1.82000000e+00 -4.69566886e-05 -1.82000000e+00  1.45000000e+00 
-1.83000000e+00  2.00000000e-02 -1.83000000e+00 -4.76303613e-05 -1.83000000e+00  1.45000000e+00 
-1.84000000e+00  1.00000000e-02 -1.84000000e+00 -4.83031486e-05 -1.84000000e+00  1.45000000e+00 
-1.85000000e+00 -1.33226763e-15 -1.85000000e+00 -4.89750344e-05 -1.85000000e+00  1.45000000e+00 
