 0.00000000e+00  1.85000000e+00  0.00000000e+00 -4.17346120e-39  0.00000000e+00  1.00000000e-02 
-1.00000000e-02  1.84000000e+00 -1.00000000e-02 -4.17346120e-39 -1.00000000e-02  1.00000000e-02 
-2.00000000e-02  1.83000000e+00 -2.00000000e-02 -4.17346120e-39 -2.00000000e-02  1.00000000e-02 
-3.00000000e-02  1.82000000e+00 -3.00000000e-02 -4.17346120e-39 -3.00000000e-02  1.00000000e-02 
-4.00000000e-02  1.81000000e+00 -4.00000000e-02 -4.17346120e-39 -4.00000000e-02  1.00000000e-02 
-5.00000000e-02  1.80000000e+00 -5.00000000e-02 -4.17346120e-39 -5.00000000e-02  1.00000000e-02 
-6.00000000e-02  1.79000000e+00 -6.00000000e-02 -4.17346120e-39 -6.00000000e-02  1.00000000e-02 
-7.00000000e-02  1.78000000e+00 -7.00000000e-02 -4.17346120e-39 -7.00000000e-02  1.00000000e-02 
-8.00000000e-02  1.77000000e+00 -8.00000000e-02 -4.17346120e-39 -8.00000000e-02  1.00000000e-02 
-9.00000000e-02  1.76000000e+00 -9.00000000e-02 -4.17346120e-39 -9.00000000e-02  1.00000000e-02 
-1.00000000e-01  1.75000000e+00 -1.00000000e-01 -4.17346120e-39 -1.00000000e-01  1.00000000e-02 
-1.10000000e-01  1.74000000e+00 -1.10000000e-01 -4.17346120e-39 -1.10000000e-01  1.00000000e-02 
-1.20000000e-01  1.73000000e+00 -1.20000000e-01 -4.17346120e-39 -1.20000000e-01  1.00000000e-02 
-1.30000000e-01  1.72000000e+00 -1.30000000e-01 -4.17346120e-39 -1.30000000e-01  1.00000000e-02 
-1.40000000e-01  1.71000000e+00 -1.40000000e-01 -5.29919330e-39 -1.40000000e-01  1.00000000e-02 
-1.50000000e-01  1.70000000e+00 -1.50000000e-01 -9.15804218e-39 -1.50000000e-01  1.00000000e-02 
-1.60000000e-01  1.69000000e+00 -1.60000000e-01 -1.58268876e-38 -1.60000000e-01  1.00000000e-02 
-1.70000000e-01  1.68000000e+00 -1.70000000e-01 -2.73519564e-38 -1.70000000e-01  1.00000000e-02 
-1.80000000e-01  1.67000000e+00 -1.80000000e-01 -4.72695288e-38 -1.80000000e-01  1.00000000e-02 
-1.90000000e-01  1.66000000e+00 -1.90000000e-01 -8.16909885e-38 -1.90000000e-01  1.00000000e-02 
-2.00000000e-01  1.65000000e+00 -2.00000000e-01 -1.41178001e-37 -2.00000000e-01  1.00000000e-02 
-2.10000000e-01  1.64000000e+00 -2.10000000e-01 -2.43983191e-37 -2.10000000e-01  1.00000000e-02 
-2.20000000e-01  1.63000000e+00 -2.20000000e-01 -4.21650661e-37 -2.20000000e-01  1.00000000e-02 
-2.30000000e-01  1.62000000e+00 -2.30000000e-01 -7.28694789e-37 -2.30000000e-01  1.00000000e-02 
-2.40000000e-01  1.61000000e+00 -2.40000000e-01 -1.25932708e-36 -2.40000000e-01  1.00000000e-02 
-2.50000000e-01  1.60000000e+00 -2.50000000e-01 -2.17636343e-36 -2.50000000e-01  1.00000000e-02 
-2.60000000e-01  1.59000000e+00 -2.60000000e-01 -3.76118156e-36 -2.60000000e-01  1.00000000e-02 
-2.70000000e-01  1.58000000e+00 -2.70000000e-01 -6.50005716e-36 -2.70000000e-01  1.00000000e-02 
-2.80000000e-01  1.57000000e+00 -2.80000000e-01 -1.12333697e-35 -2.80000000e-01  1.00000000e-02 
-2.90000000e-01  1.56000000e+00 -2.90000000e-01 -1.94134594e-35 -2.90000000e-01  1.00000000e-02 
-3.00000000e-01  1.55000000e+00 -3.00000000e-01 -3.35502538e-35 -3.00000000e-01  1.00000000e-02 
-3.10000000e-01  1.54000000e+00 -3.10000000e-01 -5.79813987e-35 -3.10000000e-01  1.00000000e-02 
-3.20000000e-01  1.53000000e+00 -3.20000000e-01 -1.00203194e-34 -3.20000000e-01  1.00000000e-02 
-3.30000000e-01  1.52000000e+00 -3.30000000e-01 -1.73170713e-34 -3.30000000e-01  1.00000000e-02 
-3.40000000e-01  1.51000000e+00 -3.40000000e-01 -2.99272852e-34 -3.40000000e-01  1.00000000e-02 
-3.50000000e-01  1.50000000e+00 -3.50000000e-01 -5.17202005e-34 -3.50000000e-01  1.00000000e-02 
-3.60000000e-01  1.49000000e+00 -3.60000000e-01 -8.93826195e-34 -3.60000000e-01  1.00000000e-02 
-3.70000000e-01  1.48000000e+00 -3.70000000e-01 -1.54470644e-33 -3.70000000e-01  1.00000000e-02 
-3.80000000e-01  1.47000000e+00 -3.80000000e-01 -2.66955476e-33 -3.80000000e-01  1.00000000e-02 
-3.90000000e-01  1.46000000e+00 -3.90000000e-01 -4.61351261e-33 -3.90000000e-01  1.00000000e-02 
-4.00000000e-01  1.45000000e+00 -4.00000000e-01 -7.97305188e-33 -4.00000000e-01  1.00000000e-02 
-4.10000000e-01  1.44000000e+00 -4.10000000e-01 -1.37789926e-32 -4.10000000e-01  1.00000000e-02 
-4.20000000e-01  1.43000000e+00 -4.20000000e-01 -2.38127935e-32 -4.20000000e-01  1.00000000e-02 
-4.30000000e-01  1.42000000e+00 -4.30000000e-01 -4.11531633e-32 -4.30000000e-01  1.00000000e-02 
-4.40000000e-01  1.41000000e+00 -4.40000000e-01 -7.11207130e-32 -4.40000000e-01  1.00000000e-02 
-4.50000000e-01  1.40000000e+00 -4.50000000e-01 -1.22910498e-31 -4.50000000e-01  1.00000000e-02 
-4.60000000e-01  1.39000000e+00 -4.60000000e-01 -2.12413373e-31 -4.60000000e-01  1.00000000e-02 
-4.70000000e-01  1.38000000e+00 -4.70000000e-01 -3.67091842e-31 -4.70000000e-01  1.00000000e-02 
-4.80000000e-01  1.37000000e+00 -4.80000000e-01 -6.34406477e-31 -4.80000000e-01  1.00000000e-02 
-4.90000000e-01  1.36000000e+00 -4.90000000e-01 -1.09637843e-30 -4.90000000e-01  1.00000000e-02 
-5.00000000e-01  1.35000000e+00 -5.00000000e-01 -1.89475627e-30 -5.00000000e-01  1.00000000e-02 
-5.10000000e-01  1.34000000e+00 -5.10000000e-01 -5.73039103e-30 -5.10000000e-01  1.00000000e-02 
-5.20000000e-01  1.33000000e+00 -5.20000000e-01 -1.69769722e-29 -5.20000000e-01  1.00000000e-02 
-5.30000000e-01  1.32000000e+00 -5.30000000e-01 -5.01216684e-29 -5.30000000e-01  1.00000000e-02 
-5.40000000e-01  1.31000000e+00 -5.40000000e-01 -1.50000448e-28 -5.40000000e-01  1.00000000e-02 
-5.50000000e-01  1.30000000e+00 -5.50000000e-01 -4.49088282e-28 -5.50000000e-01  1.00000000e-02 
-5.60000000e-01  1.29000000e+00 -5.60000000e-01 -1.33768759e-27 -5.60000000e-01  1.00000000e-02 
-5.70000000e-01  1.28000000e+00 -5.70000000e-01 -4.00199819e-27 -5.70000000e-01  1.00000000e-02 
-5.80000000e-01  1.27000000e+00 -5.80000000e-01 -1.19290586e-26 -5.80000000e-01  1.00000000e-02 
-5.90000000e-01  1.26000000e+00 -5.90000000e-01 -3.56621630e-26 -5.90000000e-01  1.00000000e-02 
-6.00000000e-01  1.25000000e+00 -6.00000000e-01 -1.06489045e-25 -6.00000000e-01  1.00000000e-02 
-6.10000000e-01  1.24000000e+00 -6.10000000e-01 -3.18068287e-25 -6.10000000e-01  1.00000000e-02 
-6.20000000e-01  1.23000000e+00 -6.20000000e-01 -9.49746040e-25 -6.20000000e-01  1.00000000e-02 
-6.30000000e-01  1.22000000e+00 -6.30000000e-01 -2.83670160e-24 -6.30000000e-01  1.00000000e-02 
-6.40000000e-01  1.21000000e+00 -6.40000000e-01 -8.47200739e-24 -6.40000000e-01  1.00000000e-02 
-6.50000000e-01  1.20000000e+00 -6.50000000e-01 -2.53012651e-23 -6.50000000e-01  1.00000000e-02 
-6.60000000e-01  1.19000000e+00 -6.60000000e-01 -7.55563340e-23 -6.60000000e-01  1.00000000e-02 
-6.70000000e-01  1.18000000e+00 -6.70000000e-01 -2.25617887e-22 -6.70000000e-01  1.00000000e-02 
-6.80000000e-01  1.17000000e+00 -6.80000000e-01 -6.73613981e-22 -6.80000000e-01  1.00000000e-02 
-6.90000000e-01  1.16000000e+00 -6.90000000e-01 -2.01067679e-21 -6.90000000e-01  1.00000000e-02 
-7.00000000e-01  1.15000000e+00 -7.00000000e-01 -5.99915679e-21 -7.00000000e-01  1.00000000e-02 
-7.10000000e-01  1.14000000e+00 -7.10000000e-01 -1.78864723e-20 -7.10000000e-01  1.00000000e-02 
-7.20000000e-01  1.13000000e+00 -7.20000000e-01 -5.32619183e-20 -7.20000000e-01  1.00000000e-02 
-7.30000000e-01  1.12000000e+00 -7.30000000e-01 -1.58262856e-19 -7.30000000e-01  1.00000000e-02 
-7.40000000e-01  1.11000000e+00 -7.40000000e-01 -4.68544984e-19 -7.40000000e-01  1.00000000e-02 
-7.50000000e-01  1.10000000e+00 -7.50000000e-01 -1.37856463e-18 -7.50000000e-01  1.00000000e-02 
-7.60000000e-01  1.09000000e+00 -7.60000000e-01 -4.01411901e-18 -7.60000000e-01  1.00000000e-02 
-7.70000000e-01  1.08000000e+00 -7.70000000e-01 -1.14911934e-17 -7.70000000e-01  1.00000000e-02 
-7.80000000e-01  1.07000000e+00 -7.80000000e-01 -3.20234003e-17 -7.80000000e-01  1.00000000e-02 
-7.90000000e-01  1.06000000e+00 -7.90000000e-01 -8.57282230e-17 -7.90000000e-01  1.00000000e-02 
-8.00000000e-01  1.05000000e+00 -8.00000000e-01 -2.17140811e-16 -8.00000000e-01  1.00000000e-02 
-8.10000000e-01  1.04000000e+00 -8.10000000e-01 -5.13659142e-16 -8.10000000e-01  1.00000000e-02 
-8.20000000e-01  1.03000000e+00 -8.20000000e-01 -1.12853823e-15 -8.20000000e-01  1.00000000e-02 
-8.30000000e-01  1.02000000e+00 -8.30000000e-01 -2.31352374e-15 -8.30000000e-01  1.00000000e-02 
-8.40000000e-01  1.01000000e+00 -8.40000000e-01 -4.48106747e-15 -8.40000000e-01  1.00000000e-02 
-8.50000000e-01  1.00000000e+00 -8.50000000e-01 -8.32596000e-15 -8.50000000e-01  1.00000000e-02 
-8.60000000e-01  9.90000000e-01 -8.60000000e-01 -1.50427881e-14 -8.60000000e-01  1.00000000e-02 
-8.70000000e-01  9.80000000e-01 -8.70000000e-01 -2.66988879e-14 -8.70000000e-01  1.00000000e-02 
-8.80000000e-01  9.70000000e-01 -8.80000000e-01 -4.68731755e-14 -8.80000000e-01  1.00000000e-02 
-8.90000000e-01  9.60000000e-01 -8.90000000e-01 -8.17565716e-14 -8.90000000e-01  1.00000000e-02 
-9.00000000e-01  9.50000000e-01 -9.00000000e-01 -1.42052555e-13 -9.00000000e-01  1.00000000e-02 
-9.10000000e-01  9.40000000e-01 -9.10000000e-01 -2.46261736e-13 -9.10000000e-01  1.00000000e-02 
-9.20000000e-01  9.30000000e-01 -9.20000000e-01 -4.26358757e-13 -9.20000000e-01  1.00000000e-02 
-9.30000000e-01  9.20000000e-01 -9.30000000e-01 -7.37603916e-13 -9.30000000e-01  1.00000000e-02 
-9.40000000e-01  9.10000000e-01 -9.40000000e-01 -1.27550137e-12 -9.40000000e-01  1.00000000e-02 
-9.50000000e-01  9.00000000e-01 -9.50000000e-01 -2.20511115e-12 -9.50000000e-01  1.00000000e-02 
-9.60000000e-01  8.90000000e-01 -9.60000000e-01 -3.81172082e-12 -9.60000000e-01  1.00000000e-02 
-9.70000000e-01  8.80000000e-01 -9.70000000e-01 -6.58846015e-12 -9.70000000e-01  1.00000000e-02 
-9.80000000e-01  8.70000000e-01 -9.80000000e-01 -1.13878495e-11 -9.80000000e-01  1.00000000e-02 
-9.90000000e-01  8.60000000e-01 -9.90000000e-01 -1.96841035e-11 -9.90000000e-01  1.00000000e-02 
-1.00000000e+00  8.50000000e-01 -1.00000000e+00 -3.40276292e-11 -1.00000000e+00  1.00000000e-02 
-1.01000000e+00  8.40000000e-01 -1.01000000e+00 -5.88340119e-11 -1.01000000e+00  1.00000000e-02 
-1.02000000e+00  8.30000000e-01 -1.02000000e+00 -1.01757916e-10 -1.02000000e+00  1.00000000e-02 
-1.03000000e+00  8.20000000e-01 -1.03000000e+00 -1.76097705e-10 -1.03000000e+00  1.00000000e-02 
-1.04000000e+00  8.10000000e-01 -1.04000000e+00 -3.05037595e-10 -1.04000000e+00  1.00000000e-02 
-1.05000000e+00  8.00000000e-01 -1.05000000e+00 -5.29217831e-10 -1.05000000e+00  1.00000000e-02 
-1.06000000e+00  7.90000000e-01 -1.06000000e+00 -9.20436438e-10 -1.06000000e+00  1.00000000e-02 
-1.07000000e+00  7.80000000e-01 -1.07000000e+00 -1.60673560e-09 -1.07000000e+00  1.00000000e-02 
-1.08000000e+00  7.70000000e-01 -1.08000000e+00 -2.81804514e-09 -1.08000000e+00  1.00000000e-02 
-1.09000000e+00  7.60000000e-01 -1.09000000e+00 -4.96463968e-09 -1.09000000e+00  1.00000000e-02 
-1.10000000e+00  7.50000000e-01 -1.10000000e+00 -8.74998233e-09 -1.10000000e+00  1.00000000e-02 
-1.11000000e+00  7.40000000e-01 -1.11000000e+00 -1.52630514e-08 -1.11000000e+00  1.00000000e-02 
-1.12000000e+00  7.30000000e-01 -1.12000000e+00 -2.58838465e-08 -1.12000000e+00  1.00000000e-02 
-1.13000000e+00  7.20000000e-01 -1.13000000e+00 -4.18272002e-08 -1.13000000e+00  1.00000000e-02 
-1.14000000e+00  7.10000000e-01 -1.14000000e+00 -6.34953610e-08 -1.14000000e+00  1.00000000e-02 
-1.15000000e+00  7.00000000e-01 -1.15000000e+00 -9.01957047e-08 -1.15000000e+00  1.00000000e-02 
-1.16000000e+00  6.90000000e-01 -1.16000000e+00 -1.20484342e-07 -1.16000000e+00  1.00000000e-02 
-1.17000000e+00  6.80000000e-01 -1.17000000e+00 -1.52765320e-07 -1.17000000e+00  1.00000000e-02 
-1.18000000e+00  6.70000000e-01 -1.18000000e+00 -1.85703495e-07 -1.18000000e+00  1.00000000e-02 
-1.19000000e+00  6.60000000e-01 -1.19000000e+00 -2.18353402e-07 -1.19000000e+00  1.00000000e-02 
-1.20000000e+00  6.50000000e-01 -1.20000000e+00 -2.50118992e-07 -1.20000000e+00  1.00000000e-02 
-1.21000000e+00  6.40000000e-01 -1.21000000e+00 -2.80661474e-07 -1.21000000e+00  1.00000000e-02 
-1.22000000e+00  6.30000000e-01 -1.22000000e+00 -3.09813192e-07 -1.22000000e+00  1.00000000e-02 
-1.23000000e+00  6.20000000e-01 -1.23000000e+00 -3.37513740e-07 -1.23000000e+00  1.00000000e-02 
-1.24000000e+00  6.10000000e-01 -1.24000000e+00 -3.63767138e-07 -1.24000000e+00  1.00000000e-02 
-1.25000000e+00  6.00000000e-01 -1.25000000e+00 -3.88614564e-07 -1.25000000e+00  1.00000000e-02 
-1.26000000e+00  5.90000000e-01 -1.26000000e+00 -4.12117433e-07 -1.26000000e+00  1.00000000e-02 
-1.27000000e+00  5.80000000e-01 -1.27000000e+00 -4.34347065e-07 -1.27000000e+00  1.00000000e-02 
-1.28000000e+00  5.70000000e-01 -1.28000000e+00 -4.55378454e-07 -1.28000000e+00  1.00000000e-02 
-1.29000000e+00  5.60000000e-01 -1.29000000e+00 -4.75286555e-07 -1.29000000e+00  1.00000000e-02 
-1.30000000e+00  5.50000000e-01 -1.30000000e+00 -4.94144136e-07 -1.30000000e+00  1.00000000e-02 
-1.31000000e+00  5.40000000e-01 -1.31000000e+00 -5.12020590e-07 -1.31000000e+00  1.00000000e-02 
-1.32000000e+00  5.30000000e-01 -1.32000000e+00 -5.28981332e-07 -1.32000000e+00  1.00000000e-02 
-1.33000000e+00  5.20000000e-01 -1.33000000e+00 -5.45087563e-07 -1.33000000e+00  1.00000000e-02 
-1.34000000e+00  5.10000000e-01 -1.34000000e+00 -5.60396256e-07 -1.34000000e+00  1.00000000e-02 
-1.35000000e+00  5.00000000e-01 -1.35000000e+00 -5.74960274e-07 -1.35000000e+00  1.00000000e-02 
-1.36000000e+00  4.90000000e-01 -1.36000000e+00 -5.88828561e-07 -1.36000000e+00  1.00000000e-02 
-1.37000000e+00  4.80000000e-01 -1.37000000e+00 -6.02046371e-07 -1.37000000e+00  1.00000000e-02 
-1.38000000e+00  4.70000000e-01 -1.38000000e+00 -6.14655519e-07 -1.38000000e+00  1.00000000e-02 
-1.39000000e+00  4.60000000e-01 -1.39000000e+00 -6.26694633e-07 -1.39000000e+00  1.00000000e-02 
-1.40000000e+00  4.50000000e-01 -1.40000000e+00 -6.38199397e-07 -1.40000000e+00  1.00000000e-02 
-1.41000000e+00  4.40000000e-01 -1.41000000e+00 -6.49202784e-07 -1.41000000e+00  1.00000000e-02 
-1.42000000e+00  4.30000000e-01 -1.42000000e+00 -6.59735281e-07 -1.42000000e+00  1.00000000e-02 
-1.43000000e+00  4.20000000e-01 -1.43000000e+00 -6.69825092e-07 -1.43000000e+00  1.00000000e-02 
-1.44000000e+00  4.10000000e-01 -1.44000000e+00 -6.79498324e-07 -1.44000000e+00  1.00000000e-02 
-1.45000000e+00  4.00000000e-01 -1.45000000e+00 -6.88779171e-07 -1.45000000e+00  1.00000000e-02 
-1.46000000e+00  3.90000000e-01 -1.46000000e+00 -6.97690065e-07 -1.46000000e+00  1.00000000e-02 
-1.47000000e+00  3.80000000e-01 -1.47000000e+00 -7.06251829e-07 -1.47000000e+00  1.00000000e-02 
-1.48000000e+00  3.70000000e-01 -1.48000000e+00 -7.14483805e-07 -1.48000000e+00  1.00000000e-02 
-1.49000000e+00  3.60000000e-01 -1.49000000e+00 -7.22403982e-07 -1.49000000e+00  1.00000000e-02 
-1.50000000e+00  3.50000000e-01 -1.50000000e+00 -7.30029103e-07 -1.50000000e+00  1.00000000e-02 
-1.51000000e+00  3.40000000e-01 -1.51000000e+00 -7.37374769e-07 -1.51000000e+00  1.00000000e-02 
-1.52000000e+00  3.30000000e-01 -1.52000000e+00 -7.44455527e-07 -1.52000000e+00  1.00000000e-02 
-1.53000000e+00  3.20000000e-01 -1.53000000e+00 -7.51284957e-07 -1.53000000e+00  1.00000000e-02 
-1.54000000e+00  3.10000000e-01 -1.54000000e+00 -7.57875749e-07 -1.54000000e+00  1.00000000e-02 
-1.55000000e+00  3.00000000e-01 -1.55000000e+00 -7.64239771e-07 -1.55000000e+00  1.00000000e-02 
-1.56000000e+00  2.90000000e-01 -1.56000000e+00 -7.70388132e-07 -1.56000000e+00  1.00000000e-02 
-1.57000000e+00  2.80000000e-01 -1.57000000e+00 -7.76331242e-07 -1.57000000e+00  1.00000000e-02 
-1.58000000e+00  2.70000000e-01 -1.58000000e+00 -7.82078863e-07 -1.58000000e+00  1.00000000e-02 
-1.59000000e+00  2.60000000e-01 -1.59000000e+00 -7.87640159e-07 -1.59000000e+00  1.00000000e-02 
-1.60000000e+00  2.50000000e-01 -1.60000000e+00 -7.93023737e-07 -1.60000000e+00  1.00000000e-02 
-1.61000000e+00  2.40000000e-01 -1.61000000e+00 -7.98237693e-07 -1.61000000e+00  1.00000000e-02 
-1.62000000e+00  2.30000000e-01 -1.62000000e+00 -8.03289644e-07 -1.62000000e+00  1.00000000e-02 
-1.63000000e+00  2.20000000e-01 -1.63000000e+00 -8.08186763e-07 -1.63000000e+00  1.00000000e-02 
-1.64000000e+00  2.10000000e-01 -1.64000000e+00 -8.12935814e-07 -1.64000000e+00  1.00000000e-02 
-1.65000000e+00  2.00000000e-01 -1.65000000e+00 -8.17543175e-07 -1.65000000e+00  1.00000000e-02 
-1.66000000e+00  1.90000000e-01 -1.66000000e+00 -8.22014868e-07 -1.66000000e+00  1.00000000e-02 
-1.67000000e+00  1.80000000e-01 -1.67000000e+00 -8.26356584e-07 -1.67000000e+00  1.00000000e-02 
-1.68000000e+00  1.70000000e-01 -1.68000000e+00 -8.30573700e-07 -1.68000000e+00  1.00000000e-02 
-1.69000000e+00  1.60000000e-01 -1.69000000e+00 -8.34671306e-07 -1.69000000e+00  1.00000000e-02 
-1.70000000e+00  1.50000000e-01 -1.70000000e+00 -8.38654221e-07 -1.70000000e+00  1.00000000e-02 
-1.71000000e+00  1.40000000e-01 -1.71000000e+00 -8.42527011e-07 -1.71000000e+00  1.00000000e-02 
-1.72000000e+00  1.30000000e-01 -1.72000000e+00 -8.46294003e-07 -1.72000000e+00  1.00000000e-02 
-1.73000000e+00  1.20000000e-01 -1.73000000e+00 -8.49959305e-07 -1.73000000e+00  1.00000000e-02 
-1.74000000e+00  1.10000000e-01 -1.74000000e+00 -8.53526815e-07 -1.74000000e+00  1.00000000e-02 
-1.75000000e+00  1.00000000e-01 -1.75000000e+00 -8.57000236e-07 -1.75000000e+00  1.00000000e-02 
-1.76000000e+00  9.00000000e-02 -1.76000000e+00 -8.60383089e-07 -1.76000000e+00  1.00000000e-02 
-1.77000000e+00  8.00000000e-02 -1.77000000e+00 -8.63678721e-07 -1.77000000e+00  1.00000000e-02 
-1.78000000e+00  7.00000000e-02 -1.78000000e+00 -8.66890319e-07 -1.78000000e+00  1.00000000e-02 
-1.79000000e+00  6.00000000e-02 -1.79000000e+00 -8.70020916e-07 -1.79000000e+00  1.00000000e-02 
-1.80000000e+00  5.00000000e-02 -1.80000000e+00 -8.73073404e-07 -1.80000000e+00  1.00000000e-02 
-1.81000000e+00  4.00000000e-02 -1.81000000e+00 -8.76050537e-07 -1.81000000e+00  1.00000000e-02 
-1.82000000e+00  3.00000000e-02 -1.82000000e+00 -8.78954945e-07 -1.82000000e+00  1.00000000e-02 
-1.83000000e+00  2.00000000e-02 -1.83000000e+00 -8.81789134e-07 -1.83000000e+00  1.00000000e-02 
-1.84000000e+00  1.00000000e-02 -1.84000000e+00 -8.84555501e-07 -1.84000000e+00  1.00000000e-02 
-1.85000000e+00 -1.33226763e-15 -1.85000000e+00 -8.87256333e-07 -1.85000000e+00  1.00000000e-02 
