 0.00000000e+00  1.85000000e+00  0.00000000e+00 -8.83286393e-38  0.00000000e+00  7.40000000e-01 
-1.00000000e-02  1.84000000e+00 -1.00000000e-02 -8.83286393e-38 -1.00000000e-02  7.40000000e-01 
-2.00000000e-02  1.83000000e+00 -2.00000000e-02 -8.83286393e-38 -2.00000000e-02  7.40000000e-01 
-3.00000000e-02  1.82000000e+00 -3.00000000e-02 -8.83286393e-38 -3.00000000e-02  7.40000000e-01 
-4.00000000e-02  1.81000000e+00 -4.00000000e-02 -8.83286393e-38 -4.00000000e-02  7.40000000e-01 
-5.00000000e-02  1.80000000e+00 -5.00000000e-02 -8.83286393e-38 -5.00000000e-02  7.40000000e-01 
-6.00000000e-02  1.79000000e+00 -6.00000000e-02 -8.83286393e-38 -6.00000000e-02  7.40000000e-01 
-7.00000000e-02  1.78000000e+00 -7.00000000e-02 -8.83286393e-38 -7.00000000e-02  7.40000000e-01 
-8.00000000e-02  1.77000000e+00 -8.00000000e-02 -8.83286393e-38 -8.00000000e-02  7.40000000e-01 
-9.00000000e-02  1.76000000e+00 -9.00000000e-02 -8.83286393e-38 -9.00000000e-02  7.40000000e-01 
-1.00000000e-01  1.75000000e+00 -1.00000000e-01 -8.83286393e-38 -1.00000000e-01  7.40000000e-01 
-1.10000000e-01  1.74000000e+00 -1.10000000e-01 -8.83286393e-38 -1.10000000e-01  7.40000000e-01 
-1.20000000e-01  1.73000000e+00 -1.20000000e-01 -8.83286393e-38 -1.20000000e-01  7.40000000e-01 
-1.30000000e-01  1.72000000e+00 -1.30000000e-01 -8.83286393e-38 -1.30000000e-01  7.40000000e-01 
-1.40000000e-01  1.71000000e+00 -1.40000000e-01 -1.12154309e-37 -1.40000000e-01  7.40000000e-01 
-1.50000000e-01  1.70000000e+00 -1.50000000e-01 -1.93824576e-37 -1.50000000e-01  7.40000000e-01 
-1.60000000e-01  1.69000000e+00 -1.60000000e-01 -3.34966766e-37 -1.60000000e-01  7.40000000e-01 
-1.70000000e-01  1.68000000e+00 -1.70000000e-01 -5.78888069e-37 -1.70000000e-01  7.40000000e-01 
-1.80000000e-01  1.67000000e+00 -1.80000000e-01 -1.00043177e-36 -1.80000000e-01  7.40000000e-01 
-1.90000000e-01  1.66000000e+00 -1.90000000e-01 -1.72894172e-36 -1.90000000e-01  7.40000000e-01 
-2.00000000e-01  1.65000000e+00 -2.00000000e-01 -2.98794936e-36 -2.00000000e-01  7.40000000e-01 
-2.10000000e-01  1.64000000e+00 -2.10000000e-01 -5.16376073e-36 -2.10000000e-01  7.40000000e-01 
-2.20000000e-01  1.63000000e+00 -2.20000000e-01 -8.92398821e-36 -2.20000000e-01  7.40000000e-01 
-2.30000000e-01  1.62000000e+00 -2.30000000e-01 -1.54223966e-35 -2.30000000e-01  7.40000000e-01 
-2.40000000e-01  1.61000000e+00 -2.40000000e-01 -2.66529168e-35 -2.40000000e-01  7.40000000e-01 
-2.50000000e-01  1.60000000e+00 -2.50000000e-01 -4.60614517e-35 -2.50000000e-01  7.40000000e-01 
-2.60000000e-01  1.59000000e+00 -2.60000000e-01 -7.96031951e-35 -2.60000000e-01  7.40000000e-01 
-2.70000000e-01  1.58000000e+00 -2.70000000e-01 -1.37569886e-34 -2.70000000e-01  7.40000000e-01 
-2.80000000e-01  1.57000000e+00 -2.80000000e-01 -2.37747662e-34 -2.80000000e-01  7.40000000e-01 
-2.90000000e-01  1.56000000e+00 -2.90000000e-01 -4.10874448e-34 -2.90000000e-01  7.40000000e-01 
-3.00000000e-01  1.55000000e+00 -3.00000000e-01 -7.10071384e-34 -3.00000000e-01  7.40000000e-01 
-3.10000000e-01  1.54000000e+00 -3.10000000e-01 -1.22714219e-33 -3.10000000e-01  7.40000000e-01 
-3.20000000e-01  1.53000000e+00 -3.20000000e-01 -2.12074165e-33 -3.20000000e-01  7.40000000e-01 
-3.30000000e-01  1.52000000e+00 -3.30000000e-01 -3.66505625e-33 -3.30000000e-01  7.40000000e-01 
-3.40000000e-01  1.51000000e+00 -3.40000000e-01 -6.33393384e-33 -3.40000000e-01  7.40000000e-01 
-3.50000000e-01  1.50000000e+00 -3.50000000e-01 -1.09462762e-32 -3.50000000e-01  7.40000000e-01 
-3.60000000e-01  1.49000000e+00 -3.60000000e-01 -1.89173055e-32 -3.60000000e-01  7.40000000e-01 
-3.70000000e-01  1.48000000e+00 -3.70000000e-01 -3.26928029e-32 -3.70000000e-01  7.40000000e-01 
-3.80000000e-01  1.47000000e+00 -3.80000000e-01 -5.64995559e-32 -3.80000000e-01  7.40000000e-01 
-3.90000000e-01  1.46000000e+00 -3.90000000e-01 -9.76422800e-32 -3.90000000e-01  7.40000000e-01 
-4.00000000e-01  1.45000000e+00 -4.00000000e-01 -1.68744952e-31 -4.00000000e-01  7.40000000e-01 
-4.10000000e-01  1.44000000e+00 -4.10000000e-01 -2.91624272e-31 -4.10000000e-01  7.40000000e-01 
-4.20000000e-01  1.43000000e+00 -4.20000000e-01 -5.03983763e-31 -4.20000000e-01  7.40000000e-01 
-4.30000000e-01  1.42000000e+00 -4.30000000e-01 -8.70982487e-31 -4.30000000e-01  7.40000000e-01 
-4.40000000e-01  1.41000000e+00 -4.40000000e-01 -1.50522804e-30 -4.40000000e-01  7.40000000e-01 
-4.50000000e-01  1.40000000e+00 -4.50000000e-01 -2.60132837e-30 -4.50000000e-01  7.40000000e-01 
-4.60000000e-01  1.39000000e+00 -4.60000000e-01 -4.49560406e-30 -4.60000000e-01  7.40000000e-01 
-4.70000000e-01  1.38000000e+00 -4.70000000e-01 -7.76928282e-30 -4.70000000e-01  7.40000000e-01 
-4.80000000e-01  1.37000000e+00 -4.80000000e-01 -1.34268398e-29 -4.80000000e-01  7.40000000e-01 
-4.90000000e-01  1.36000000e+00 -4.90000000e-01 -2.32042043e-29 -4.90000000e-01  7.40000000e-01 
-5.00000000e-01  1.35000000e+00 -5.00000000e-01 -4.01014014e-29 -5.00000000e-01  7.40000000e-01 
-5.10000000e-01  1.34000000e+00 -5.10000000e-01 -1.21280354e-28 -5.10000000e-01  7.40000000e-01 
-5.20000000e-01  1.33000000e+00 -5.20000000e-01 -3.59307627e-28 -5.20000000e-01  7.40000000e-01 
-5.30000000e-01  1.32000000e+00 -5.30000000e-01 -1.06079562e-27 -5.30000000e-01  7.40000000e-01 
-5.40000000e-01  1.31000000e+00 -5.40000000e-01 -3.17467121e-27 -5.40000000e-01  7.40000000e-01 
-5.50000000e-01  1.30000000e+00 -5.50000000e-01 -9.50468920e-27 -5.50000000e-01  7.40000000e-01 
-5.60000000e-01  1.29000000e+00 -5.60000000e-01 -2.83113707e-26 -5.60000000e-01  7.40000000e-01 
-5.70000000e-01  1.28000000e+00 -5.70000000e-01 -8.46999365e-26 -5.70000000e-01  7.40000000e-01 
-5.80000000e-01  1.27000000e+00 -5.80000000e-01 -2.52471504e-25 -5.80000000e-01  7.40000000e-01 
-5.90000000e-01  1.26000000e+00 -5.90000000e-01 -7.54768691e-25 -5.90000000e-01  7.40000000e-01 
-6.00000000e-01  1.25000000e+00 -6.00000000e-01 -2.25377796e-24 -6.00000000e-01  7.40000000e-01 
-6.10000000e-01  1.24000000e+00 -6.10000000e-01 -6.73172809e-24 -6.10000000e-01  7.40000000e-01 
-6.20000000e-01  1.23000000e+00 -6.20000000e-01 -2.01008160e-23 -6.20000000e-01  7.40000000e-01 
-6.30000000e-01  1.22000000e+00 -6.30000000e-01 -6.00371197e-23 -6.30000000e-01  7.40000000e-01 
-6.40000000e-01  1.21000000e+00 -6.40000000e-01 -1.79305050e-22 -6.40000000e-01  7.40000000e-01 
-6.50000000e-01  1.20000000e+00 -6.50000000e-01 -5.35486383e-22 -6.50000000e-01  7.40000000e-01 
-6.60000000e-01  1.19000000e+00 -6.60000000e-01 -1.59910534e-21 -6.60000000e-01  7.40000000e-01 
-6.70000000e-01  1.18000000e+00 -6.70000000e-01 -4.77506978e-21 -6.70000000e-01  7.40000000e-01 
-6.80000000e-01  1.17000000e+00 -6.80000000e-01 -1.42566434e-20 -6.80000000e-01  7.40000000e-01 
-6.90000000e-01  1.16000000e+00 -6.90000000e-01 -4.25547906e-20 -6.90000000e-01  7.40000000e-01 
-7.00000000e-01  1.15000000e+00 -7.00000000e-01 -1.26968904e-19 -7.00000000e-01  7.40000000e-01 
-7.10000000e-01  1.14000000e+00 -7.10000000e-01 -3.78557629e-19 -7.10000000e-01  7.40000000e-01 
-7.20000000e-01  1.13000000e+00 -7.20000000e-01 -1.12726049e-18 -7.20000000e-01  7.40000000e-01 
-7.30000000e-01  1.12000000e+00 -7.30000000e-01 -3.34954875e-18 -7.30000000e-01  7.40000000e-01 
-7.40000000e-01  1.11000000e+00 -7.40000000e-01 -9.91650301e-18 -7.40000000e-01  7.40000000e-01 
-7.50000000e-01  1.10000000e+00 -7.50000000e-01 -2.91765738e-17 -7.50000000e-01  7.40000000e-01 
-7.60000000e-01  1.09000000e+00 -7.60000000e-01 -8.49566595e-17 -7.60000000e-01  7.40000000e-01 
-7.70000000e-01  1.08000000e+00 -7.70000000e-01 -2.43204874e-16 -7.70000000e-01  7.40000000e-01 
-7.80000000e-01  1.07000000e+00 -7.80000000e-01 -6.77757789e-16 -7.80000000e-01  7.40000000e-01 
-7.90000000e-01  1.06000000e+00 -7.90000000e-01 -1.81439065e-15 -7.90000000e-01  7.40000000e-01 
-8.00000000e-01  1.05000000e+00 -8.00000000e-01 -4.59566447e-15 -8.00000000e-01  7.40000000e-01 
-8.10000000e-01  1.04000000e+00 -8.10000000e-01 -1.08713064e-14 -8.10000000e-01  7.40000000e-01 
-8.20000000e-01  1.03000000e+00 -8.20000000e-01 -2.38848678e-14 -8.20000000e-01  7.40000000e-01 
-8.30000000e-01  1.02000000e+00 -8.30000000e-01 -4.89643946e-14 -8.30000000e-01  7.40000000e-01 
-8.40000000e-01  1.01000000e+00 -8.40000000e-01 -9.48391796e-14 -8.40000000e-01  7.40000000e-01 
-8.50000000e-01  1.00000000e+00 -8.50000000e-01 -1.76214039e-13 -8.50000000e-01  7.40000000e-01 
-8.60000000e-01  9.90000000e-01 -8.60000000e-01 -3.18371647e-13 -8.60000000e-01  7.40000000e-01 
-8.70000000e-01  9.80000000e-01 -8.70000000e-01 -5.65065801e-13 -8.70000000e-01  7.40000000e-01 
-8.80000000e-01  9.70000000e-01 -8.80000000e-01 -9.92041684e-13 -8.80000000e-01  7.40000000e-01 
-8.90000000e-01  9.60000000e-01 -8.90000000e-01 -1.73032508e-12 -8.90000000e-01  7.40000000e-01 
-9.00000000e-01  9.50000000e-01 -9.00000000e-01 -3.00644459e-12 -9.00000000e-01  7.40000000e-01 
-9.10000000e-01  9.40000000e-01 -9.10000000e-01 -5.21194215e-12 -9.10000000e-01  7.40000000e-01 
-9.20000000e-01  9.30000000e-01 -9.20000000e-01 -9.02350446e-12 -9.20000000e-01  7.40000000e-01 
-9.30000000e-01  9.20000000e-01 -9.30000000e-01 -1.56105704e-11 -9.30000000e-01  7.40000000e-01 
-9.40000000e-01  9.10000000e-01 -9.40000000e-01 -2.69940923e-11 -9.40000000e-01  7.40000000e-01 
-9.50000000e-01  9.00000000e-01 -9.50000000e-01 -4.66664623e-11 -9.50000000e-01  7.40000000e-01 
-9.60000000e-01  8.90000000e-01 -9.60000000e-01 -8.06626178e-11 -9.60000000e-01  7.40000000e-01 
-9.70000000e-01  8.80000000e-01 -9.70000000e-01 -1.39410385e-10 -9.70000000e-01  7.40000000e-01 
-9.80000000e-01  8.70000000e-01 -9.80000000e-01 -2.40926064e-10 -9.80000000e-01  7.40000000e-01 
-9.90000000e-01  8.60000000e-01 -9.90000000e-01 -4.16330577e-10 -9.90000000e-01  7.40000000e-01 
-1.00000000e+00  8.50000000e-01 -1.00000000e+00 -7.19363323e-10 -1.00000000e+00  7.40000000e-01 
-1.01000000e+00  8.40000000e-01 -1.01000000e+00 -1.24276705e-09 -1.01000000e+00  7.40000000e-01 
-1.02000000e+00  8.30000000e-01 -1.02000000e+00 -2.14643498e-09 -1.02000000e+00  7.40000000e-01 
-1.03000000e+00  8.20000000e-01 -1.03000000e+00 -3.70555285e-09 -1.03000000e+00  7.40000000e-01 
-1.04000000e+00  8.10000000e-01 -1.04000000e+00 -6.39231565e-09 -1.04000000e+00  7.40000000e-01 
-1.05000000e+00  8.00000000e-01 -1.05000000e+00 -1.10128038e-08 -1.05000000e+00  7.40000000e-01 
-1.06000000e+00  7.90000000e-01 -1.06000000e+00 -1.89309504e-08 -1.06000000e+00  7.40000000e-01 
-1.07000000e+00  7.80000000e-01 -1.07000000e+00 -3.24199860e-08 -1.07000000e+00  7.40000000e-01 
-1.08000000e+00  7.70000000e-01 -1.08000000e+00 -5.51728087e-08 -1.08000000e+00  7.40000000e-01 
-1.09000000e+00  7.60000000e-01 -1.09000000e+00 -9.29367502e-08 -1.09000000e+00  7.40000000e-01 
-1.10000000e+00  7.50000000e-01 -1.10000000e+00 -1.54048022e-07 -1.10000000e+00  7.40000000e-01 
-1.11000000e+00  7.40000000e-01 -1.11000000e+00 -2.49306121e-07 -1.11000000e+00  7.40000000e-01 
-1.12000000e+00  7.30000000e-01 -1.12000000e+00 -3.90422306e-07 -1.12000000e+00  7.40000000e-01 
-1.13000000e+00  7.20000000e-01 -1.13000000e+00 -5.86908091e-07 -1.13000000e+00  7.40000000e-01 
-1.14000000e+00  7.10000000e-01 -1.14000000e+00 -8.42901141e-07 -1.14000000e+00  7.40000000e-01 
-1.15000000e+00  7.00000000e-01 -1.15000000e+00 -1.15620916e-06 -1.15000000e+00  7.40000000e-01 
-1.16000000e+00  6.90000000e-01 -1.16000000e+00 -1.52009935e-06 -1.16000000e+00  7.40000000e-01 
-1.17000000e+00  6.80000000e-01 -1.17000000e+00 -1.92613381e-06 -1.17000000e+00  7.40000000e-01 
-1.18000000e+00  6.70000000e-01 -1.18000000e+00 -2.36629151e-06 -1.18000000e+00  7.40000000e-01 
-1.19000000e+00  6.60000000e-01 -1.19000000e+00 -2.83390659e-06 -1.19000000e+00  7.40000000e-01 
-1.20000000e+00  6.50000000e-01 -1.20000000e+00 -3.32379234e-06 -1.20000000e+00  7.40000000e-01 
-1.21000000e+00  6.40000000e-01 -1.21000000e+00 -3.83201376e-06 -1.21000000e+00  7.40000000e-01 
-1.22000000e+00  6.30000000e-01 -1.22000000e+00 -4.35558600e-06 -1.22000000e+00  7.40000000e-01 
-1.23000000e+00  6.20000000e-01 -1.23000000e+00 -4.89221135e-06 -1.23000000e+00  7.40000000e-01 
-1.24000000e+00  6.10000000e-01 -1.24000000e+00 -5.44008096e-06 -1.24000000e+00  7.40000000e-01 
-1.25000000e+00  6.00000000e-01 -1.25000000e+00 -5.99773514e-06 -1.25000000e+00  7.40000000e-01 
-1.26000000e+00  5.90000000e-01 -1.26000000e+00 -6.56396761e-06 -1.26000000e+00  7.40000000e-01 
-1.27000000e+00  5.80000000e-01 -1.27000000e+00 -7.13776040e-06 -1.27000000e+00  7.40000000e-01 
-1.28000000e+00  5.70000000e-01 -1.28000000e+00 -7.71823935e-06 -1.28000000e+00  7.40000000e-01 
-1.29000000e+00  5.60000000e-01 -1.29000000e+00 -8.30464314e-06 -1.29000000e+00  7.40000000e-01 
-1.30000000e+00  5.50000000e-01 -1.30000000e+00 -8.89630118e-06 -1.30000000e+00  7.40000000e-01 
-1.31000000e+00  5.40000000e-01 -1.31000000e+00 -9.49261748e-06 -1.31000000e+00  7.40000000e-01 
-1.32000000e+00  5.30000000e-01 -1.32000000e+00 -1.00930584e-05 -1.32000000e+00  7.40000000e-01 
-1.33000000e+00  5.20000000e-01 -1.33000000e+00 -1.06971434e-05 -1.33000000e+00  7.40000000e-01 
-1.34000000e+00  5.10000000e-01 -1.34000000e+00 -1.13044372e-05 -1.34000000e+00  7.40000000e-01 
-1.35000000e+00  5.00000000e-01 -1.35000000e+00 -1.19145438e-05 -1.35000000e+00  7.40000000e-01 
-1.36000000e+00  4.90000000e-01 -1.36000000e+00 -1.25271015e-05 -1.36000000e+00  7.40000000e-01 
-1.37000000e+00  4.80000000e-01 -1.37000000e+00 -1.31417784e-05 -1.37000000e+00  7.40000000e-01 
-1.38000000e+00  4.70000000e-01 -1.38000000e+00 -1.37582690e-05 -1.38000000e+00  7.40000000e-01 
-1.39000000e+00  4.60000000e-01 -1.39000000e+00 -1.43762909e-05 -1.39000000e+00  7.40000000e-01 
-1.40000000e+00  4.50000000e-01 -1.40000000e+00 -1.49955821e-05 -1.40000000e+00  7.40000000e-01 
-1.41000000e+00  4.40000000e-01 -1.41000000e+00 -1.56158986e-05 -1.41000000e+00  7.40000000e-01 
-1.42000000e+00  4.30000000e-01 -1.42000000e+00 -1.62370126e-05 -1.42000000e+00  7.40000000e-01 
-1.43000000e+00  4.20000000e-01 -1.43000000e+00 -1.68587103e-05 -1.43000000e+00  7.40000000e-01 
-1.44000000e+00  4.10000000e-01 -1.44000000e+00 -1.74807906e-05 -1.44000000e+00  7.40000000e-01 
-1.45000000e+00  4.00000000e-01 -1.45000000e+00 -1.81030635e-05 -1.45000000e+00  7.40000000e-01 
-1.46000000e+00  3.90000000e-01 -1.46000000e+00 -1.87253488e-05 -1.46000000e+00  7.40000000e-01 
-1.47000000e+00  3.80000000e-01 -1.47000000e+00 -1.93474753e-05 -1.47000000e+00  7.40000000e-01 
-1.48000000e+00  3.70000000e-01 -1.48000000e+00 -1.99692794e-05 -1.48000000e+00  7.40000000e-01 
-1.49000000e+00  3.60000000e-01 -1.49000000e+00 -2.05906042e-05 -1.49000000e+00  7.40000000e-01 
-1.50000000e+00  3.50000000e-01 -1.50000000e+00 -2.12112993e-05 -1.50000000e+00  7.40000000e-01 
-1.51000000e+00  3.40000000e-01 -1.51000000e+00 -2.18312190e-05 -1.51000000e+00  7.40000000e-01 
-1.52000000e+00  3.30000000e-01 -1.52000000e+00 -2.24502229e-05 -1.52000000e+00  7.40000000e-01 
-1.53000000e+00  3.20000000e-01 -1.53000000e+00 -2.30681743e-05 -1.53000000e+00  7.40000000e-01 
-1.54000000e+00  3.10000000e-01 -1.54000000e+00 -2.36849401e-05 -1.54000000e+00  7.40000000e-01 
-1.55000000e+00  3.00000000e-01 -1.55000000e+00 -2.43003902e-05 -1.55000000e+00  7.40000000e-01 
-1.56000000e+00  2.90000000e-01 -1.56000000e+00 -2.49143973e-05 -1.56000000e+00  7.40000000e-01 
-1.57000000e+00  2.80000000e-01 -1.57000000e+00 -2.55268362e-05 -1.57000000e+00  7.40000000e-01 
-1.58000000e+00  2.70000000e-01 -1.58000000e+00 -2.61375837e-05 -1.58000000e+00  7.40000000e-01 
-1.59000000e+00  2.60000000e-01 -1.59000000e+00 -2.67465179e-05 -1.59000000e+00  7.40000000e-01 
-1.60000000e+00  2.50000000e-01 -1.60000000e+00 -2.73535183e-05 -1.60000000e+00  7.40000000e-01 
-1.61000000e+00  2.40000000e-01 -1.61000000e+00 -2.79584656e-05 -1.61000000e+00  7.40000000e-01 
-1.62000000e+00  2.30000000e-01 -1.62000000e+00 -2.85612409e-05 -1.62000000e+00  7.40000000e-01 
-1.63000000e+00  2.20000000e-01 -1.63000000e+00 -2.91617262e-05 -1.63000000e+00  7.40000000e-01 
-1.64000000e+00  2.10000000e-01 -1.64000000e+00 -2.97598035e-05 -1.64000000e+00  7.40000000e-01 
-1.65000000e+00  2.00000000e-01 -1.65000000e+00 -3.03553555e-05 -1.65000000e+00  7.40000000e-01 
-1.66000000e+00  1.90000000e-01 -1.66000000e+00 -3.09482646e-05 -1.66000000e+00  7.40000000e-01 
-1.67000000e+00  1.80000000e-01 -1.67000000e+00 -3.15384134e-05 -1.67000000e+00  7.40000000e-01 
-1.68000000e+00  1.70000000e-01 -1.68000000e+00 -3.21256843e-05 -1.68000000e+00  7.40000000e-01 
-1.69000000e+00  1.60000000e-01 -1.69000000e+00 -3.27099596e-05 -1.69000000e+00  7.40000000e-01 
-1.70000000e+00  1.50000000e-01 -1.70000000e+00 -3.32911214e-05 -1.70000000e+00  7.40000000e-01 
-1.71000000e+00  1.40000000e-01 -1.71000000e+00 -3.38690516e-05 -1.71000000e+00  7.40000000e-01 
-1.72000000e+00  1.30000000e-01 -1.72000000e+00 -3.44436316e-05 -1.72000000e+00  7.40000000e-01 
-1.73000000e+00  1.20000000e-01 -1.73000000e+00 -3.50147430e-05 -1.73000000e+00  7.40000000e-01 
-1.74000000e+00  1.10000000e-01 -1.74000000e+00 -3.55822670e-05 -1.74000000e+00  7.40000000e-01 
-1.75000000e+00  1.00000000e-01 -1.75000000e+00 -3.61460847e-05 -1.75000000e+00  7.40000000e-01 
-1.76000000e+00  9.00000000e-02 -1.76000000e+00 -3.67060773e-05 -1.76000000e+00  7.40000000e-01 
-1.77000000e+00  8.00000000e-02 -1.77000000e+00 -3.72621260e-05 -1.77000000e+00  7.40000000e-01 
-1.78000000e+00  7.00000000e-02 -1.78000000e+00 -3.78141123e-05 -1.78000000e+00  7.40000000e-01 
-1.79000000e+00  6.00000000e-02 -1.79000000e+00 -3.83619180e-05 -1.79000000e+00  7.40000000e-01 
-1.80000000e+00  5.00000000e-02 -1.80000000e+00 -3.89054256e-05 -1.80000000e+00  7.40000000e-01 
-1.81000000e+00  4.00000000e-02 -1.81000000e+00 -3.94445182e-05 -1.81000000e+00  7.40000000e-01 
-1.82000000e+00  3.00000000e-02 -1.82000000e+00 -3.99790800e-05 -1.82000000e+00  7.40000000e-01 
-1.83000000e+00  2.00000000e-02 -1.83000000e+00 -4.05089961e-05 -1.83000000e+00  7.40000000e-01 
-1.84000000e+00  1.00000000e-02 -1.84000000e+00 -4.10341533e-05 -1.84000000e+00  7.40000000e-01 
-1.85000000e+00 -1.33226763e-15 -1.85000000e+00 -4.15544401e-05 -1.85000000e+00  7.40000000e-01 
