 0.00000000e+00 -1.85000000e+00  0.00000000e+00 -0.00000000e+00  0.00000000e+00  0.00000000e+00 
-1.00000000e-02 -1.85000000e+00 -1.00000000e-02 -8.87256333e-07 -1.00000000e-02 -1.00000000e-02 
-2.00000000e-02 -1.85000000e+00 -2.00000000e-02 -1.77010252e-06 -2.00000000e-02 -2.00000000e-02 
-3.00000000e-02 -1.85000000e+00 -3.00000000e-02 -2.64805548e-06 -3.00000000e-02 -3.00000000e-02 
-4.00000000e-02 -1.85000000e+00 -4.00000000e-02 -3.52078170e-06 -4.00000000e-02 -4.00000000e-02 
-5.00000000e-02 -1.85000000e+00 -5.00000000e-02 -4.38801672e-06 -5.00000000e-02 -5.00000000e-02 
-6.00000000e-02 -1.85000000e+00 -6.00000000e-02 -5.24953213e-06 -6.00000000e-02 -6.00000000e-02 
-7.00000000e-02 -1.85000000e+00 -7.00000000e-02 -6.10511963e-06 -7.00000000e-02 -7.00000000e-02 
-8.00000000e-02 -1.85000000e+00 -8.00000000e-02 -6.95458246e-06 -8.00000000e-02 -8.00000000e-02 
-9.00000000e-02 -1.85000000e+00 -9.00000000e-02 -7.79773042e-06 -9.00000000e-02 -9.00000000e-02 
-1.00000000e-01 -1.85000000e+00 -1.00000000e-01 -8.63437672e-06 -1.00000000e-01 -1.00000000e-01 
-1.10000000e-01 -1.85000000e+00 -1.10000000e-01 -9.46433596e-06 -1.10000000e-01 -1.10000000e-01 
-1.20000000e-01 -1.85000000e+00 -1.20000000e-01 -1.02874227e-05 -1.20000000e-01 -1.20000000e-01 
-1.30000000e-01 -1.85000000e+00 -1.30000000e-01 -1.11034507e-05 -1.30000000e-01 -1.30000000e-01 
-1.40000000e-01 -1.85000000e+00 -1.40000000e-01 -1.19122319e-05 -1.40000000e-01 -1.40000000e-01 
-1.50000000e-01 -1.85000000e+00 -1.50000000e-01 -1.27135762e-05 -1.50000000e-01 -1.50000000e-01 
-1.60000000e-01 -1.85000000e+00 -1.60000000e-01 -1.35072911e-05 -1.60000000e-01 -1.60000000e-01 
-1.70000000e-01 -1.85000000e+00 -1.70000000e-01 -1.42931814e-05 -1.70000000e-01 -1.70000000e-01 
-1.80000000e-01 -1.85000000e+00 -1.80000000e-01 -1.50710491e-05 -1.80000000e-01 -1.80000000e-01 
-1.90000000e-01 -1.85000000e+00 -1.90000000e-01 -1.58406935e-05 -1.90000000e-01 -1.90000000e-01 
-2.00000000e-01 -1.85000000e+00 -2.00000000e-01 -1.66019110e-05 -2.00000000e-01 -2.00000000e-01 
-2.10000000e-01 -1.85000000e+00 -2.10000000e-01 -1.73544955e-05 -2.10000000e-01 -2.10000000e-01 
-2.20000000e-01 -1.85000000e+00 -2.20000000e-01 -1.80982383e-05 -2.20000000e-01 -2.20000000e-01 
-2.30000000e-01 -1.85000000e+00 -2.30000000e-01 -1.88329287e-05 -2.30000000e-01 -2.30000000e-01 
-2.40000000e-01 -1.85000000e+00 -2.40000000e-01 -1.95583540e-05 -2.40000000e-01 -2.40000000e-01 
-2.50000000e-01 -1.85000000e+00 -2.50000000e-01 -2.02743001e-05 -2.50000000e-01 -2.50000000e-01 
-2.60000000e-01 -1.85000000e+00 -2.60000000e-01 -2.09805520e-05 -2.60000000e-01 -2.60000000e-01 
-2.70000000e-01 -1.85000000e+00 -2.70000000e-01 -2.16768944e-05 -2.70000000e-01 -2.70000000e-01 
-2.80000000e-01 -1.85000000e+00 -2.80000000e-01 -2.23631122e-05 -2.80000000e-01 -2.80000000e-01 
-2.90000000e-01 -1.85000000e+00 -2.90000000e-01 -2.30389915e-05 -2.90000000e-01 -2.90000000e-01 
-3.00000000e-01 -1.85000000e+00 -3.00000000e-01 -2.37043203e-05 -3.00000000e-01 -3.00000000e-01 
-3.10000000e-01 -1.85000000e+00 -3.10000000e-01 -2.43588898e-05 -3.10000000e-01 -3.10000000e-01 
-3.20000000e-01 -1.85000000e+00 -3.20000000e-01 -2.50024948e-05 -3.20000000e-01 -3.20000000e-01 
-3.30000000e-01 -1.85000000e+00 -3.30000000e-01 -2.56349355e-05 -3.30000000e-01 -3.30000000e-01 
-3.40000000e-01 -1.85000000e+00 -3.40000000e-01 -2.62560184e-05 -3.40000000e-01 -3.40000000e-01 
-3.50000000e-01 -1.85000000e+00 -3.50000000e-01 -2.68655579e-05 -3.50000000e-01 -3.50000000e-01 
-3.60000000e-01 -1.85000000e+00 -3.60000000e-01 -2.74633772e-05 -3.60000000e-01 -3.60000000e-01 
-3.70000000e-01 -1.85000000e+00 -3.70000000e-01 -2.80493105e-05 -3.70000000e-01 -3.70000000e-01 
-3.80000000e-01 -1.85000000e+00 -3.80000000e-01 -2.86232039e-05 -3.80000000e-01 -3.80000000e-01 
-3.90000000e-01 -1.85000000e+00 -3.90000000e-01 -2.91849172e-05 -3.90000000e-01 -3.90000000e-01 
-4.00000000e-01 -1.85000000e+00 -4.00000000e-01 -2.97343256e-05 -4.00000000e-01 -4.00000000e-01 
-4.10000000e-01 -1.85000000e+00 -4.10000000e-01 -3.02713208e-05 -4.10000000e-01 -4.10000000e-01 
-4.20000000e-01 -1.85000000e+00 -4.20000000e-01 -3.07958129e-05 -4.20000000e-01 -4.20000000e-01 
-4.30000000e-01 -1.85000000e+00 -4.30000000e-01 -3.13077319e-05 -4.30000000e-01 -4.30000000e-01 
-4.40000000e-01 -1.85000000e+00 -4.40000000e-01 -3.18070283e-05 -4.40000000e-01 -4.40000000e-01 
-4.50000000e-01 -1.85000000e+00 -4.50000000e-01 -3.22936751e-05 -4.50000000e-01 -4.50000000e-01 
-4.60000000e-01 -1.85000000e+00 -4.60000000e-01 -3.27676682e-05 -4.60000000e-01 -4.60000000e-01 
-4.70000000e-01 -1.85000000e+00 -4.70000000e-01 -3.32290275e-05 -4.70000000e-01 -4.70000000e-01 
-4.80000000e-01 -1.85000000e+00 -4.80000000e-01 -3.36777973e-05 -4.80000000e-01 -4.80000000e-01 
-4.90000000e-01 -1.85000000e+00 -4.90000000e-01 -3.41140465e-05 -4.90000000e-01 -4.90000000e-01 
-5.00000000e-01 -1.85000000e+00 -5.00000000e-01 -3.45378690e-05 -5.00000000e-01 -5.00000000e-01 
-5.10000000e-01 -1.85000000e+00 -5.10000000e-01 -3.49493829e-05 -5.10000000e-01 -5.10000000e-01 
-5.20000000e-01 -1.85000000e+00 -5.20000000e-01 -3.53487305e-05 -5.20000000e-01 -5.20000000e-01 
-5.30000000e-01 -1.85000000e+00 -5.30000000e-01 -3.57360773e-05 -5.30000000e-01 -5.30000000e-01 
-5.40000000e-01 -1.85000000e+00 -5.40000000e-01 -3.61116107e-05 -5.40000000e-01 -5.40000000e-01 
-5.50000000e-01 -1.85000000e+00 -5.50000000e-01 -3.64755391e-05 -5.50000000e-01 -5.50000000e-01 
-5.60000000e-01 -1.85000000e+00 -5.60000000e-01 -3.68280902e-05 -5.60000000e-01 -5.60000000e-01 
-5.70000000e-01 -1.85000000e+00 -5.70000000e-01 -3.71695093e-05 -5.70000000e-01 -5.70000000e-01 
-5.80000000e-01 -1.85000000e+00 -5.80000000e-01 -3.75000574e-05 -5.80000000e-01 -5.80000000e-01 
-5.90000000e-01 -1.85000000e+00 -5.90000000e-01 -3.78200096e-05 -5.90000000e-01 -5.90000000e-01 
-6.00000000e-01 -1.85000000e+00 -6.00000000e-01 -3.81296526e-05 -6.00000000e-01 -6.00000000e-01 
-6.10000000e-01 -1.85000000e+00 -6.10000000e-01 -3.84292829e-05 -6.10000000e-01 -6.10000000e-01 
-6.20000000e-01 -1.85000000e+00 -6.20000000e-01 -3.87192048e-05 -6.20000000e-01 -6.20000000e-01 
-6.30000000e-01 -1.85000000e+00 -6.30000000e-01 -3.89997285e-05 -6.30000000e-01 -6.30000000e-01 
-6.40000000e-01 -1.85000000e+00 -6.40000000e-01 -3.92711677e-05 -6.40000000e-01 -6.40000000e-01 
-6.50000000e-01 -1.85000000e+00 -6.50000000e-01 -3.95338384e-05 -6.50000000e-01 -6.50000000e-01 
-6.60000000e-01 -1.85000000e+00 -6.60000000e-01 -3.97880568e-05 -6.60000000e-01 -6.60000000e-01 
-6.70000000e-01 -1.85000000e+00 -6.70000000e-01 -4.00341377e-05 -6.70000000e-01 -6.70000000e-01 
-6.80000000e-01 -1.85000000e+00 -6.80000000e-01 -4.02723933e-05 -6.80000000e-01 -6.80000000e-01 
-6.90000000e-01 -1.85000000e+00 -6.90000000e-01 -4.05031318e-05 -6.90000000e-01 -6.90000000e-01 
-7.00000000e-01 -1.85000000e+00 -7.00000000e-01 -4.07266560e-05 -7.00000000e-01 -7.00000000e-01 
-7.10000000e-01 -1.85000000e+00 -7.10000000e-01 -4.09432630e-05 -7.10000000e-01 -7.10000000e-01 
-7.20000000e-01 -1.85000000e+00 -7.20000000e-01 -4.11532425e-05 -7.20000000e-01 -7.20000000e-01 
-7.30000000e-01 -1.85000000e+00 -7.30000000e-01 -4.13568768e-05 -7.30000000e-01 -7.30000000e-01 
-7.40000000e-01 -1.85000000e+00 -7.40000000e-01 -4.15544401e-05 -7.40000000e-01 -7.40000000e-01 
-7.50000000e-01 -1.85000000e+00 -7.50000000e-01 -4.17461975e-05 -7.50000000e-01 -7.50000000e-01 
-7.60000000e-01 -1.85000000e+00 -7.60000000e-01 -4.19324058e-05 -7.60000000e-01 -7.60000000e-01 
-7.70000000e-01 -1.85000000e+00 -7.70000000e-01 -4.21133119e-05 -7.70000000e-01 -7.70000000e-01 
-7.80000000e-01 -1.85000000e+00 -7.80000000e-01 -4.22891541e-05 -7.80000000e-01 -7.80000000e-01 
-7.90000000e-01 -1.85000000e+00 -7.90000000e-01 -4.24601609e-05 -7.90000000e-01 -7.90000000e-01 
-8.00000000e-01 -1.85000000e+00 -8.00000000e-01 -4.26265516e-05 -8.00000000e-01 -8.00000000e-01 
-8.10000000e-01 -1.85000000e+00 -8.10000000e-01 -4.27885363e-05 -8.10000000e-01 -8.10000000e-01 
-8.20000000e-01 -1.85000000e+00 -8.20000000e-01 -4.29463161e-05 -8.20000000e-01 -8.20000000e-01 
-8.30000000e-01 -1.85000000e+00 -8.30000000e-01 -4.31000830e-05 -8.30000000e-01 -8.30000000e-01 
-8.40000000e-01 -1.85000000e+00 -8.40000000e-01 -4.32500204e-05 -8.40000000e-01 -8.40000000e-01 
-8.50000000e-01 -1.85000000e+00 -8.50000000e-01 -4.33963034e-05 -8.50000000e-01 -8.50000000e-01 
-8.60000000e-01 -1.85000000e+00 -8.60000000e-01 -4.35390986e-05 -8.60000000e-01 -8.60000000e-01 
-8.70000000e-01 -1.85000000e+00 -8.70000000e-01 -4.36785649e-05 -8.70000000e-01 -8.70000000e-01 
-8.80000000e-01 -1.85000000e+00 -8.80000000e-01 -4.38148535e-05 -8.80000000e-01 -8.80000000e-01 
-8.90000000e-01 -1.85000000e+00 -8.90000000e-01 -4.39481084e-05 -8.90000000e-01 -8.90000000e-01 
-9.00000000e-01 -1.85000000e+00 -9.00000000e-01 -4.40784663e-05 -9.00000000e-01 -9.00000000e-01 
-9.10000000e-01 -1.85000000e+00 -9.10000000e-01 -4.42060574e-05 -9.10000000e-01 -9.10000000e-01 
-9.20000000e-01 -1.85000000e+00 -9.20000000e-01 -4.43310055e-05 -9.20000000e-01 -9.20000000e-01 
-9.30000000e-01 -1.85000000e+00 -9.30000000e-01 -4.44534280e-05 -9.30000000e-01 -9.30000000e-01 
-9.40000000e-01 -1.85000000e+00 -9.40000000e-01 -4.45734366e-05 -9.40000000e-01 -9.40000000e-01 
-9.50000000e-01 -1.85000000e+00 -9.50000000e-01 -4.46911376e-05 -9.50000000e-01 -9.50000000e-01 
-9.60000000e-01 -1.85000000e+00 -9.60000000e-01 -4.48066317e-05 -9.60000000e-01 -9.60000000e-01 
-9.70000000e-01 -1.85000000e+00 -9.70000000e-01 -4.49200147e-05 -9.70000000e-01 -9.70000000e-01 
-9.80000000e-01 -1.85000000e+00 -9.80000000e-01 -4.50313776e-05 -9.80000000e-01 -9.80000000e-01 
-9.90000000e-01 -1.85000000e+00 -9.90000000e-01 -4.51408069e-05 -9.90000000e-01 -9.90000000e-01 
-1.00000000e+00 -1.85000000e+00 -1.00000000e+00 -4.52483848e-05 -1.00000000e+00 -1.00000000e+00 
-1.01000000e+00 -1.85000000e+00 -1.01000000e+00 -4.53541893e-05 -1.01000000e+00 -1.01000000e+00 
-1.02000000e+00 -1.85000000e+00 -1.02000000e+00 -4.54582947e-05 -1.02000000e+00 -1.02000000e+00 
-1.03000000e+00 -1.85000000e+00 -1.03000000e+00 -4.55607715e-05 -1.03000000e+00 -1.03000000e+00 
-1.04000000e+00 -1.85000000e+00 -1.04000000e+00 -4.56616867e-05 -1.04000000e+00 -1.04000000e+00 
-1.05000000e+00 -1.85000000e+00 -1.05000000e+00 -4.57611041e-05 -1.05000000e+00 -1.05000000e+00 
-1.06000000e+00 -1.85000000e+00 -1.06000000e+00 -4.58590844e-05 -1.06000000e+00 -1.06000000e+00 
-1.07000000e+00 -1.85000000e+00 -1.07000000e+00 -4.59556854e-05 -1.07000000e+00 -1.07000000e+00 
-1.08000000e+00 -1.85000000e+00 -1.08000000e+00 -4.60509619e-05 -1.08000000e+00 -1.08000000e+00 
-1.09000000e+00 -1.85000000e+00 -1.09000000e+00 -4.61449662e-05 -1.09000000e+00 -1.09000000e+00 
-1.10000000e+00 -1.85000000e+00 -1.10000000e+00 -4.62377481e-05 -1.10000000e+00 -1.10000000e+00 
-1.11000000e+00 -1.85000000e+00 -1.11000000e+00 -4.63293551e-05 -1.11000000e+00 -1.11000000e+00 
-1.12000000e+00 -1.85000000e+00 -1.12000000e+00 -4.64198324e-05 -1.12000000e+00 -1.12000000e+00 
-1.13000000e+00 -1.85000000e+00 -1.13000000e+00 -4.65092228e-05 -1.13000000e+00 -1.13000000e+00 
-1.14000000e+00 -1.85000000e+00 -1.14000000e+00 -4.65975676e-05 -1.14000000e+00 -1.14000000e+00 
-1.15000000e+00 -1.85000000e+00 -1.15000000e+00 -4.66849059e-05 -1.15000000e+00 -1.15000000e+00 
-1.16000000e+00 -1.85000000e+00 -1.16000000e+00 -4.67712750e-05 -1.16000000e+00 -1.16000000e+00 
-1.17000000e+00 -1.85000000e+00 -1.17000000e+00 -4.68567105e-05 -1.17000000e+00 -1.17000000e+00 
-1.18000000e+00 -1.85000000e+00 -1.18000000e+00 -4.69412465e-05 -1.18000000e+00 -1.18000000e+00 
-1.19000000e+00 -1.85000000e+00 -1.19000000e+00 -4.70249153e-05 -1.19000000e+00 -1.19000000e+00 
-1.20000000e+00 -1.85000000e+00 -1.20000000e+00 -4.71077481e-05 -1.20000000e+00 -1.20000000e+00 
-1.21000000e+00 -1.85000000e+00 -1.21000000e+00 -4.71897745e-05 -1.21000000e+00 -1.21000000e+00 
-1.22000000e+00 -1.85000000e+00 -1.22000000e+00 -4.72710228e-05 -1.22000000e+00 -1.22000000e+00 
-1.23000000e+00 -1.85000000e+00 -1.23000000e+00 -4.73515201e-05 -1.23000000e+00 -1.23000000e+00 
-1.24000000e+00 -1.85000000e+00 -1.24000000e+00 -4.74312924e-05 -1.24000000e+00 -1.24000000e+00 
-1.25000000e+00 -1.85000000e+00 -1.25000000e+00 -4.75103643e-05 -1.25000000e+00 -1.25000000e+00 
-1.26000000e+00 -1.85000000e+00 -1.26000000e+00 -4.75887596e-05 -1.26000000e+00 -1.26000000e+00 
-1.27000000e+00 -1.85000000e+00 -1.27000000e+00 -4.76665011e-05 -1.27000000e+00 -1.27000000e+00 
-1.28000000e+00 -1.85000000e+00 -1.28000000e+00 -4.77436105e-05 -1.28000000e+00 -1.28000000e+00 
-1.29000000e+00 -1.85000000e+00 -1.29000000e+00 -4.78201086e-05 -1.29000000e+00 -1.29000000e+00 
-1.30000000e+00 -1.85000000e+00 -1.30000000e+00 -4.78960155e-05 -1.30000000e+00 -1.30000000e+00 
-1.31000000e+00 -1.85000000e+00 -1.31000000e+00 -4.79713503e-05 -1.31000000e+00 -1.31000000e+00 
-1.32000000e+00 -1.85000000e+00 -1.32000000e+00 -4.80461313e-05 -1.32000000e+00 -1.32000000e+00 
-1.33000000e+00 -1.85000000e+00 -1.33000000e+00 -4.81203761e-05 -1.33000000e+00 -1.33000000e+00 
-1.34000000e+00 -1.85000000e+00 -1.34000000e+00 -4.81941018e-05 -1.34000000e+00 -1.34000000e+00 
-1.35000000e+00 -1.85000000e+00 -1.35000000e+00 -4.82673245e-05 -1.35000000e+00 -1.35000000e+00 
-1.36000000e+00 -1.85000000e+00 -1.36000000e+00 -4.83400598e-05 -1.36000000e+00 -1.36000000e+00 
-1.37000000e+00 -1.85000000e+00 -1.37000000e+00 -4.84123227e-05 -1.37000000e+00 -1.37000000e+00 
-1.38000000e+00 -1.85000000e+00 -1.38000000e+00 -4.84841275e-05 -1.38000000e+00 -1.38000000e+00 
-1.39000000e+00 -1.85000000e+00 -1.39000000e+00 -4.85554882e-05 -1.39000000e+00 -1.39000000e+00 
-1.40000000e+00 -1.85000000e+00 -1.40000000e+00 -4.86264180e-05 -1.40000000e+00 -1.40000000e+00 
-1.41000000e+00 -1.85000000e+00 -1.41000000e+00 -4.86969296e-05 -1.41000000e+00 -1.41000000e+00 
-1.42000000e+00 -1.85000000e+00 -1.42000000e+00 -4.87670355e-05 -1.42000000e+00 -1.42000000e+00 
-1.43000000e+00 -1.85000000e+00 -1.43000000e+00 -4.88367474e-05 -1.43000000e+00 -1.43000000e+00 
-1.44000000e+00 -1.85000000e+00 -1.44000000e+00 -4.89060767e-05 -1.44000000e+00 -1.44000000e+00 
-1.45000000e+00 -1.85000000e+00 -1.45000000e+00 -4.89750344e-05 -1.45000000e+00 -1.45000000e+00 
-1.46000000e+00 -1.85000000e+00 -1.46000000e+00 -4.90436312e-05 -1.46000000e+00 -1.46000000e+00 
-1.47000000e+00 -1.85000000e+00 -1.47000000e+00 -4.91118771e-05 -1.47000000e+00 -1.47000000e+00 
-1.48000000e+00 -1.85000000e+00 -1.48000000e+00 -4.91797819e-05 -1.48000000e+00 -1.48000000e+00 
-1.49000000e+00 -1.85000000e+00 -1.49000000e+00 -4.92473553e-05 -1.49000000e+00 -1.49000000e+00 
-1.50000000e+00 -1.85000000e+00 -1.50000000e+00 -4.93146062e-05 -1.50000000e+00 -1.50000000e+00 
-1.51000000e+00 -1.85000000e+00 -1.51000000e+00 -4.93815435e-05 -1.51000000e+00 -1.51000000e+00 
-1.52000000e+00 -1.85000000e+00 -1.52000000e+00 -4.94481757e-05 -1.52000000e+00 -1.52000000e+00 
-1.53000000e+00 -1.85000000e+00 -1.53000000e+00 -4.95145109e-05 -1.53000000e+00 -1.53000000e+00 
-1.54000000e+00 -1.85000000e+00 -1.54000000e+00 -4.95805571e-05 -1.54000000e+00 -1.54000000e+00 
-1.55000000e+00 -1.85000000e+00 -1.55000000e+00 -4.96463220e-05 -1.55000000e+00 -1.55000000e+00 
-1.56000000e+00 -1.85000000e+00 -1.56000000e+00 -4.97118128e-05 -1.56000000e+00 -1.56000000e+00 
-1.57000000e+00 -1.85000000e+00 -1.57000000e+00 -4.97770368e-05 -1.57000000e+00 -1.57000000e+00 
-1.58000000e+00 -1.85000000e+00 -1.58000000e+00 -4.98420008e-05 -1.58000000e+00 -1.58000000e+00 
-1.59000000e+00 -1.85000000e+00 -1.59000000e+00 -4.99067115e-05 -1.59000000e+00 -1.59000000e+00 
-1.60000000e+00 -1.85000000e+00 -1.60000000e+00 -4.99711753e-05 -1.60000000e+00 -1.60000000e+00 
-1.61000000e+00 -1.85000000e+00 -1.61000000e+00 -5.00353985e-05 -1.61000000e+00 -1.61000000e+00 
-1.62000000e+00 -1.85000000e+00 -1.62000000e+00 -5.00993870e-05 -1.62000000e+00 -1.62000000e+00 
-1.63000000e+00 -1.85000000e+00 -1.63000000e+00 -5.01631467e-05 -1.63000000e+00 -1.63000000e+00 
-1.64000000e+00 -1.85000000e+00 -1.64000000e+00 -5.02266833e-05 -1.64000000e+00 -1.64000000e+00 
-1.65000000e+00 -1.85000000e+00 -1.65000000e+00 -5.02900022e-05 -1.65000000e+00 -1.65000000e+00 
-1.66000000e+00 -1.85000000e+00 -1.66000000e+00 -5.03531086e-05 -1.66000000e+00 -1.66000000e+00 
-1.67000000e+00 -1.85000000e+00 -1.67000000e+00 -5.04160078e-05 -1.67000000e+00 -1.67000000e+00 
-1.68000000e+00 -1.85000000e+00 -1.68000000e+00 -5.04787046e-05 -1.68000000e+00 -1.68000000e+00 
-1.69000000e+00 -1.85000000e+00 -1.69000000e+00 -5.05412039e-05 -1.69000000e+00 -1.69000000e+00 
-1.70000000e+00 -1.85000000e+00 -1.70000000e+00 -5.06035103e-05 -1.70000000e+00 -1.70000000e+00 
-1.71000000e+00 -1.85000000e+00 -1.71000000e+00 -5.06656284e-05 -1.71000000e+00 -1.71000000e+00 
-1.72000000e+00 -1.85000000e+00 -1.72000000e+00 -5.07275625e-05 -1.72000000e+00 -1.72000000e+00 
-1.73000000e+00 -1.85000000e+00 -1.73000000e+00 -5.07893168e-05 -1.73000000e+00 -1.73000000e+00 
-1.74000000e+00 -1.85000000e+00 -1.74000000e+00 -5.08508955e-05 -1.74000000e+00 -1.74000000e+00 
-1.75000000e+00 -1.85000000e+00 -1.75000000e+00 -5.09123026e-05 -1.75000000e+00 -1.75000000e+00 
-1.76000000e+00 -1.85000000e+00 -1.76000000e+00 -5.09735419e-05 -1.76000000e+00 -1.76000000e+00 
-1.77000000e+00 -1.85000000e+00 -1.77000000e+00 -5.10346172e-05 -1.77000000e+00 -1.77000000e+00 
-1.78000000e+00 -1.85000000e+00 -1.78000000e+00 -5.10955322e-05 -1.78000000e+00 -1.78000000e+00 
-1.79000000e+00 -1.85000000e+00 -1.79000000e+00 -5.11562904e-05 -1.79000000e+00 -1.79000000e+00 
-1.80000000e+00 -1.85000000e+00 -1.80000000e+00 -5.12168952e-05 -1.80000000e+00 -1.80000000e+00 
-1.81000000e+00 -1.85000000e+00 -1.81000000e+00 -5.12773500e-05 -1.81000000e+00 -1.81000000e+00 
-1.82000000e+00 -1.85000000e+00 -1.82000000e+00 -5.13376581e-05 -1.82000000e+00 -1.82000000e+00 
-1.83000000e+00 -1.85000000e+00 -1.83000000e+00 -5.13978225e-05 -1.83000000e+00 -1.83000000e+00 
-1.84000000e+00 -1.85000000e+00 -1.84000000e+00 -5.14578464e-05 -1.84000000e+00 -1.84000000e+00 
-1.85000000e+00 -1.85000000e+00 -1.85000000e+00 -5.15177327e-05 -1.85000000e+00 -1.85000000e+00 
