 0.00000000e+00 -7.40000000e-01  0.00000000e+00 -0.00000000e+00  0.00000000e+00  0.00000000e+00 
-1.00000000e-02 -7.40000000e-01 -1.00000000e-02 -4.68544984e-19 -1.00000000e-02 -1.00000000e-02 
-2.00000000e-02 -7.40000000e-01 -2.00000000e-02 -8.33025607e-19 -2.00000000e-02 -2.00000000e-02 
-3.00000000e-02 -7.40000000e-01 -3.00000000e-02 -1.12830572e-18 -3.00000000e-02 -3.00000000e-02 
-4.00000000e-02 -7.40000000e-01 -4.00000000e-02 -1.37695633e-18 -4.00000000e-02 -4.00000000e-02 
-5.00000000e-02 -7.40000000e-01 -5.00000000e-02 -1.59337032e-18 -5.00000000e-02 -5.00000000e-02 
-6.00000000e-02 -7.40000000e-01 -6.00000000e-02 -1.78691865e-18 -6.00000000e-02 -6.00000000e-02 
-7.00000000e-02 -7.40000000e-01 -7.00000000e-02 -1.96385289e-18 -7.00000000e-02 -7.00000000e-02 
-8.00000000e-02 -7.40000000e-01 -8.00000000e-02 -2.12844875e-18 -8.00000000e-02 -8.00000000e-02 
-9.00000000e-02 -7.40000000e-01 -9.00000000e-02 -2.28369832e-18 -9.00000000e-02 -9.00000000e-02 
-1.00000000e-01 -7.40000000e-01 -1.00000000e-01 -2.43174107e-18 -1.00000000e-01 -1.00000000e-01 
-1.10000000e-01 -7.40000000e-01 -1.10000000e-01 -2.57413728e-18 -1.10000000e-01 -1.10000000e-01 
-1.20000000e-01 -7.40000000e-01 -1.20000000e-01 -2.71204546e-18 -1.20000000e-01 -1.20000000e-01 
-1.30000000e-01 -7.40000000e-01 -1.30000000e-01 -2.84634074e-18 -1.30000000e-01 -1.30000000e-01 
-1.40000000e-01 -7.40000000e-01 -1.40000000e-01 -2.97769159e-18 -1.40000000e-01 -1.40000000e-01 
-1.50000000e-01 -7.40000000e-01 -1.50000000e-01 -3.10661892e-18 -1.50000000e-01 -1.50000000e-01 
-1.60000000e-01 -7.40000000e-01 -1.60000000e-01 -3.23353175e-18 -1.60000000e-01 -1.60000000e-01 
-1.70000000e-01 -7.40000000e-01 -1.70000000e-01 -3.35875537e-18 -1.70000000e-01 -1.70000000e-01 
-1.80000000e-01 -7.40000000e-01 -1.80000000e-01 -3.48255120e-18 -1.80000000e-01 -1.80000000e-01 
-1.90000000e-01 -7.40000000e-01 -1.90000000e-01 -3.60513133e-18 -1.90000000e-01 -1.90000000e-01 
-2.00000000e-01 -7.40000000e-01 -2.00000000e-01 -3.72666936e-18 -2.00000000e-01 -2.00000000e-01 
-2.10000000e-01 -7.40000000e-01 -2.10000000e-01 -3.84730954e-18 -2.10000000e-01 -2.10000000e-01 
-2.20000000e-01 -7.40000000e-01 -2.20000000e-01 -3.96716910e-18 -2.20000000e-01 -2.20000000e-01 
-2.30000000e-01 -7.40000000e-01 -2.30000000e-01 -4.08634874e-18 -2.30000000e-01 -2.30000000e-01 
-2.40000000e-01 -7.40000000e-01 -2.40000000e-01 -4.20493256e-18 -2.40000000e-01 -2.40000000e-01 
-2.50000000e-01 -7.40000000e-01 -2.50000000e-01 -4.32299186e-18 -2.50000000e-01 -2.50000000e-01 
-2.60000000e-01 -7.40000000e-01 -2.60000000e-01 -4.44058747e-18 -2.60000000e-01 -2.60000000e-01 
-2.70000000e-01 -7.40000000e-01 -2.70000000e-01 -4.55777154e-18 -2.70000000e-01 -2.70000000e-01 
-2.80000000e-01 -7.40000000e-01 -2.80000000e-01 -4.67459016e-18 -2.80000000e-01 -2.80000000e-01 
-2.90000000e-01 -7.40000000e-01 -2.90000000e-01 -4.79107993e-18 -2.90000000e-01 -2.90000000e-01 
-3.00000000e-01 -7.40000000e-01 -3.00000000e-01 -4.90727584e-18 -3.00000000e-01 -3.00000000e-01 
-3.10000000e-01 -7.40000000e-01 -3.10000000e-01 -5.02320740e-18 -3.10000000e-01 -3.10000000e-01 
-3.20000000e-01 -7.40000000e-01 -3.20000000e-01 -5.13890053e-18 -3.20000000e-01 -3.20000000e-01 
-3.30000000e-01 -7.40000000e-01 -3.30000000e-01 -5.25437800e-18 -3.30000000e-01 -3.30000000e-01 
-3.40000000e-01 -7.40000000e-01 -3.40000000e-01 -5.36965993e-18 -3.40000000e-01 -3.40000000e-01 
-3.50000000e-01 -7.40000000e-01 -3.50000000e-01 -5.48476414e-18 -3.50000000e-01 -3.50000000e-01 
-3.60000000e-01 -7.40000000e-01 -3.60000000e-01 -5.59970787e-18 -3.60000000e-01 -3.60000000e-01 
-3.70000000e-01 -7.40000000e-01 -3.70000000e-01 -5.71450246e-18 -3.70000000e-01 -3.70000000e-01 
-3.80000000e-01 -7.40000000e-01 -3.80000000e-01 -5.82916191e-18 -3.80000000e-01 -3.80000000e-01 
-3.90000000e-01 -7.40000000e-01 -3.90000000e-01 -5.94369751e-18 -3.90000000e-01 -3.90000000e-01 
-4.00000000e-01 -7.40000000e-01 -4.00000000e-01 -6.05811943e-18 -4.00000000e-01 -4.00000000e-01 
-4.10000000e-01 -7.40000000e-01 -4.10000000e-01 -6.17243682e-18 -4.10000000e-01 -4.10000000e-01 
-4.20000000e-01 -7.40000000e-01 -4.20000000e-01 -6.28665795e-18 -4.20000000e-01 -4.20000000e-01 
-4.30000000e-01 -7.40000000e-01 -4.30000000e-01 -6.40079029e-18 -4.30000000e-01 -4.30000000e-01 
-4.40000000e-01 -7.40000000e-01 -4.40000000e-01 -6.51484225e-18 -4.40000000e-01 -4.40000000e-01 
-4.50000000e-01 -7.40000000e-01 -4.50000000e-01 -6.62881676e-18 -4.50000000e-01 -4.50000000e-01 
-4.60000000e-01 -7.40000000e-01 -4.60000000e-01 -6.74272104e-18 -4.60000000e-01 -4.60000000e-01 
-4.70000000e-01 -7.40000000e-01 -4.70000000e-01 -6.85656020e-18 -4.70000000e-01 -4.70000000e-01 
-4.80000000e-01 -7.40000000e-01 -4.80000000e-01 -6.97033891e-18 -4.80000000e-01 -4.80000000e-01 
-4.90000000e-01 -7.40000000e-01 -4.90000000e-01 -7.08406146e-18 -4.90000000e-01 -4.90000000e-01 
-5.00000000e-01 -7.40000000e-01 -5.00000000e-01 -7.19773176e-18 -5.00000000e-01 -5.00000000e-01 
-5.10000000e-01 -7.40000000e-01 -5.10000000e-01 -7.31135525e-18 -5.10000000e-01 -5.10000000e-01 
-5.20000000e-01 -7.40000000e-01 -5.20000000e-01 -7.42493162e-18 -5.20000000e-01 -5.20000000e-01 
-5.30000000e-01 -7.40000000e-01 -5.30000000e-01 -7.53846571e-18 -5.30000000e-01 -5.30000000e-01 
-5.40000000e-01 -7.40000000e-01 -5.40000000e-01 -7.65196035e-18 -5.40000000e-01 -5.40000000e-01 
-5.50000000e-01 -7.40000000e-01 -5.50000000e-01 -7.76541813e-18 -5.50000000e-01 -5.50000000e-01 
-5.60000000e-01 -7.40000000e-01 -5.60000000e-01 -7.87884146e-18 -5.60000000e-01 -5.60000000e-01 
-5.70000000e-01 -7.40000000e-01 -5.70000000e-01 -7.99223256e-18 -5.70000000e-01 -5.70000000e-01 
-5.80000000e-01 -7.40000000e-01 -5.80000000e-01 -8.10559350e-18 -5.80000000e-01 -5.80000000e-01 
-5.90000000e-01 -7.40000000e-01 -5.90000000e-01 -8.21892824e-18 -5.90000000e-01 -5.90000000e-01 
-6.00000000e-01 -7.40000000e-01 -6.00000000e-01 -8.33223449e-18 -6.00000000e-01 -6.00000000e-01 
-6.10000000e-01 -7.40000000e-01 -6.10000000e-01 -8.44551594e-18 -6.10000000e-01 -6.10000000e-01 
-6.20000000e-01 -7.40000000e-01 -6.20000000e-01 -8.55877412e-18 -6.20000000e-01 -6.20000000e-01 
-6.30000000e-01 -7.40000000e-01 -6.30000000e-01 -8.67201047e-18 -6.30000000e-01 -6.30000000e-01 
-6.40000000e-01 -7.40000000e-01 -6.40000000e-01 -8.78522634e-18 -6.40000000e-01 -6.40000000e-01 
-6.50000000e-01 -7.40000000e-01 -6.50000000e-01 -8.89842297e-18 -6.50000000e-01 -6.50000000e-01 
-6.60000000e-01 -7.40000000e-01 -6.60000000e-01 -9.01160379e-18 -6.60000000e-01 -6.60000000e-01 
-6.70000000e-01 -7.40000000e-01 -6.70000000e-01 -9.12476543e-18 -6.70000000e-01 -6.70000000e-01 
-6.80000000e-01 -7.40000000e-01 -6.80000000e-01 -9.23791112e-18 -6.80000000e-01 -6.80000000e-01 
-6.90000000e-01 -7.40000000e-01 -6.90000000e-01 -9.35104184e-18 -6.90000000e-01 -6.90000000e-01 
-7.00000000e-01 -7.40000000e-01 -7.00000000e-01 -9.46415849e-18 -7.00000000e-01 -7.00000000e-01 
-7.10000000e-01 -7.40000000e-01 -7.10000000e-01 -9.57726191e-18 -7.10000000e-01 -7.10000000e-01 
-7.20000000e-01 -7.40000000e-01 -7.20000000e-01 -9.69035290e-18 -7.20000000e-01 -7.20000000e-01 
-7.30000000e-01 -7.40000000e-01 -7.30000000e-01 -9.80343220e-18 -7.30000000e-01 -7.30000000e-01 
-7.40000000e-01 -7.40000000e-01 -7.40000000e-01 -9.91650301e-18 -7.40000000e-01 -7.40000000e-01 
-7.50000000e-01 -7.40000000e-01 -7.50000000e-01 -1.00295611e-17 -7.50000000e-01 -7.50000000e-01 
-7.60000000e-01 -7.40000000e-01 -7.60000000e-01 -1.01426094e-17 -7.60000000e-01 -7.60000000e-01 
-7.70000000e-01 -7.40000000e-01 -7.70000000e-01 -1.02556487e-17 -7.70000000e-01 -7.70000000e-01 
-7.80000000e-01 -7.40000000e-01 -7.80000000e-01 -1.03686794e-17 -7.80000000e-01 -7.80000000e-01 
-7.90000000e-01 -7.40000000e-01 -7.90000000e-01 -1.04817020e-17 -7.90000000e-01 -7.90000000e-01 
-8.00000000e-01 -7.40000000e-01 -8.00000000e-01 -1.05947172e-17 -8.00000000e-01 -8.00000000e-01 
-8.10000000e-01 -7.40000000e-01 -8.10000000e-01 -1.07077253e-17 -8.10000000e-01 -8.10000000e-01 
-8.20000000e-01 -7.40000000e-01 -8.20000000e-01 -1.08207295e-17 -8.20000000e-01 -8.20000000e-01 
-8.30000000e-01 -7.40000000e-01 -8.30000000e-01 -1.09337248e-17 -8.30000000e-01 -8.30000000e-01 
-8.40000000e-01 -7.40000000e-01 -8.40000000e-01 -1.10467143e-17 -8.40000000e-01 -8.40000000e-01 
-8.50000000e-01 -7.40000000e-01 -8.50000000e-01 -1.11596984e-17 -8.50000000e-01 -8.50000000e-01 
-8.60000000e-01 -7.40000000e-01 -8.60000000e-01 -1.12726774e-17 -8.60000000e-01 -8.60000000e-01 
-8.70000000e-01 -7.40000000e-01 -8.70000000e-01 -1.13856517e-17 -8.70000000e-01 -8.70000000e-01 
-8.80000000e-01 -7.40000000e-01 -8.80000000e-01 -1.14986216e-17 -8.80000000e-01 -8.80000000e-01 
-8.90000000e-01 -7.40000000e-01 -8.90000000e-01 -1.16115902e-17 -8.90000000e-01 -8.90000000e-01 
-9.00000000e-01 -7.40000000e-01 -9.00000000e-01 -1.17245522e-17 -9.00000000e-01 -9.00000000e-01 
-9.10000000e-01 -7.40000000e-01 -9.10000000e-01 -1.18375106e-17 -9.10000000e-01 -9.10000000e-01 
-9.20000000e-01 -7.40000000e-01 -9.20000000e-01 -1.19504657e-17 -9.20000000e-01 -9.20000000e-01 
-9.30000000e-01 -7.40000000e-01 -9.30000000e-01 -1.20634178e-17 -9.30000000e-01 -9.30000000e-01 
-9.40000000e-01 -7.40000000e-01 -9.40000000e-01 -1.21763671e-17 -9.40000000e-01 -9.40000000e-01 
-9.50000000e-01 -7.40000000e-01 -9.50000000e-01 -1.22893137e-17 -9.50000000e-01 -9.50000000e-01 
-9.60000000e-01 -7.40000000e-01 -9.60000000e-01 -1.24022580e-17 -9.60000000e-01 -9.60000000e-01 
-9.70000000e-01 -7.40000000e-01 -9.70000000e-01 -1.25152033e-17 -9.70000000e-01 -9.70000000e-01 
-9.80000000e-01 -7.40000000e-01 -9.80000000e-01 -1.26281435e-17 -9.80000000e-01 -9.80000000e-01 
-9.90000000e-01 -7.40000000e-01 -9.90000000e-01 -1.27410819e-17 -9.90000000e-01 -9.90000000e-01 
-1.00000000e+00 -7.40000000e-01 -1.00000000e+00 -1.28540186e-17 -1.00000000e+00 -1.00000000e+00 
-1.01000000e+00 -7.40000000e-01 -1.01000000e+00 -1.29669539e-17 -1.01000000e+00 -1.01000000e+00 
-1.02000000e+00 -7.40000000e-01 -1.02000000e+00 -1.30798879e-17 -1.02000000e+00 -1.02000000e+00 
-1.03000000e+00 -7.40000000e-01 -1.03000000e+00 -1.31928208e-17 -1.03000000e+00 -1.03000000e+00 
-1.04000000e+00 -7.40000000e-01 -1.04000000e+00 -1.33057560e-17 -1.04000000e+00 -1.04000000e+00 
-1.05000000e+00 -7.40000000e-01 -1.05000000e+00 -1.34186870e-17 -1.05000000e+00 -1.05000000e+00 
-1.06000000e+00 -7.40000000e-01 -1.06000000e+00 -1.35316173e-17 -1.06000000e+00 -1.06000000e+00 
-1.07000000e+00 -7.40000000e-01 -1.07000000e+00 -1.36445469e-17 -1.07000000e+00 -1.07000000e+00 
-1.08000000e+00 -7.40000000e-01 -1.08000000e+00 -1.37574761e-17 -1.08000000e+00 -1.08000000e+00 
-1.09000000e+00 -7.40000000e-01 -1.09000000e+00 -1.38704049e-17 -1.09000000e+00 -1.09000000e+00 
-1.10000000e+00 -7.40000000e-01 -1.10000000e+00 -1.39833335e-17 -1.10000000e+00 -1.10000000e+00 
-1.11000000e+00 -7.40000000e-01 -1.11000000e+00 -1.40962619e-17 -1.11000000e+00 -1.11000000e+00 
-1.12000000e+00 -7.40000000e-01 -1.12000000e+00 -1.42091937e-17 -1.12000000e+00 -1.12000000e+00 
-1.13000000e+00 -7.40000000e-01 -1.13000000e+00 -1.43221221e-17 -1.13000000e+00 -1.13000000e+00 
-1.14000000e+00 -7.40000000e-01 -1.14000000e+00 -1.44350506e-17 -1.14000000e+00 -1.14000000e+00 
-1.15000000e+00 -7.40000000e-01 -1.15000000e+00 -1.45479793e-17 -1.15000000e+00 -1.15000000e+00 
-1.16000000e+00 -7.40000000e-01 -1.16000000e+00 -1.46609083e-17 -1.16000000e+00 -1.16000000e+00 
-1.17000000e+00 -7.40000000e-01 -1.17000000e+00 -1.47738377e-17 -1.17000000e+00 -1.17000000e+00 
-1.18000000e+00 -7.40000000e-01 -1.18000000e+00 -1.48867675e-17 -1.18000000e+00 -1.18000000e+00 
-1.19000000e+00 -7.40000000e-01 -1.19000000e+00 -1.49996978e-17 -1.19000000e+00 -1.19000000e+00 
-1.20000000e+00 -7.40000000e-01 -1.20000000e+00 -1.51126325e-17 -1.20000000e+00 -1.20000000e+00 
-1.21000000e+00 -7.40000000e-01 -1.21000000e+00 -1.52255642e-17 -1.21000000e+00 -1.21000000e+00 
-1.22000000e+00 -7.40000000e-01 -1.22000000e+00 -1.53384965e-17 -1.22000000e+00 -1.22000000e+00 
-1.23000000e+00 -7.40000000e-01 -1.23000000e+00 -1.54514296e-17 -1.23000000e+00 -1.23000000e+00 
-1.24000000e+00 -7.40000000e-01 -1.24000000e+00 -1.55643636e-17 -1.24000000e+00 -1.24000000e+00 
-1.25000000e+00 -7.40000000e-01 -1.25000000e+00 -1.56772984e-17 -1.25000000e+00 -1.25000000e+00 
-1.26000000e+00 -7.40000000e-01 -1.26000000e+00 -1.57902342e-17 -1.26000000e+00 -1.26000000e+00 
-1.27000000e+00 -7.40000000e-01 -1.27000000e+00 -1.59031749e-17 -1.27000000e+00 -1.27000000e+00 
-1.28000000e+00 -7.40000000e-01 -1.28000000e+00 -1.60161128e-17 -1.28000000e+00 -1.28000000e+00 
-1.29000000e+00 -7.40000000e-01 -1.29000000e+00 -1.61290518e-17 -1.29000000e+00 -1.29000000e+00 
-1.30000000e+00 -7.40000000e-01 -1.30000000e+00 -1.62419919e-17 -1.30000000e+00 -1.30000000e+00 
-1.31000000e+00 -7.40000000e-01 -1.31000000e+00 -1.63549332e-17 -1.31000000e+00 -1.31000000e+00 
-1.32000000e+00 -7.40000000e-01 -1.32000000e+00 -1.64678757e-17 -1.32000000e+00 -1.32000000e+00 
-1.33000000e+00 -7.40000000e-01 -1.33000000e+00 -1.65808194e-17 -1.33000000e+00 -1.33000000e+00 
-1.34000000e+00 -7.40000000e-01 -1.34000000e+00 -1.66937645e-17 -1.34000000e+00 -1.34000000e+00 
-1.35000000e+00 -7.40000000e-01 -1.35000000e+00 -1.68067151e-17 -1.35000000e+00 -1.35000000e+00 
-1.36000000e+00 -7.40000000e-01 -1.36000000e+00 -1.69196629e-17 -1.36000000e+00 -1.36000000e+00 
-1.37000000e+00 -7.40000000e-01 -1.37000000e+00 -1.70326121e-17 -1.37000000e+00 -1.37000000e+00 
-1.38000000e+00 -7.40000000e-01 -1.38000000e+00 -1.71455627e-17 -1.38000000e+00 -1.38000000e+00 
-1.39000000e+00 -7.40000000e-01 -1.39000000e+00 -1.72585148e-17 -1.39000000e+00 -1.39000000e+00 
-1.40000000e+00 -7.40000000e-01 -1.40000000e+00 -1.73714684e-17 -1.40000000e+00 -1.40000000e+00 
-1.41000000e+00 -7.40000000e-01 -1.41000000e+00 -1.74844235e-17 -1.41000000e+00 -1.41000000e+00 
-1.42000000e+00 -7.40000000e-01 -1.42000000e+00 -1.75973845e-17 -1.42000000e+00 -1.42000000e+00 
-1.43000000e+00 -7.40000000e-01 -1.43000000e+00 -1.77103428e-17 -1.43000000e+00 -1.43000000e+00 
-1.44000000e+00 -7.40000000e-01 -1.44000000e+00 -1.78233026e-17 -1.44000000e+00 -1.44000000e+00 
-1.45000000e+00 -7.40000000e-01 -1.45000000e+00 -1.79362641e-17 -1.45000000e+00 -1.45000000e+00 
-1.46000000e+00 -7.40000000e-01 -1.46000000e+00 -1.80492272e-17 -1.46000000e+00 -1.46000000e+00 
-1.47000000e+00 -7.40000000e-01 -1.47000000e+00 -1.81621920e-17 -1.47000000e+00 -1.47000000e+00 
-1.48000000e+00 -7.40000000e-01 -1.48000000e+00 -1.82751584e-17 -1.48000000e+00 -1.48000000e+00 
-1.49000000e+00 -7.40000000e-01 -1.49000000e+00 -1.83881266e-17 -1.49000000e+00 -1.49000000e+00 
-1.50000000e+00 -7.40000000e-01 -1.50000000e+00 -1.85011010e-17 -1.50000000e+00 -1.50000000e+00 
-1.51000000e+00 -7.40000000e-01 -1.51000000e+00 -1.86140727e-17 -1.51000000e+00 -1.51000000e+00 
-1.52000000e+00 -7.40000000e-01 -1.52000000e+00 -1.87270461e-17 -1.52000000e+00 -1.52000000e+00 
-1.53000000e+00 -7.40000000e-01 -1.53000000e+00 -1.88400212e-17 -1.53000000e+00 -1.53000000e+00 
-1.54000000e+00 -7.40000000e-01 -1.54000000e+00 -1.89529981e-17 -1.54000000e+00 -1.54000000e+00 
-1.55000000e+00 -7.40000000e-01 -1.55000000e+00 -1.90659769e-17 -1.55000000e+00 -1.55000000e+00 
-1.56000000e+00 -7.40000000e-01 -1.56000000e+00 -1.91789574e-17 -1.56000000e+00 -1.56000000e+00 
-1.57000000e+00 -7.40000000e-01 -1.57000000e+00 -1.92919398e-17 -1.57000000e+00 -1.57000000e+00 
-1.58000000e+00 -7.40000000e-01 -1.58000000e+00 -1.94049289e-17 -1.58000000e+00 -1.58000000e+00 
-1.59000000e+00 -7.40000000e-01 -1.59000000e+00 -1.95179149e-17 -1.59000000e+00 -1.59000000e+00 
-1.60000000e+00 -7.40000000e-01 -1.60000000e+00 -1.96309029e-17 -1.60000000e+00 -1.60000000e+00 
-1.61000000e+00 -7.40000000e-01 -1.61000000e+00 -1.97438927e-17 -1.61000000e+00 -1.61000000e+00 
-1.62000000e+00 -7.40000000e-01 -1.62000000e+00 -1.98568844e-17 -1.62000000e+00 -1.62000000e+00 
-1.63000000e+00 -7.40000000e-01 -1.63000000e+00 -1.99698780e-17 -1.63000000e+00 -1.63000000e+00 
-1.64000000e+00 -7.40000000e-01 -1.64000000e+00 -2.00828735e-17 -1.64000000e+00 -1.64000000e+00 
-1.65000000e+00 -7.40000000e-01 -1.65000000e+00 -2.01958759e-17 -1.65000000e+00 -1.65000000e+00 
-1.66000000e+00 -7.40000000e-01 -1.66000000e+00 -2.03088753e-17 -1.66000000e+00 -1.66000000e+00 
-1.67000000e+00 -7.40000000e-01 -1.67000000e+00 -2.04218766e-17 -1.67000000e+00 -1.67000000e+00 
-1.68000000e+00 -7.40000000e-01 -1.68000000e+00 -2.05348798e-17 -1.68000000e+00 -1.68000000e+00 
-1.69000000e+00 -7.40000000e-01 -1.69000000e+00 -2.06478849e-17 -1.69000000e+00 -1.69000000e+00 
-1.70000000e+00 -7.40000000e-01 -1.70000000e+00 -2.07608920e-17 -1.70000000e+00 -1.70000000e+00 
-1.71000000e+00 -7.40000000e-01 -1.71000000e+00 -2.08739010e-17 -1.71000000e+00 -1.71000000e+00 
-1.72000000e+00 -7.40000000e-01 -1.72000000e+00 -2.09869120e-17 -1.72000000e+00 -1.72000000e+00 
-1.73000000e+00 -7.40000000e-01 -1.73000000e+00 -2.10999302e-17 -1.73000000e+00 -1.73000000e+00 
-1.74000000e+00 -7.40000000e-01 -1.74000000e+00 -2.12129452e-17 -1.74000000e+00 -1.74000000e+00 
-1.75000000e+00 -7.40000000e-01 -1.75000000e+00 -2.13259621e-17 -1.75000000e+00 -1.75000000e+00 
-1.76000000e+00 -7.40000000e-01 -1.76000000e+00 -2.14389810e-17 -1.76000000e+00 -1.76000000e+00 
-1.77000000e+00 -7.40000000e-01 -1.77000000e+00 -2.15520019e-17 -1.77000000e+00 -1.77000000e+00 
-1.78000000e+00 -7.40000000e-01 -1.78000000e+00 -2.16650247e-17 -1.78000000e+00 -1.78000000e+00 
-1.79000000e+00 -7.40000000e-01 -1.79000000e+00 -2.17780496e-17 -1.79000000e+00 -1.79000000e+00 
-1.80000000e+00 -7.40000000e-01 -1.80000000e+00 -2.18910819e-17 -1.80000000e+00 -1.80000000e+00 
-1.81000000e+00 -7.40000000e-01 -1.81000000e+00 -2.20041107e-17 -1.81000000e+00 -1.81000000e+00 
-1.82000000e+00 -7.40000000e-01 -1.82000000e+00 -2.21171416e-17 -1.82000000e+00 -1.82000000e+00 
-1.83000000e+00 -7.40000000e-01 -1.83000000e+00 -2.22301744e-17 -1.83000000e+00 -1.83000000e+00 
-1.84000000e+00 -7.40000000e-01 -1.84000000e+00 -2.23432093e-17 -1.84000000e+00 -1.84000000e+00 
-1.85000000e+00 -7.40000000e-01 -1.85000000e+00 -2.24562462e-17 -1.85000000e+00 -1.85000000e+00 
