 0.00000000e+00 -3.70000000e-01  0.00000000e+00 -0.00000000e+00  0.00000000e+00  0.00000000e+00 
-1.00000000e-02 -3.70000000e-01 -1.00000000e-02 -1.54470644e-33 -1.00000000e-02 -1.00000000e-02 
-2.00000000e-02 -3.70000000e-01 -2.00000000e-02 -2.74633186e-33 -2.00000000e-02 -2.00000000e-02 
-3.00000000e-02 -3.70000000e-01 -3.00000000e-02 -3.71981598e-33 -3.00000000e-02 -3.00000000e-02 
-4.00000000e-02 -3.70000000e-01 -4.00000000e-02 -4.53957120e-33 -4.00000000e-02 -4.00000000e-02 
-5.00000000e-02 -3.70000000e-01 -5.00000000e-02 -5.25304824e-33 -5.00000000e-02 -5.00000000e-02 
-6.00000000e-02 -3.70000000e-01 -6.00000000e-02 -5.89113995e-33 -6.00000000e-02 -6.00000000e-02 
-7.00000000e-02 -3.70000000e-01 -7.00000000e-02 -6.47445936e-33 -7.00000000e-02 -7.00000000e-02 
-8.00000000e-02 -3.70000000e-01 -8.00000000e-02 -7.01710146e-33 -8.00000000e-02 -8.00000000e-02 
-9.00000000e-02 -3.70000000e-01 -9.00000000e-02 -7.52893055e-33 -9.00000000e-02 -9.00000000e-02 
-1.00000000e-01 -3.70000000e-01 -1.00000000e-01 -8.01700008e-33 -1.00000000e-01 -1.00000000e-01 
-1.10000000e-01 -3.70000000e-01 -1.10000000e-01 -8.48645402e-33 -1.10000000e-01 -1.10000000e-01 
-1.20000000e-01 -3.70000000e-01 -1.20000000e-01 -8.94111178e-33 -1.20000000e-01 -1.20000000e-01 
-1.30000000e-01 -3.70000000e-01 -1.30000000e-01 -9.38385611e-33 -1.30000000e-01 -1.30000000e-01 
-1.40000000e-01 -3.70000000e-01 -1.40000000e-01 -9.81689547e-33 -1.40000000e-01 -1.40000000e-01 
-1.50000000e-01 -3.70000000e-01 -1.50000000e-01 -1.02419449e-32 -1.50000000e-01 -1.50000000e-01 
-1.60000000e-01 -3.70000000e-01 -1.60000000e-01 -1.06603529e-32 -1.60000000e-01 -1.60000000e-01 
-1.70000000e-01 -3.70000000e-01 -1.70000000e-01 -1.10731919e-32 -1.70000000e-01 -1.70000000e-01 
-1.80000000e-01 -3.70000000e-01 -1.80000000e-01 -1.14813238e-32 -1.80000000e-01 -1.80000000e-01 
-1.90000000e-01 -3.70000000e-01 -1.90000000e-01 -1.18854477e-32 -1.90000000e-01 -1.90000000e-01 
-2.00000000e-01 -3.70000000e-01 -2.00000000e-01 -1.22861360e-32 -2.00000000e-01 -2.00000000e-01 
-2.10000000e-01 -3.70000000e-01 -2.10000000e-01 -1.26838610e-32 -2.10000000e-01 -2.10000000e-01 
-2.20000000e-01 -3.70000000e-01 -2.20000000e-01 -1.30790156e-32 -2.20000000e-01 -2.20000000e-01 
-2.30000000e-01 -3.70000000e-01 -2.30000000e-01 -1.34719287e-32 -2.30000000e-01 -2.30000000e-01 
-2.40000000e-01 -3.70000000e-01 -2.40000000e-01 -1.38628774e-32 -2.40000000e-01 -2.40000000e-01 
-2.50000000e-01 -3.70000000e-01 -2.50000000e-01 -1.42520969e-32 -2.50000000e-01 -2.50000000e-01 
-2.60000000e-01 -3.70000000e-01 -2.60000000e-01 -1.46397877e-32 -2.60000000e-01 -2.60000000e-01 
-2.70000000e-01 -3.70000000e-01 -2.70000000e-01 -1.50261216e-32 -2.70000000e-01 -2.70000000e-01 
-2.80000000e-01 -3.70000000e-01 -2.80000000e-01 -1.54112470e-32 -2.80000000e-01 -2.80000000e-01 
-2.90000000e-01 -3.70000000e-01 -2.90000000e-01 -1.57952920e-32 -2.90000000e-01 -2.90000000e-01 
-3.00000000e-01 -3.70000000e-01 -3.00000000e-01 -1.61783681e-32 -3.00000000e-01 -3.00000000e-01 
-3.10000000e-01 -3.70000000e-01 -3.10000000e-01 -1.65605727e-32 -3.10000000e-01 -3.10000000e-01 
-3.20000000e-01 -3.70000000e-01 -3.20000000e-01 -1.69419913e-32 -3.20000000e-01 -3.20000000e-01 
-3.30000000e-01 -3.70000000e-01 -3.30000000e-01 -1.73226988e-32 -3.30000000e-01 -3.30000000e-01 
-3.40000000e-01 -3.70000000e-01 -3.40000000e-01 -1.77027618e-32 -3.40000000e-01 -3.40000000e-01 
-3.50000000e-01 -3.70000000e-01 -3.50000000e-01 -1.80822388e-32 -3.50000000e-01 -3.50000000e-01 
-3.60000000e-01 -3.70000000e-01 -3.60000000e-01 -1.84611821e-32 -3.60000000e-01 -3.60000000e-01 
-3.70000000e-01 -3.70000000e-01 -3.70000000e-01 -1.88396383e-32 -3.70000000e-01 -3.70000000e-01 
-3.80000000e-01 -3.70000000e-01 -3.80000000e-01 -1.92176489e-32 -3.80000000e-01 -3.80000000e-01 
-3.90000000e-01 -3.70000000e-01 -3.90000000e-01 -1.95952512e-32 -3.90000000e-01 -3.90000000e-01 
-4.00000000e-01 -3.70000000e-01 -4.00000000e-01 -1.99724787e-32 -4.00000000e-01 -4.00000000e-01 
-4.10000000e-01 -3.70000000e-01 -4.10000000e-01 -2.03493617e-32 -4.10000000e-01 -4.10000000e-01 
-4.20000000e-01 -3.70000000e-01 -4.20000000e-01 -2.07259272e-32 -4.20000000e-01 -4.20000000e-01 
-4.30000000e-01 -3.70000000e-01 -4.30000000e-01 -2.11022001e-32 -4.30000000e-01 -4.30000000e-01 
-4.40000000e-01 -3.70000000e-01 -4.40000000e-01 -2.14782026e-32 -4.40000000e-01 -4.40000000e-01 
-4.50000000e-01 -3.70000000e-01 -4.50000000e-01 -2.18539550e-32 -4.50000000e-01 -4.50000000e-01 
-4.60000000e-01 -3.70000000e-01 -4.60000000e-01 -2.22294759e-32 -4.60000000e-01 -4.60000000e-01 
-4.70000000e-01 -3.70000000e-01 -4.70000000e-01 -2.26047821e-32 -4.70000000e-01 -4.70000000e-01 
-4.80000000e-01 -3.70000000e-01 -4.80000000e-01 -2.29798890e-32 -4.80000000e-01 -4.80000000e-01 
-4.90000000e-01 -3.70000000e-01 -4.90000000e-01 -2.33548107e-32 -4.90000000e-01 -4.90000000e-01 
-5.00000000e-01 -3.70000000e-01 -5.00000000e-01 -2.37295603e-32 -5.00000000e-01 -5.00000000e-01 
-5.10000000e-01 -3.70000000e-01 -5.10000000e-01 -2.41041494e-32 -5.10000000e-01 -5.10000000e-01 
-5.20000000e-01 -3.70000000e-01 -5.20000000e-01 -2.44785891e-32 -5.20000000e-01 -5.20000000e-01 
-5.30000000e-01 -3.70000000e-01 -5.30000000e-01 -2.48528895e-32 -5.30000000e-01 -5.30000000e-01 
-5.40000000e-01 -3.70000000e-01 -5.40000000e-01 -2.52270598e-32 -5.40000000e-01 -5.40000000e-01 
-5.50000000e-01 -3.70000000e-01 -5.50000000e-01 -2.56011086e-32 -5.50000000e-01 -5.50000000e-01 
-5.60000000e-01 -3.70000000e-01 -5.60000000e-01 -2.59750438e-32 -5.60000000e-01 -5.60000000e-01 
-5.70000000e-01 -3.70000000e-01 -5.70000000e-01 -2.63488727e-32 -5.70000000e-01 -5.70000000e-01 
-5.80000000e-01 -3.70000000e-01 -5.80000000e-01 -2.67226022e-32 -5.80000000e-01 -5.80000000e-01 
-5.90000000e-01 -3.70000000e-01 -5.90000000e-01 -2.70962386e-32 -5.90000000e-01 -5.90000000e-01 
-6.00000000e-01 -3.70000000e-01 -6.00000000e-01 -2.74697877e-32 -6.00000000e-01 -6.00000000e-01 
-6.10000000e-01 -3.70000000e-01 -6.10000000e-01 -2.78432551e-32 -6.10000000e-01 -6.10000000e-01 
-6.20000000e-01 -3.70000000e-01 -6.20000000e-01 -2.82166457e-32 -6.20000000e-01 -6.20000000e-01 
-6.30000000e-01 -3.70000000e-01 -6.30000000e-01 -2.85899644e-32 -6.30000000e-01 -6.30000000e-01 
-6.40000000e-01 -3.70000000e-01 -6.40000000e-01 -2.89632155e-32 -6.40000000e-01 -6.40000000e-01 
-6.50000000e-01 -3.70000000e-01 -6.50000000e-01 -2.93364033e-32 -6.50000000e-01 -6.50000000e-01 
-6.60000000e-01 -3.70000000e-01 -6.60000000e-01 -2.97095314e-32 -6.60000000e-01 -6.60000000e-01 
-6.70000000e-01 -3.70000000e-01 -6.70000000e-01 -3.00826037e-32 -6.70000000e-01 -6.70000000e-01 
-6.80000000e-01 -3.70000000e-01 -6.80000000e-01 -3.04556234e-32 -6.80000000e-01 -6.80000000e-01 
-6.90000000e-01 -3.70000000e-01 -6.90000000e-01 -3.08285938e-32 -6.90000000e-01 -6.90000000e-01 
-7.00000000e-01 -3.70000000e-01 -7.00000000e-01 -3.12015177e-32 -7.00000000e-01 -7.00000000e-01 
-7.10000000e-01 -3.70000000e-01 -7.10000000e-01 -3.15743980e-32 -7.10000000e-01 -7.10000000e-01 
-7.20000000e-01 -3.70000000e-01 -7.20000000e-01 -3.19472374e-32 -7.20000000e-01 -7.20000000e-01 
-7.30000000e-01 -3.70000000e-01 -7.30000000e-01 -3.23200382e-32 -7.30000000e-01 -7.30000000e-01 
-7.40000000e-01 -3.70000000e-01 -7.40000000e-01 -3.26928029e-32 -7.40000000e-01 -7.40000000e-01 
-7.50000000e-01 -3.70000000e-01 -7.50000000e-01 -3.30655335e-32 -7.50000000e-01 -7.50000000e-01 
-7.60000000e-01 -3.70000000e-01 -7.60000000e-01 -3.34382322e-32 -7.60000000e-01 -7.60000000e-01 
-7.70000000e-01 -3.70000000e-01 -7.70000000e-01 -3.38109009e-32 -7.70000000e-01 -7.70000000e-01 
-7.80000000e-01 -3.70000000e-01 -7.80000000e-01 -3.41835415e-32 -7.80000000e-01 -7.80000000e-01 
-7.90000000e-01 -3.70000000e-01 -7.90000000e-01 -3.45561555e-32 -7.90000000e-01 -7.90000000e-01 
-8.00000000e-01 -3.70000000e-01 -8.00000000e-01 -3.49287448e-32 -8.00000000e-01 -8.00000000e-01 
-8.10000000e-01 -3.70000000e-01 -8.10000000e-01 -3.53013108e-32 -8.10000000e-01 -8.10000000e-01 
-8.20000000e-01 -3.70000000e-01 -8.20000000e-01 -3.56738550e-32 -8.20000000e-01 -8.20000000e-01 
-8.30000000e-01 -3.70000000e-01 -8.30000000e-01 -3.60463788e-32 -8.30000000e-01 -8.30000000e-01 
-8.40000000e-01 -3.70000000e-01 -8.40000000e-01 -3.64188834e-32 -8.40000000e-01 -8.40000000e-01 
-8.50000000e-01 -3.70000000e-01 -8.50000000e-01 -3.67913701e-32 -8.50000000e-01 -8.50000000e-01 
-8.60000000e-01 -3.70000000e-01 -8.60000000e-01 -3.71638402e-32 -8.60000000e-01 -8.60000000e-01 
-8.70000000e-01 -3.70000000e-01 -8.70000000e-01 -3.75362946e-32 -8.70000000e-01 -8.70000000e-01 
-8.80000000e-01 -3.70000000e-01 -8.80000000e-01 -3.79087345e-32 -8.80000000e-01 -8.80000000e-01 
-8.90000000e-01 -3.70000000e-01 -8.90000000e-01 -3.82811608e-32 -8.90000000e-01 -8.90000000e-01 
-9.00000000e-01 -3.70000000e-01 -9.00000000e-01 -3.86535745e-32 -9.00000000e-01 -9.00000000e-01 
-9.10000000e-01 -3.70000000e-01 -9.10000000e-01 -3.90259765e-32 -9.10000000e-01 -9.10000000e-01 
-9.20000000e-01 -3.70000000e-01 -9.20000000e-01 -3.93983676e-32 -9.20000000e-01 -9.20000000e-01 
-9.30000000e-01 -3.70000000e-01 -9.30000000e-01 -3.97707488e-32 -9.30000000e-01 -9.30000000e-01 
-9.40000000e-01 -3.70000000e-01 -9.40000000e-01 -4.01431206e-32 -9.40000000e-01 -9.40000000e-01 
-9.50000000e-01 -3.70000000e-01 -9.50000000e-01 -4.05154840e-32 -9.50000000e-01 -9.50000000e-01 
-9.60000000e-01 -3.70000000e-01 -9.60000000e-01 -4.08878395e-32 -9.60000000e-01 -9.60000000e-01 
-9.70000000e-01 -3.70000000e-01 -9.70000000e-01 -4.12601878e-32 -9.70000000e-01 -9.70000000e-01 
-9.80000000e-01 -3.70000000e-01 -9.80000000e-01 -4.16325296e-32 -9.80000000e-01 -9.80000000e-01 
-9.90000000e-01 -3.70000000e-01 -9.90000000e-01 -4.20048655e-32 -9.90000000e-01 -9.90000000e-01 
-1.00000000e+00 -3.70000000e-01 -1.00000000e+00 -4.23771961e-32 -1.00000000e+00 -1.00000000e+00 
-1.01000000e+00 -3.70000000e-01 -1.01000000e+00 -4.27495218e-32 -1.01000000e+00 -1.01000000e+00 
-1.02000000e+00 -3.70000000e-01 -1.02000000e+00 -4.31218433e-32 -1.02000000e+00 -1.02000000e+00 
-1.03000000e+00 -3.70000000e-01 -1.03000000e+00 -4.34941610e-32 -1.03000000e+00 -1.03000000e+00 
-1.04000000e+00 -3.70000000e-01 -1.04000000e+00 -4.38664753e-32 -1.04000000e+00 -1.04000000e+00 
-1.05000000e+00 -3.70000000e-01 -1.05000000e+00 -4.42387869e-32 -1.05000000e+00 -1.05000000e+00 
-1.06000000e+00 -3.70000000e-01 -1.06000000e+00 -4.46110960e-32 -1.06000000e+00 -1.06000000e+00 
-1.07000000e+00 -3.70000000e-01 -1.07000000e+00 -4.49834031e-32 -1.07000000e+00 -1.07000000e+00 
-1.08000000e+00 -3.70000000e-01 -1.08000000e+00 -4.53557085e-32 -1.08000000e+00 -1.08000000e+00 
-1.09000000e+00 -3.70000000e-01 -1.09000000e+00 -4.57280128e-32 -1.09000000e+00 -1.09000000e+00 
-1.10000000e+00 -3.70000000e-01 -1.10000000e+00 -4.61003162e-32 -1.10000000e+00 -1.10000000e+00 
-1.11000000e+00 -3.70000000e-01 -1.11000000e+00 -4.64726190e-32 -1.11000000e+00 -1.11000000e+00 
-1.12000000e+00 -3.70000000e-01 -1.12000000e+00 -4.68449216e-32 -1.12000000e+00 -1.12000000e+00 
-1.13000000e+00 -3.70000000e-01 -1.13000000e+00 -4.72172243e-32 -1.13000000e+00 -1.13000000e+00 
-1.14000000e+00 -3.70000000e-01 -1.14000000e+00 -4.75895275e-32 -1.14000000e+00 -1.14000000e+00 
-1.15000000e+00 -3.70000000e-01 -1.15000000e+00 -4.79618313e-32 -1.15000000e+00 -1.15000000e+00 
-1.16000000e+00 -3.70000000e-01 -1.16000000e+00 -4.83341361e-32 -1.16000000e+00 -1.16000000e+00 
-1.17000000e+00 -3.70000000e-01 -1.17000000e+00 -4.87064421e-32 -1.17000000e+00 -1.17000000e+00 
-1.18000000e+00 -3.70000000e-01 -1.18000000e+00 -4.90787496e-32 -1.18000000e+00 -1.18000000e+00 
-1.19000000e+00 -3.70000000e-01 -1.19000000e+00 -4.94510588e-32 -1.19000000e+00 -1.19000000e+00 
-1.20000000e+00 -3.70000000e-01 -1.20000000e+00 -4.98233699e-32 -1.20000000e+00 -1.20000000e+00 
-1.21000000e+00 -3.70000000e-01 -1.21000000e+00 -5.01956832e-32 -1.21000000e+00 -1.21000000e+00 
-1.22000000e+00 -3.70000000e-01 -1.22000000e+00 -5.05679989e-32 -1.22000000e+00 -1.22000000e+00 
-1.23000000e+00 -3.70000000e-01 -1.23000000e+00 -5.09403171e-32 -1.23000000e+00 -1.23000000e+00 
-1.24000000e+00 -3.70000000e-01 -1.24000000e+00 -5.13126382e-32 -1.24000000e+00 -1.24000000e+00 
-1.25000000e+00 -3.70000000e-01 -1.25000000e+00 -5.16849621e-32 -1.25000000e+00 -1.25000000e+00 
-1.26000000e+00 -3.70000000e-01 -1.26000000e+00 -5.20572892e-32 -1.26000000e+00 -1.26000000e+00 
-1.27000000e+00 -3.70000000e-01 -1.27000000e+00 -5.24296196e-32 -1.27000000e+00 -1.27000000e+00 
-1.28000000e+00 -3.70000000e-01 -1.28000000e+00 -5.28019534e-32 -1.28000000e+00 -1.28000000e+00 
-1.29000000e+00 -3.70000000e-01 -1.29000000e+00 -5.31742909e-32 -1.29000000e+00 -1.29000000e+00 
-1.30000000e+00 -3.70000000e-01 -1.30000000e+00 -5.35466321e-32 -1.30000000e+00 -1.30000000e+00 
-1.31000000e+00 -3.70000000e-01 -1.31000000e+00 -5.39189772e-32 -1.31000000e+00 -1.31000000e+00 
-1.32000000e+00 -3.70000000e-01 -1.32000000e+00 -5.42913263e-32 -1.32000000e+00 -1.32000000e+00 
-1.33000000e+00 -3.70000000e-01 -1.33000000e+00 -5.46636795e-32 -1.33000000e+00 -1.33000000e+00 
-1.34000000e+00 -3.70000000e-01 -1.34000000e+00 -5.50360371e-32 -1.34000000e+00 -1.34000000e+00 
-1.35000000e+00 -3.70000000e-01 -1.35000000e+00 -5.54083991e-32 -1.35000000e+00 -1.35000000e+00 
-1.36000000e+00 -3.70000000e-01 -1.36000000e+00 -5.57807656e-32 -1.36000000e+00 -1.36000000e+00 
-1.37000000e+00 -3.70000000e-01 -1.37000000e+00 -5.61531367e-32 -1.37000000e+00 -1.37000000e+00 
-1.38000000e+00 -3.70000000e-01 -1.38000000e+00 -5.65255125e-32 -1.38000000e+00 -1.38000000e+00 
-1.39000000e+00 -3.70000000e-01 -1.39000000e+00 -5.68978931e-32 -1.39000000e+00 -1.39000000e+00 
-1.40000000e+00 -3.70000000e-01 -1.40000000e+00 -5.72702787e-32 -1.40000000e+00 -1.40000000e+00 
-1.41000000e+00 -3.70000000e-01 -1.41000000e+00 -5.76426693e-32 -1.41000000e+00 -1.41000000e+00 
-1.42000000e+00 -3.70000000e-01 -1.42000000e+00 -5.80150650e-32 -1.42000000e+00 -1.42000000e+00 
-1.43000000e+00 -3.70000000e-01 -1.43000000e+00 -5.83874658e-32 -1.43000000e+00 -1.43000000e+00 
-1.44000000e+00 -3.70000000e-01 -1.44000000e+00 -5.87598720e-32 -1.44000000e+00 -1.44000000e+00 
-1.45000000e+00 -3.70000000e-01 -1.45000000e+00 -5.91322834e-32 -1.45000000e+00 -1.45000000e+00 
-1.46000000e+00 -3.70000000e-01 -1.46000000e+00 -5.95047003e-32 -1.46000000e+00 -1.46000000e+00 
-1.47000000e+00 -3.70000000e-01 -1.47000000e+00 -5.98771226e-32 -1.47000000e+00 -1.47000000e+00 
-1.48000000e+00 -3.70000000e-01 -1.48000000e+00 -6.02495505e-32 -1.48000000e+00 -1.48000000e+00 
-1.49000000e+00 -3.70000000e-01 -1.49000000e+00 -6.06219840e-32 -1.49000000e+00 -1.49000000e+00 
-1.50000000e+00 -3.70000000e-01 -1.50000000e+00 -6.09944232e-32 -1.50000000e+00 -1.50000000e+00 
-1.51000000e+00 -3.70000000e-01 -1.51000000e+00 -6.13668681e-32 -1.51000000e+00 -1.51000000e+00 
-1.52000000e+00 -3.70000000e-01 -1.52000000e+00 -6.17393188e-32 -1.52000000e+00 -1.52000000e+00 
-1.53000000e+00 -3.70000000e-01 -1.53000000e+00 -6.21117753e-32 -1.53000000e+00 -1.53000000e+00 
-1.54000000e+00 -3.70000000e-01 -1.54000000e+00 -6.24842376e-32 -1.54000000e+00 -1.54000000e+00 
-1.55000000e+00 -3.70000000e-01 -1.55000000e+00 -6.28567060e-32 -1.55000000e+00 -1.55000000e+00 
-1.56000000e+00 -3.70000000e-01 -1.56000000e+00 -6.32291802e-32 -1.56000000e+00 -1.56000000e+00 
-1.57000000e+00 -3.70000000e-01 -1.57000000e+00 -6.36016605e-32 -1.57000000e+00 -1.57000000e+00 
-1.58000000e+00 -3.70000000e-01 -1.58000000e+00 -6.39741469e-32 -1.58000000e+00 -1.58000000e+00 
-1.59000000e+00 -3.70000000e-01 -1.59000000e+00 -6.43466394e-32 -1.59000000e+00 -1.59000000e+00 
-1.60000000e+00 -3.70000000e-01 -1.60000000e+00 -6.47191380e-32 -1.60000000e+00 -1.60000000e+00 
-1.61000000e+00 -3.70000000e-01 -1.61000000e+00 -6.50916427e-32 -1.61000000e+00 -1.61000000e+00 
-1.62000000e+00 -3.70000000e-01 -1.62000000e+00 -6.54641537e-32 -1.62000000e+00 -1.62000000e+00 
-1.63000000e+00 -3.70000000e-01 -1.63000000e+00 -6.58366709e-32 -1.63000000e+00 -1.63000000e+00 
-1.64000000e+00 -3.70000000e-01 -1.64000000e+00 -6.62091944e-32 -1.64000000e+00 -1.64000000e+00 
-1.65000000e+00 -3.70000000e-01 -1.65000000e+00 -6.65817241e-32 -1.65000000e+00 -1.65000000e+00 
-1.66000000e+00 -3.70000000e-01 -1.66000000e+00 -6.69542602e-32 -1.66000000e+00 -1.66000000e+00 
-1.67000000e+00 -3.70000000e-01 -1.67000000e+00 -6.73268026e-32 -1.67000000e+00 -1.67000000e+00 
-1.68000000e+00 -3.70000000e-01 -1.68000000e+00 -6.76993514e-32 -1.68000000e+00 -1.68000000e+00 
-1.69000000e+00 -3.70000000e-01 -1.69000000e+00 -6.80719066e-32 -1.69000000e+00 -1.69000000e+00 
-1.70000000e+00 -3.70000000e-01 -1.70000000e+00 -6.84444682e-32 -1.70000000e+00 -1.70000000e+00 
-1.71000000e+00 -3.70000000e-01 -1.71000000e+00 -6.88170363e-32 -1.71000000e+00 -1.71000000e+00 
-1.72000000e+00 -3.70000000e-01 -1.72000000e+00 -6.91896107e-32 -1.72000000e+00 -1.72000000e+00 
-1.73000000e+00 -3.70000000e-01 -1.73000000e+00 -6.95621917e-32 -1.73000000e+00 -1.73000000e+00 
-1.74000000e+00 -3.70000000e-01 -1.74000000e+00 -6.99347791e-32 -1.74000000e+00 -1.74000000e+00 
-1.75000000e+00 -3.70000000e-01 -1.75000000e+00 -7.03073731e-32 -1.75000000e+00 -1.75000000e+00 
-1.76000000e+00 -3.70000000e-01 -1.76000000e+00 -7.06799735e-32 -1.76000000e+00 -1.76000000e+00 
-1.77000000e+00 -3.70000000e-01 -1.77000000e+00 -7.10525805e-32 -1.77000000e+00 -1.77000000e+00 
-1.78000000e+00 -3.70000000e-01 -1.78000000e+00 -7.14251940e-32 -1.78000000e+00 -1.78000000e+00 
-1.79000000e+00 -3.70000000e-01 -1.79000000e+00 -7.17978141e-32 -1.79000000e+00 -1.79000000e+00 
-1.80000000e+00 -3.70000000e-01 -1.80000000e+00 -7.21704407e-32 -1.80000000e+00 -1.80000000e+00 
-1.81000000e+00 -3.70000000e-01 -1.81000000e+00 -7.25430739e-32 -1.81000000e+00 -1.81000000e+00 
-1.82000000e+00 -3.70000000e-01 -1.82000000e+00 -7.29157137e-32 -1.82000000e+00 -1.82000000e+00 
-1.83000000e+00 -3.70000000e-01 -1.83000000e+00 -7.32883601e-32 -1.83000000e+00 -1.83000000e+00 
-1.84000000e+00 -3.70000000e-01 -1.84000000e+00 -7.36610130e-32 -1.84000000e+00 -1.84000000e+00 
-1.85000000e+00 -3.70000000e-01 -1.85000000e+00 -7.40336726e-32 -1.85000000e+00 -1.85000000e+00 
