 0.00000000e+00 -1.11000000e+00  0.00000000e+00 -0.00000000e+00  0.00000000e+00  0.00000000e+00 
-1.00000000e-02 -1.11000000e+00 -1.00000000e-02 -1.52630514e-08 -1.00000000e-02 -1.00000000e-02 
-2.00000000e-02 -1.11000000e+00 -2.00000000e-02 -2.71336018e-08 -2.00000000e-02 -2.00000000e-02 
-3.00000000e-02 -1.11000000e+00 -3.00000000e-02 -3.66043785e-08 -3.00000000e-02 -3.00000000e-02 
-4.00000000e-02 -1.11000000e+00 -4.00000000e-02 -4.43848273e-08 -4.00000000e-02 -4.00000000e-02 
-5.00000000e-02 -1.11000000e+00 -5.00000000e-02 -5.09602756e-08 -5.00000000e-02 -5.00000000e-02 
-6.00000000e-02 -1.11000000e+00 -6.00000000e-02 -5.66631463e-08 -6.00000000e-02 -6.00000000e-02 
-7.00000000e-02 -1.11000000e+00 -7.00000000e-02 -6.17234752e-08 -7.00000000e-02 -7.00000000e-02 
-8.00000000e-02 -1.11000000e+00 -8.00000000e-02 -6.63026895e-08 -8.00000000e-02 -8.00000000e-02 
-9.00000000e-02 -1.11000000e+00 -9.00000000e-02 -7.05158393e-08 -9.00000000e-02 -9.00000000e-02 
-1.00000000e-01 -1.11000000e+00 -1.00000000e-01 -7.44462286e-08 -1.00000000e-01 -1.00000000e-01 
-1.10000000e-01 -1.11000000e+00 -1.10000000e-01 -7.81551174e-08 -1.10000000e-01 -1.10000000e-01 
-1.20000000e-01 -1.11000000e+00 -1.20000000e-01 -8.16882290e-08 -1.20000000e-01 -1.20000000e-01 
-1.30000000e-01 -1.11000000e+00 -1.30000000e-01 -8.50801719e-08 -1.30000000e-01 -1.30000000e-01 
-1.40000000e-01 -1.11000000e+00 -1.40000000e-01 -8.83574887e-08 -1.40000000e-01 -1.40000000e-01 
-1.50000000e-01 -1.11000000e+00 -1.50000000e-01 -9.15407870e-08 -1.50000000e-01 -1.50000000e-01 
-1.60000000e-01 -1.11000000e+00 -1.60000000e-01 -9.46462502e-08 -1.60000000e-01 -1.60000000e-01 
-1.70000000e-01 -1.11000000e+00 -1.70000000e-01 -9.76867227e-08 -1.70000000e-01 -1.70000000e-01 
-1.80000000e-01 -1.11000000e+00 -1.80000000e-01 -1.00672500e-07 -1.80000000e-01 -1.80000000e-01 
-1.90000000e-01 -1.11000000e+00 -1.90000000e-01 -1.03611910e-07 -1.90000000e-01 -1.90000000e-01 
-2.00000000e-01 -1.11000000e+00 -2.00000000e-01 -1.06511747e-07 -2.00000000e-01 -2.00000000e-01 
-2.10000000e-01 -1.11000000e+00 -2.10000000e-01 -1.09377599e-07 -2.10000000e-01 -2.10000000e-01 
-2.20000000e-01 -1.11000000e+00 -2.20000000e-01 -1.12214095e-07 -2.20000000e-01 -2.20000000e-01 
-2.30000000e-01 -1.11000000e+00 -2.30000000e-01 -1.15025096e-07 -2.30000000e-01 -2.30000000e-01 
-2.40000000e-01 -1.11000000e+00 -2.40000000e-01 -1.17813844e-07 -2.40000000e-01 -2.40000000e-01 
-2.50000000e-01 -1.11000000e+00 -2.50000000e-01 -1.20583078e-07 -2.50000000e-01 -2.50000000e-01 
-2.60000000e-01 -1.11000000e+00 -2.60000000e-01 -1.23335126e-07 -2.60000000e-01 -2.60000000e-01 
-2.70000000e-01 -1.11000000e+00 -2.70000000e-01 -1.26071973e-07 -2.70000000e-01 -2.70000000e-01 
-2.80000000e-01 -1.11000000e+00 -2.80000000e-01 -1.28795325e-07 -2.80000000e-01 -2.80000000e-01 
-2.90000000e-01 -1.11000000e+00 -2.90000000e-01 -1.31506654e-07 -2.90000000e-01 -2.90000000e-01 
-3.00000000e-01 -1.11000000e+00 -3.00000000e-01 -1.34207234e-07 -3.00000000e-01 -3.00000000e-01 
-3.10000000e-01 -1.11000000e+00 -3.10000000e-01 -1.36898174e-07 -3.10000000e-01 -3.10000000e-01 
-3.20000000e-01 -1.11000000e+00 -3.20000000e-01 -1.39580441e-07 -3.20000000e-01 -3.20000000e-01 
-3.30000000e-01 -1.11000000e+00 -3.30000000e-01 -1.42254885e-07 -3.30000000e-01 -3.30000000e-01 
-3.40000000e-01 -1.11000000e+00 -3.40000000e-01 -1.44922252e-07 -3.40000000e-01 -3.40000000e-01 
-3.50000000e-01 -1.11000000e+00 -3.50000000e-01 -1.47583202e-07 -3.50000000e-01 -3.50000000e-01 
-3.60000000e-01 -1.11000000e+00 -3.60000000e-01 -1.50238318e-07 -3.60000000e-01 -3.60000000e-01 
-3.70000000e-01 -1.11000000e+00 -3.70000000e-01 -1.52888120e-07 -3.70000000e-01 -3.70000000e-01 
-3.80000000e-01 -1.11000000e+00 -3.80000000e-01 -1.55533070e-07 -3.80000000e-01 -3.80000000e-01 
-3.90000000e-01 -1.11000000e+00 -3.90000000e-01 -1.58173581e-07 -3.90000000e-01 -3.90000000e-01 
-4.00000000e-01 -1.11000000e+00 -4.00000000e-01 -1.60810022e-07 -4.00000000e-01 -4.00000000e-01 
-4.10000000e-01 -1.11000000e+00 -4.10000000e-01 -1.63442727e-07 -4.10000000e-01 -4.10000000e-01 
-4.20000000e-01 -1.11000000e+00 -4.20000000e-01 -1.66071993e-07 -4.20000000e-01 -4.20000000e-01 
-4.30000000e-01 -1.11000000e+00 -4.30000000e-01 -1.68698092e-07 -4.30000000e-01 -4.30000000e-01 
-4.40000000e-01 -1.11000000e+00 -4.40000000e-01 -1.71321267e-07 -4.40000000e-01 -4.40000000e-01 
-4.50000000e-01 -1.11000000e+00 -4.50000000e-01 -1.73941739e-07 -4.50000000e-01 -4.50000000e-01 
-4.60000000e-01 -1.11000000e+00 -4.60000000e-01 -1.76559710e-07 -4.60000000e-01 -4.60000000e-01 
-4.70000000e-01 -1.11000000e+00 -4.70000000e-01 -1.79175362e-07 -4.70000000e-01 -4.70000000e-01 
-4.80000000e-01 -1.11000000e+00 -4.80000000e-01 -1.81788862e-07 -4.80000000e-01 -4.80000000e-01 
-4.90000000e-01 -1.11000000e+00 -4.90000000e-01 -1.84400362e-07 -4.90000000e-01 -4.90000000e-01 
-5.00000000e-01 -1.11000000e+00 -5.00000000e-01 -1.87010001e-07 -5.00000000e-01 -5.00000000e-01 
-5.10000000e-01 -1.11000000e+00 -5.10000000e-01 -1.89617906e-07 -5.10000000e-01 -5.10000000e-01 
-5.20000000e-01 -1.11000000e+00 -5.20000000e-01 -1.92224196e-07 -5.20000000e-01 -5.20000000e-01 
-5.30000000e-01 -1.11000000e+00 -5.30000000e-01 -1.94828978e-07 -5.30000000e-01 -5.30000000e-01 
-5.40000000e-01 -1.11000000e+00 -5.40000000e-01 -1.97432350e-07 -5.40000000e-01 -5.40000000e-01 
-5.50000000e-01 -1.11000000e+00 -5.50000000e-01 -2.00034404e-07 -5.50000000e-01 -5.50000000e-01 
-5.60000000e-01 -1.11000000e+00 -5.60000000e-01 -2.02635224e-07 -5.60000000e-01 -5.60000000e-01 
-5.70000000e-01 -1.11000000e+00 -5.70000000e-01 -2.05234889e-07 -5.70000000e-01 -5.70000000e-01 
-5.80000000e-01 -1.11000000e+00 -5.80000000e-01 -2.07833470e-07 -5.80000000e-01 -5.80000000e-01 
-5.90000000e-01 -1.11000000e+00 -5.90000000e-01 -2.10431035e-07 -5.90000000e-01 -5.90000000e-01 
-6.00000000e-01 -1.11000000e+00 -6.00000000e-01 -2.13027645e-07 -6.00000000e-01 -6.00000000e-01 
-6.10000000e-01 -1.11000000e+00 -6.10000000e-01 -2.15623357e-07 -6.10000000e-01 -6.10000000e-01 
-6.20000000e-01 -1.11000000e+00 -6.20000000e-01 -2.18218227e-07 -6.20000000e-01 -6.20000000e-01 
-6.30000000e-01 -1.11000000e+00 -6.30000000e-01 -2.20812303e-07 -6.30000000e-01 -6.30000000e-01 
-6.40000000e-01 -1.11000000e+00 -6.40000000e-01 -2.23405632e-07 -6.40000000e-01 -6.40000000e-01 
-6.50000000e-01 -1.11000000e+00 -6.50000000e-01 -2.25998257e-07 -6.50000000e-01 -6.50000000e-01 
-6.60000000e-01 -1.11000000e+00 -6.60000000e-01 -2.28590219e-07 -6.60000000e-01 -6.60000000e-01 
-6.70000000e-01 -1.11000000e+00 -6.70000000e-01 -2.31181556e-07 -6.70000000e-01 -6.70000000e-01 
-6.80000000e-01 -1.11000000e+00 -6.80000000e-01 -2.33772304e-07 -6.80000000e-01 -6.80000000e-01 
-6.90000000e-01 -1.11000000e+00 -6.90000000e-01 -2.36362494e-07 -6.90000000e-01 -6.90000000e-01 
-7.00000000e-01 -1.11000000e+00 -7.00000000e-01 -2.38952159e-07 -7.00000000e-01 -7.00000000e-01 
-7.10000000e-01 -1.11000000e+00 -7.10000000e-01 -2.41541328e-07 -7.10000000e-01 -7.10000000e-01 
-7.20000000e-01 -1.11000000e+00 -7.20000000e-01 -2.44130027e-07 -7.20000000e-01 -7.20000000e-01 
-7.30000000e-01 -1.11000000e+00 -7.30000000e-01 -2.46718284e-07 -7.30000000e-01 -7.30000000e-01 
-7.40000000e-01 -1.11000000e+00 -7.40000000e-01 -2.49306121e-07 -7.40000000e-01 -7.40000000e-01 
-7.50000000e-01 -1.11000000e+00 -7.50000000e-01 -2.51893562e-07 -7.50000000e-01 -7.50000000e-01 
-7.60000000e-01 -1.11000000e+00 -7.60000000e-01 -2.54480628e-07 -7.60000000e-01 -7.60000000e-01 
-7.70000000e-01 -1.11000000e+00 -7.70000000e-01 -2.57067340e-07 -7.70000000e-01 -7.70000000e-01 
-7.80000000e-01 -1.11000000e+00 -7.80000000e-01 -2.59653716e-07 -7.80000000e-01 -7.80000000e-01 
-7.90000000e-01 -1.11000000e+00 -7.90000000e-01 -2.62239774e-07 -7.90000000e-01 -7.90000000e-01 
-8.00000000e-01 -1.11000000e+00 -8.00000000e-01 -2.64825531e-07 -8.00000000e-01 -8.00000000e-01 
-8.10000000e-01 -1.11000000e+00 -8.10000000e-01 -2.67411004e-07 -8.10000000e-01 -8.10000000e-01 
-8.20000000e-01 -1.11000000e+00 -8.20000000e-01 -2.69996207e-07 -8.20000000e-01 -8.20000000e-01 
-8.30000000e-01 -1.11000000e+00 -8.30000000e-01 -2.72581155e-07 -8.30000000e-01 -8.30000000e-01 
-8.40000000e-01 -1.11000000e+00 -8.40000000e-01 -2.75165861e-07 -8.40000000e-01 -8.40000000e-01 
-8.50000000e-01 -1.11000000e+00 -8.50000000e-01 -2.77750339e-07 -8.50000000e-01 -8.50000000e-01 
-8.60000000e-01 -1.11000000e+00 -8.60000000e-01 -2.80334600e-07 -8.60000000e-01 -8.60000000e-01 
-8.70000000e-01 -1.11000000e+00 -8.70000000e-01 -2.82918656e-07 -8.70000000e-01 -8.70000000e-01 
-8.80000000e-01 -1.11000000e+00 -8.80000000e-01 -2.85502518e-07 -8.80000000e-01 -8.80000000e-01 
-8.90000000e-01 -1.11000000e+00 -8.90000000e-01 -2.88086196e-07 -8.90000000e-01 -8.90000000e-01 
-9.00000000e-01 -1.11000000e+00 -9.00000000e-01 -2.90669701e-07 -9.00000000e-01 -9.00000000e-01 
-9.10000000e-01 -1.11000000e+00 -9.10000000e-01 -2.93253040e-07 -9.10000000e-01 -9.10000000e-01 
-9.20000000e-01 -1.11000000e+00 -9.20000000e-01 -2.95836225e-07 -9.20000000e-01 -9.20000000e-01 
-9.30000000e-01 -1.11000000e+00 -9.30000000e-01 -2.98419262e-07 -9.30000000e-01 -9.30000000e-01 
-9.40000000e-01 -1.11000000e+00 -9.40000000e-01 -3.01002160e-07 -9.40000000e-01 -9.40000000e-01 
-9.50000000e-01 -1.11000000e+00 -9.50000000e-01 -3.03584927e-07 -9.50000000e-01 -9.50000000e-01 
-9.60000000e-01 -1.11000000e+00 -9.60000000e-01 -3.06167570e-07 -9.60000000e-01 -9.60000000e-01 
-9.70000000e-01 -1.11000000e+00 -9.70000000e-01 -3.08750095e-07 -9.70000000e-01 -9.70000000e-01 
-9.80000000e-01 -1.11000000e+00 -9.80000000e-01 -3.11332510e-07 -9.80000000e-01 -9.80000000e-01 
-9.90000000e-01 -1.11000000e+00 -9.90000000e-01 -3.13914821e-07 -9.90000000e-01 -9.90000000e-01 
-1.00000000e+00 -1.11000000e+00 -1.00000000e+00 -3.16497034e-07 -1.00000000e+00 -1.00000000e+00 
-1.01000000e+00 -1.11000000e+00 -1.01000000e+00 -3.19079155e-07 -1.01000000e+00 -1.01000000e+00 
-1.02000000e+00 -1.11000000e+00 -1.02000000e+00 -3.21661188e-07 -1.02000000e+00 -1.02000000e+00 
-1.03000000e+00 -1.11000000e+00 -1.03000000e+00 -3.24243140e-07 -1.03000000e+00 -1.03000000e+00 
-1.04000000e+00 -1.11000000e+00 -1.04000000e+00 -3.26825015e-07 -1.04000000e+00 -1.04000000e+00 
-1.05000000e+00 -1.11000000e+00 -1.05000000e+00 -3.29406818e-07 -1.05000000e+00 -1.05000000e+00 
-1.06000000e+00 -1.11000000e+00 -1.06000000e+00 -3.31988554e-07 -1.06000000e+00 -1.06000000e+00 
-1.07000000e+00 -1.11000000e+00 -1.07000000e+00 -3.34570226e-07 -1.07000000e+00 -1.07000000e+00 
-1.08000000e+00 -1.11000000e+00 -1.08000000e+00 -3.37151840e-07 -1.08000000e+00 -1.08000000e+00 
-1.09000000e+00 -1.11000000e+00 -1.09000000e+00 -3.39733399e-07 -1.09000000e+00 -1.09000000e+00 
-1.10000000e+00 -1.11000000e+00 -1.10000000e+00 -3.42314907e-07 -1.10000000e+00 -1.10000000e+00 
-1.11000000e+00 -1.11000000e+00 -1.11000000e+00 -3.44896368e-07 -1.11000000e+00 -1.11000000e+00 
-1.12000000e+00 -1.11000000e+00 -1.12000000e+00 -3.47477784e-07 -1.12000000e+00 -1.12000000e+00 
-1.13000000e+00 -1.11000000e+00 -1.13000000e+00 -3.50059160e-07 -1.13000000e+00 -1.13000000e+00 
-1.14000000e+00 -1.11000000e+00 -1.14000000e+00 -3.52640499e-07 -1.14000000e+00 -1.14000000e+00 
-1.15000000e+00 -1.11000000e+00 -1.15000000e+00 -3.55221804e-07 -1.15000000e+00 -1.15000000e+00 
-1.16000000e+00 -1.11000000e+00 -1.16000000e+00 -3.57803077e-07 -1.16000000e+00 -1.16000000e+00 
-1.17000000e+00 -1.11000000e+00 -1.17000000e+00 -3.60384321e-07 -1.17000000e+00 -1.17000000e+00 
-1.18000000e+00 -1.11000000e+00 -1.18000000e+00 -3.62965540e-07 -1.18000000e+00 -1.18000000e+00 
-1.19000000e+00 -1.11000000e+00 -1.19000000e+00 -3.65546735e-07 -1.19000000e+00 -1.19000000e+00 
-1.20000000e+00 -1.11000000e+00 -1.20000000e+00 -3.68127910e-07 -1.20000000e+00 -1.20000000e+00 
-1.21000000e+00 -1.11000000e+00 -1.21000000e+00 -3.70709066e-07 -1.21000000e+00 -1.21000000e+00 
-1.22000000e+00 -1.11000000e+00 -1.22000000e+00 -3.73290206e-07 -1.22000000e+00 -1.22000000e+00 
-1.23000000e+00 -1.11000000e+00 -1.23000000e+00 -3.75871333e-07 -1.23000000e+00 -1.23000000e+00 
-1.24000000e+00 -1.11000000e+00 -1.24000000e+00 -3.78452447e-07 -1.24000000e+00 -1.24000000e+00 
-1.25000000e+00 -1.11000000e+00 -1.25000000e+00 -3.81033552e-07 -1.25000000e+00 -1.25000000e+00 
-1.26000000e+00 -1.11000000e+00 -1.26000000e+00 -3.83614649e-07 -1.26000000e+00 -1.26000000e+00 
-1.27000000e+00 -1.11000000e+00 -1.27000000e+00 -3.86195740e-07 -1.27000000e+00 -1.27000000e+00 
-1.28000000e+00 -1.11000000e+00 -1.28000000e+00 -3.88776826e-07 -1.28000000e+00 -1.28000000e+00 
-1.29000000e+00 -1.11000000e+00 -1.29000000e+00 -3.91357910e-07 -1.29000000e+00 -1.29000000e+00 
-1.30000000e+00 -1.11000000e+00 -1.30000000e+00 -3.93938994e-07 -1.30000000e+00 -1.30000000e+00 
-1.31000000e+00 -1.11000000e+00 -1.31000000e+00 -3.96520078e-07 -1.31000000e+00 -1.31000000e+00 
-1.32000000e+00 -1.11000000e+00 -1.32000000e+00 -3.99101164e-07 -1.32000000e+00 -1.32000000e+00 
-1.33000000e+00 -1.11000000e+00 -1.33000000e+00 -4.01682255e-07 -1.33000000e+00 -1.33000000e+00 
-1.34000000e+00 -1.11000000e+00 -1.34000000e+00 -4.04263350e-07 -1.34000000e+00 -1.34000000e+00 
-1.35000000e+00 -1.11000000e+00 -1.35000000e+00 -4.06844452e-07 -1.35000000e+00 -1.35000000e+00 
-1.36000000e+00 -1.11000000e+00 -1.36000000e+00 -4.09425561e-07 -1.36000000e+00 -1.36000000e+00 
-1.37000000e+00 -1.11000000e+00 -1.37000000e+00 -4.12006680e-07 -1.37000000e+00 -1.37000000e+00 
-1.38000000e+00 -1.11000000e+00 -1.38000000e+00 -4.14587809e-07 -1.38000000e+00 -1.38000000e+00 
-1.39000000e+00 -1.11000000e+00 -1.39000000e+00 -4.17168950e-07 -1.39000000e+00 -1.39000000e+00 
-1.40000000e+00 -1.11000000e+00 -1.40000000e+00 -4.19750103e-07 -1.40000000e+00 -1.40000000e+00 
-1.41000000e+00 -1.11000000e+00 -1.41000000e+00 -4.22331269e-07 -1.41000000e+00 -1.41000000e+00 
-1.42000000e+00 -1.11000000e+00 -1.42000000e+00 -4.24912450e-07 -1.42000000e+00 -1.42000000e+00 
-1.43000000e+00 -1.11000000e+00 -1.43000000e+00 -4.27493647e-07 -1.43000000e+00 -1.43000000e+00 
-1.44000000e+00 -1.11000000e+00 -1.44000000e+00 -4.30074861e-07 -1.44000000e+00 -1.44000000e+00 
-1.45000000e+00 -1.11000000e+00 -1.45000000e+00 -4.32656092e-07 -1.45000000e+00 -1.45000000e+00 
-1.46000000e+00 -1.11000000e+00 -1.46000000e+00 -4.35237341e-07 -1.46000000e+00 -1.46000000e+00 
-1.47000000e+00 -1.11000000e+00 -1.47000000e+00 -4.37818609e-07 -1.47000000e+00 -1.47000000e+00 
-1.48000000e+00 -1.11000000e+00 -1.48000000e+00 -4.40399898e-07 -1.48000000e+00 -1.48000000e+00 
-1.49000000e+00 -1.11000000e+00 -1.49000000e+00 -4.42981207e-07 -1.49000000e+00 -1.49000000e+00 
-1.50000000e+00 -1.11000000e+00 -1.50000000e+00 -4.45562538e-07 -1.50000000e+00 -1.50000000e+00 
-1.51000000e+00 -1.11000000e+00 -1.51000000e+00 -4.48143891e-07 -1.51000000e+00 -1.51000000e+00 
-1.52000000e+00 -1.11000000e+00 -1.52000000e+00 -4.50725268e-07 -1.52000000e+00 -1.52000000e+00 
-1.53000000e+00 -1.11000000e+00 -1.53000000e+00 -4.53306668e-07 -1.53000000e+00 -1.53000000e+00 
-1.54000000e+00 -1.11000000e+00 -1.54000000e+00 -4.55888092e-07 -1.54000000e+00 -1.54000000e+00 
-1.55000000e+00 -1.11000000e+00 -1.55000000e+00 -4.58469541e-07 -1.55000000e+00 -1.55000000e+00 
-1.56000000e+00 -1.11000000e+00 -1.56000000e+00 -4.61051016e-07 -1.56000000e+00 -1.56000000e+00 
-1.57000000e+00 -1.11000000e+00 -1.57000000e+00 -4.63632517e-07 -1.57000000e+00 -1.57000000e+00 
-1.58000000e+00 -1.11000000e+00 -1.58000000e+00 -4.66214044e-07 -1.58000000e+00 -1.58000000e+00 
-1.59000000e+00 -1.11000000e+00 -1.59000000e+00 -4.68795599e-07 -1.59000000e+00 -1.59000000e+00 
-1.60000000e+00 -1.11000000e+00 -1.60000000e+00 -4.71377182e-07 -1.60000000e+00 -1.60000000e+00 
-1.61000000e+00 -1.11000000e+00 -1.61000000e+00 -4.73958792e-07 -1.61000000e+00 -1.61000000e+00 
-1.62000000e+00 -1.11000000e+00 -1.62000000e+00 -4.76540432e-07 -1.62000000e+00 -1.62000000e+00 
-1.63000000e+00 -1.11000000e+00 -1.63000000e+00 -4.79122100e-07 -1.63000000e+00 -1.63000000e+00 
-1.64000000e+00 -1.11000000e+00 -1.64000000e+00 -4.81703798e-07 -1.64000000e+00 -1.64000000e+00 
-1.65000000e+00 -1.11000000e+00 -1.65000000e+00 -4.84285527e-07 -1.65000000e+00 -1.65000000e+00 
-1.66000000e+00 -1.11000000e+00 -1.66000000e+00 -4.86867285e-07 -1.66000000e+00 -1.66000000e+00 
-1.67000000e+00 -1.11000000e+00 -1.67000000e+00 -4.89449075e-07 -1.67000000e+00 -1.67000000e+00 
-1.68000000e+00 -1.11000000e+00 -1.68000000e+00 -4.92030895e-07 -1.68000000e+00 -1.68000000e+00 
-1.69000000e+00 -1.11000000e+00 -1.69000000e+00 -4.94612747e-07 -1.69000000e+00 -1.69000000e+00 
-1.70000000e+00 -1.11000000e+00 -1.70000000e+00 -4.97194631e-07 -1.70000000e+00 -1.70000000e+00 
-1.71000000e+00 -1.11000000e+00 -1.71000000e+00 -4.99776547e-07 -1.71000000e+00 -1.71000000e+00 
-1.72000000e+00 -1.11000000e+00 -1.72000000e+00 -5.02358496e-07 -1.72000000e+00 -1.72000000e+00 
-1.73000000e+00 -1.11000000e+00 -1.73000000e+00 -5.04940478e-07 -1.73000000e+00 -1.73000000e+00 
-1.74000000e+00 -1.11000000e+00 -1.74000000e+00 -5.07522492e-07 -1.74000000e+00 -1.74000000e+00 
-1.75000000e+00 -1.11000000e+00 -1.75000000e+00 -5.10104541e-07 -1.75000000e+00 -1.75000000e+00 
-1.76000000e+00 -1.11000000e+00 -1.76000000e+00 -5.12686622e-07 -1.76000000e+00 -1.76000000e+00 
-1.77000000e+00 -1.11000000e+00 -1.77000000e+00 -5.15268738e-07 -1.77000000e+00 -1.77000000e+00 
-1.78000000e+00 -1.11000000e+00 -1.78000000e+00 -5.17850888e-07 -1.78000000e+00 -1.78000000e+00 
-1.79000000e+00 -1.11000000e+00 -1.79000000e+00 -5.20433073e-07 -1.79000000e+00 -1.79000000e+00 
-1.80000000e+00 -1.11000000e+00 -1.80000000e+00 -5.23015292e-07 -1.80000000e+00 -1.80000000e+00 
-1.81000000e+00 -1.11000000e+00 -1.81000000e+00 -5.25597546e-07 -1.81000000e+00 -1.81000000e+00 
-1.82000000e+00 -1.11000000e+00 -1.82000000e+00 -5.28179835e-07 -1.82000000e+00 -1.82000000e+00 
-1.83000000e+00 -1.11000000e+00 -1.83000000e+00 -5.30762159e-07 -1.83000000e+00 -1.83000000e+00 
-1.84000000e+00 -1.11000000e+00 -1.84000000e+00 -5.33344519e-07 -1.84000000e+00 -1.84000000e+00 
-1.85000000e+00 -1.11000000e+00 -1.85000000e+00 -5.35926914e-07 -1.85000000e+00 -1.85000000e+00 
