 0.00000000e+00  0.00000000e+00  0.00000000e+00  7.07610964e-21  0.00000000e+00  7.40000000e-01 
 1.00000000e-02  1.00000000e-02  1.00000000e-02  1.23698367e-20  1.00000000e-02  7.40000000e-01 
 2.00000000e-02  2.00000000e-02  2.00000000e-02  2.16238680e-20  2.00000000e-02  7.40000000e-01 
 3.00000000e-02  3.00000000e-02  3.00000000e-02  3.78009572e-20  3.00000000e-02  7.40000000e-01 
 4.00000000e-02  4.00000000e-02  4.00000000e-02  6.60803309e-20  4.00000000e-02  7.40000000e-01 
 5.00000000e-02  5.00000000e-02  5.00000000e-02  1.15515860e-19  5.00000000e-02  7.40000000e-01 
 6.00000000e-02  6.00000000e-02  6.00000000e-02  2.01934729e-19  6.00000000e-02  7.40000000e-01 
 7.00000000e-02  7.00000000e-02  7.00000000e-02  3.53004640e-19  7.00000000e-02  7.40000000e-01 
 8.00000000e-02  8.00000000e-02  8.00000000e-02  6.17091835e-19  8.00000000e-02  7.40000000e-01 
 9.00000000e-02  9.00000000e-02  9.00000000e-02  1.07874594e-18  9.00000000e-02  7.40000000e-01 
 1.00000000e-01  1.00000000e-01  1.00000000e-01  1.88576919e-18  1.00000000e-01  7.40000000e-01 
 1.10000000e-01  1.10000000e-01  1.10000000e-01  3.29653641e-18  1.10000000e-01  7.40000000e-01 
 1.20000000e-01  1.20000000e-01  1.20000000e-01  5.76271565e-18  1.20000000e-01  7.40000000e-01 
 1.30000000e-01  1.30000000e-01  1.30000000e-01  1.00738730e-17  1.30000000e-01  7.40000000e-01 
 1.40000000e-01  1.40000000e-01  1.40000000e-01  1.76102573e-17  1.40000000e-01  7.40000000e-01 
 1.50000000e-01  1.50000000e-01  1.50000000e-01  3.07846964e-17  1.50000000e-01  7.40000000e-01 
 1.60000000e-01  1.60000000e-01  1.60000000e-01  5.38150769e-17  1.60000000e-01  7.40000000e-01 
 1.70000000e-01  1.70000000e-01  1.70000000e-01  9.40747232e-17  1.70000000e-01  7.40000000e-01 
 1.80000000e-01  1.80000000e-01  1.80000000e-01  1.64452997e-16  1.80000000e-01  7.40000000e-01 
 1.90000000e-01  1.90000000e-01  1.90000000e-01  2.87481861e-16  1.90000000e-01  7.40000000e-01 
 2.00000000e-01  2.00000000e-01  2.00000000e-01  5.02549514e-16  2.00000000e-01  7.40000000e-01 
 2.10000000e-01  2.10000000e-01  2.10000000e-01  8.78510467e-16  2.10000000e-01  7.40000000e-01 
 2.20000000e-01  2.20000000e-01  2.20000000e-01  1.53572902e-15  2.20000000e-01  7.40000000e-01 
 2.30000000e-01  2.30000000e-01  2.30000000e-01  2.68461289e-15  2.30000000e-01  7.40000000e-01 
 2.40000000e-01  2.40000000e-01  2.40000000e-01  4.69297238e-15  2.40000000e-01  7.40000000e-01 
 2.50000000e-01  2.50000000e-01  2.50000000e-01  8.20376718e-15  2.50000000e-01  7.40000000e-01 
 2.60000000e-01  2.60000000e-01  2.60000000e-01  1.43409307e-14  2.60000000e-01  7.40000000e-01 
 2.70000000e-01  2.70000000e-01  2.70000000e-01  2.50691497e-14  2.70000000e-01  7.40000000e-01 
 2.80000000e-01  2.80000000e-01  2.80000000e-01  4.38227436e-14  2.80000000e-01  7.40000000e-01 
 2.90000000e-01  2.90000000e-01  2.90000000e-01  7.66048873e-14  2.90000000e-01  7.40000000e-01 
 3.00000000e-01  3.00000000e-01  3.00000000e-01  1.33908875e-13  3.00000000e-01  7.40000000e-01 
 3.10000000e-01  3.10000000e-01  3.10000000e-01  2.34076018e-13  3.10000000e-01  7.40000000e-01 
 3.20000000e-01  3.20000000e-01  3.20000000e-01  4.09164022e-13  3.20000000e-01  7.40000000e-01 
 3.30000000e-01  3.30000000e-01  3.30000000e-01  7.15201884e-13  3.30000000e-01  7.40000000e-01 
 3.40000000e-01  3.40000000e-01  3.40000000e-01  1.25010806e-12  3.40000000e-01  7.40000000e-01 
 3.50000000e-01  3.50000000e-01  3.50000000e-01  2.18499377e-12  3.50000000e-01  7.40000000e-01 
 3.60000000e-01  3.60000000e-01  3.60000000e-01  3.81883907e-12  3.60000000e-01  7.40000000e-01 
 3.70000000e-01  3.70000000e-01  3.70000000e-01  6.67396787e-12  3.70000000e-01  7.40000000e-01 
 3.80000000e-01  3.80000000e-01  3.80000000e-01  1.16627064e-11  3.80000000e-01  7.40000000e-01 
 3.90000000e-01  3.90000000e-01  3.90000000e-01  2.03781619e-11  3.90000000e-01  7.40000000e-01 
 4.00000000e-01  4.00000000e-01  4.00000000e-01  3.56012475e-11  4.00000000e-01  7.40000000e-01 
 4.10000000e-01  4.10000000e-01  4.10000000e-01  6.21840516e-11  4.10000000e-01  7.40000000e-01 
 4.20000000e-01  4.20000000e-01  4.20000000e-01  1.08587241e-10  4.20000000e-01  7.40000000e-01 
 4.30000000e-01  4.30000000e-01  4.30000000e-01  1.89551940e-10  4.30000000e-01  7.40000000e-01 
 4.40000000e-01  4.40000000e-01  4.40000000e-01  3.30734562e-10  4.40000000e-01  7.40000000e-01 
 4.50000000e-01  4.50000000e-01  4.50000000e-01  5.76726925e-10  4.50000000e-01  7.40000000e-01 
 4.60000000e-01  4.60000000e-01  4.60000000e-01  1.00488938e-09  4.60000000e-01  7.40000000e-01 
 4.70000000e-01  4.70000000e-01  4.70000000e-01  1.74910899e-09  4.70000000e-01  7.40000000e-01 
 4.80000000e-01  4.80000000e-01  4.80000000e-01  3.04037702e-09  4.80000000e-01  7.40000000e-01 
 4.90000000e-01  4.90000000e-01  4.90000000e-01  5.27559047e-09  4.90000000e-01  7.40000000e-01 
 5.00000000e-01  5.00000000e-01  5.00000000e-01  9.13311020e-09  5.00000000e-01  7.40000000e-01 
 5.10000000e-01  5.10000000e-01  5.10000000e-01  1.57644910e-08  5.10000000e-01  7.40000000e-01 
 5.20000000e-01  5.20000000e-01  5.20000000e-01  2.71076402e-08  5.20000000e-01  7.40000000e-01 
 5.30000000e-01  5.30000000e-01  5.30000000e-01  4.63882282e-08  5.30000000e-01  7.40000000e-01 
 5.40000000e-01  5.40000000e-01  5.40000000e-01  7.89028199e-08  5.40000000e-01  7.40000000e-01 
 5.50000000e-01  5.50000000e-01  5.50000000e-01  1.33205538e-07  5.50000000e-01  7.40000000e-01 
 5.60000000e-01  5.60000000e-01  5.60000000e-01  2.22843327e-07  5.60000000e-01  7.40000000e-01 
 5.70000000e-01  5.70000000e-01  5.70000000e-01  3.68795053e-07  5.70000000e-01  7.40000000e-01 
 5.80000000e-01  5.80000000e-01  5.80000000e-01  6.02764960e-07  5.80000000e-01  7.40000000e-01 
 5.90000000e-01  5.90000000e-01  5.90000000e-01  9.71474920e-07  5.90000000e-01  7.40000000e-01 
 6.00000000e-01  6.00000000e-01  6.00000000e-01  1.54211398e-06  6.00000000e-01  7.40000000e-01 
 6.10000000e-01  6.10000000e-01  6.10000000e-01  2.40911337e-06  6.10000000e-01  7.40000000e-01 
 6.20000000e-01  6.20000000e-01  6.20000000e-01  3.70225398e-06  6.20000000e-01  7.40000000e-01 
 6.30000000e-01  6.30000000e-01  6.30000000e-01  5.59544686e-06  6.30000000e-01  7.40000000e-01 
 6.40000000e-01  6.40000000e-01  6.40000000e-01  8.31409315e-06  6.40000000e-01  7.40000000e-01 
 6.50000000e-01  6.50000000e-01  6.50000000e-01  1.21370411e-05  6.50000000e-01  7.40000000e-01 
 6.60000000e-01  6.60000000e-01  6.60000000e-01  1.73880555e-05  6.60000000e-01  7.40000000e-01 
 6.70000000e-01  6.70000000e-01  6.70000000e-01  2.44130991e-05  6.70000000e-01  7.40000000e-01 
 6.80000000e-01  6.80000000e-01  6.80000000e-01  3.35443512e-05  6.80000000e-01  7.40000000e-01 
 6.90000000e-01  6.90000000e-01  6.90000000e-01  4.50581803e-05  6.90000000e-01  7.40000000e-01 
 7.00000000e-01  7.00000000e-01  7.00000000e-01  5.91385943e-05  7.00000000e-01  7.40000000e-01 
 7.10000000e-01  7.10000000e-01  7.10000000e-01  7.58568088e-05  7.10000000e-01  7.40000000e-01 
 7.20000000e-01  7.20000000e-01  7.20000000e-01  9.51716102e-05  7.20000000e-01  7.40000000e-01 
 7.30000000e-01  7.30000000e-01  7.30000000e-01  1.16947685e-04  7.30000000e-01  7.40000000e-01 
 7.40000000e-01  7.40000000e-01  7.40000000e-01  1.40984130e-04  7.40000000e-01  7.40000000e-01 
 7.50000000e-01  7.50000000e-01  7.50000000e-01  1.67044627e-04  7.50000000e-01  7.40000000e-01 
 7.60000000e-01  7.60000000e-01  7.60000000e-01  1.94883164e-04  7.60000000e-01  7.40000000e-01 
 7.70000000e-01  7.70000000e-01  7.70000000e-01  2.24262542e-04  7.70000000e-01  7.40000000e-01 
 7.80000000e-01  7.80000000e-01  7.80000000e-01  2.54965571e-04  7.80000000e-01  7.40000000e-01 
 7.90000000e-01  7.90000000e-01  7.90000000e-01  2.86800330e-04  7.90000000e-01  7.40000000e-01 
 8.00000000e-01  8.00000000e-01  8.00000000e-01  3.19601292e-04  8.00000000e-01  7.40000000e-01 
 8.10000000e-01  8.10000000e-01  8.10000000e-01  3.53227954e-04  8.10000000e-01  7.40000000e-01 
 8.20000000e-01  8.20000000e-01  8.20000000e-01  3.87562186e-04  8.20000000e-01  7.40000000e-01 
 8.30000000e-01  8.30000000e-01  8.30000000e-01  4.22505132e-04  8.30000000e-01  7.40000000e-01 
 8.40000000e-01  8.40000000e-01  8.40000000e-01  4.57974144e-04  8.40000000e-01  7.40000000e-01 
 8.50000000e-01  8.50000000e-01  8.50000000e-01  4.93899986e-04  8.50000000e-01  7.40000000e-01 
 8.60000000e-01  8.60000000e-01  8.60000000e-01  5.30224424e-04  8.60000000e-01  7.40000000e-01 
 8.70000000e-01  8.70000000e-01  8.70000000e-01  5.66898204e-04  8.70000000e-01  7.40000000e-01 
 8.80000000e-01  8.80000000e-01  8.80000000e-01  6.03879393e-04  8.80000000e-01  7.40000000e-01 
 8.90000000e-01  8.90000000e-01  8.90000000e-01  6.41132047e-04  8.90000000e-01  7.40000000e-01 
 9.00000000e-01  9.00000000e-01  9.00000000e-01  6.78625129e-04  9.00000000e-01  7.40000000e-01 
 9.10000000e-01  9.10000000e-01  9.10000000e-01  7.16331654e-04  9.10000000e-01  7.40000000e-01 
 9.20000000e-01  9.20000000e-01  9.20000000e-01  7.54228001e-04  9.20000000e-01  7.40000000e-01 
 9.30000000e-01  9.30000000e-01  9.30000000e-01  7.92293367e-04  9.30000000e-01  7.40000000e-01 
 9.40000000e-01  9.40000000e-01  9.40000000e-01  8.30509321e-04  9.40000000e-01  7.40000000e-01 
 9.50000000e-01  9.50000000e-01  9.50000000e-01  8.68859453e-04  9.50000000e-01  7.40000000e-01 
 9.60000000e-01  9.60000000e-01  9.60000000e-01  9.07329080e-04  9.60000000e-01  7.40000000e-01 
 9.70000000e-01  9.70000000e-01  9.70000000e-01  9.45905001e-04  9.70000000e-01  7.40000000e-01 
 9.80000000e-01  9.80000000e-01  9.80000000e-01  9.84575321e-04  9.80000000e-01  7.40000000e-01 
 9.90000000e-01  9.90000000e-01  9.90000000e-01  1.02332928e-03  9.90000000e-01  7.40000000e-01 
 1.00000000e+00  1.00000000e+00  1.00000000e+00  1.06215711e-03  1.00000000e+00  7.40000000e-01 
 1.01000000e+00  1.01000000e+00  1.01000000e+00  1.10104993e-03  1.01000000e+00  7.40000000e-01 
 1.02000000e+00  1.02000000e+00  1.02000000e+00  1.13999964e-03  1.02000000e+00  7.40000000e-01 
 1.03000000e+00  1.03000000e+00  1.03000000e+00  1.17899884e-03  1.03000000e+00  7.40000000e-01 
 1.04000000e+00  1.04000000e+00  1.04000000e+00  1.21804074e-03  1.04000000e+00  7.40000000e-01 
 1.05000000e+00  1.05000000e+00  1.05000000e+00  1.25711912e-03  1.05000000e+00  7.40000000e-01 
 1.06000000e+00  1.06000000e+00  1.06000000e+00  1.29622825e-03  1.06000000e+00  7.40000000e-01 
 1.07000000e+00  1.07000000e+00  1.07000000e+00  1.33536289e-03  1.07000000e+00  7.40000000e-01 
 1.08000000e+00  1.08000000e+00  1.08000000e+00  1.37451816e-03  1.08000000e+00  7.40000000e-01 
 1.09000000e+00  1.09000000e+00  1.09000000e+00  1.41368960e-03  1.09000000e+00  7.40000000e-01 
 1.10000000e+00  1.10000000e+00  1.10000000e+00  1.45287305e-03  1.10000000e+00  7.40000000e-01 
 1.11000000e+00  1.11000000e+00  1.11000000e+00  1.49206468e-03  1.11000000e+00  7.40000000e-01 
 1.12000000e+00  1.12000000e+00  1.12000000e+00  1.53126093e-03  1.12000000e+00  7.40000000e-01 
 1.13000000e+00  1.13000000e+00  1.13000000e+00  1.57045850e-03  1.13000000e+00  7.40000000e-01 
 1.14000000e+00  1.14000000e+00  1.14000000e+00  1.60965433e-03  1.14000000e+00  7.40000000e-01 
 1.15000000e+00  1.15000000e+00  1.15000000e+00  1.64884557e-03  1.15000000e+00  7.40000000e-01 
 1.16000000e+00  1.16000000e+00  1.16000000e+00  1.68802955e-03  1.16000000e+00  7.40000000e-01 
 1.17000000e+00  1.17000000e+00  1.17000000e+00  1.72720381e-03  1.17000000e+00  7.40000000e-01 
 1.18000000e+00  1.18000000e+00  1.18000000e+00  1.76636603e-03  1.18000000e+00  7.40000000e-01 
 1.19000000e+00  1.19000000e+00  1.19000000e+00  1.80551405e-03  1.19000000e+00  7.40000000e-01 
 1.20000000e+00  1.20000000e+00  1.20000000e+00  1.84464586e-03  1.20000000e+00  7.40000000e-01 
 1.21000000e+00  1.21000000e+00  1.21000000e+00  1.88375957e-03  1.21000000e+00  7.40000000e-01 
 1.22000000e+00  1.22000000e+00  1.22000000e+00  1.92285340e-03  1.22000000e+00  7.40000000e-01 
 1.23000000e+00  1.23000000e+00  1.23000000e+00  1.96192571e-03  1.23000000e+00  7.40000000e-01 
 1.24000000e+00  1.24000000e+00  1.24000000e+00  2.00097492e-03  1.24000000e+00  7.40000000e-01 
 1.25000000e+00  1.25000000e+00  1.25000000e+00  2.03999958e-03  1.25000000e+00  7.40000000e-01 
 1.26000000e+00  1.26000000e+00  1.26000000e+00  2.07899831e-03  1.26000000e+00  7.40000000e-01 
 1.27000000e+00  1.27000000e+00  1.27000000e+00  2.11796982e-03  1.27000000e+00  7.40000000e-01 
 1.28000000e+00  1.28000000e+00  1.28000000e+00  2.15691289e-03  1.28000000e+00  7.40000000e-01 
 1.29000000e+00  1.29000000e+00  1.29000000e+00  2.19582636e-03  1.29000000e+00  7.40000000e-01 
 1.30000000e+00  1.30000000e+00  1.30000000e+00  2.23470915e-03  1.30000000e+00  7.40000000e-01 
 1.31000000e+00  1.31000000e+00  1.31000000e+00  2.27356023e-03  1.31000000e+00  7.40000000e-01 
 1.32000000e+00  1.32000000e+00  1.32000000e+00  2.31237865e-03  1.32000000e+00  7.40000000e-01 
 1.33000000e+00  1.33000000e+00  1.33000000e+00  2.35116347e-03  1.33000000e+00  7.40000000e-01 
 1.34000000e+00  1.34000000e+00  1.34000000e+00  2.38991383e-03  1.34000000e+00  7.40000000e-01 
 1.35000000e+00  1.35000000e+00  1.35000000e+00  2.42862891e-03  1.35000000e+00  7.40000000e-01 
 1.36000000e+00  1.36000000e+00  1.36000000e+00  2.46730792e-03  1.36000000e+00  7.40000000e-01 
 1.37000000e+00  1.37000000e+00  1.37000000e+00  2.50595012e-03  1.37000000e+00  7.40000000e-01 
 1.38000000e+00  1.38000000e+00  1.38000000e+00  2.54455482e-03  1.38000000e+00  7.40000000e-01 
 1.39000000e+00  1.39000000e+00  1.39000000e+00  2.58312133e-03  1.39000000e+00  7.40000000e-01 
 1.40000000e+00  1.40000000e+00  1.40000000e+00  2.62164901e-03  1.40000000e+00  7.40000000e-01 
 1.41000000e+00  1.41000000e+00  1.41000000e+00  2.66013727e-03  1.41000000e+00  7.40000000e-01 
 1.42000000e+00  1.42000000e+00  1.42000000e+00  2.69858550e-03  1.42000000e+00  7.40000000e-01 
 1.43000000e+00  1.43000000e+00  1.43000000e+00  2.73699317e-03  1.43000000e+00  7.40000000e-01 
 1.44000000e+00  1.44000000e+00  1.44000000e+00  2.77535973e-03  1.44000000e+00  7.40000000e-01 
 1.45000000e+00  1.45000000e+00  1.45000000e+00  2.81368468e-03  1.45000000e+00  7.40000000e-01 
 1.46000000e+00  1.46000000e+00  1.46000000e+00  2.85196753e-03  1.46000000e+00  7.40000000e-01 
 1.47000000e+00  1.47000000e+00  1.47000000e+00  2.89020781e-03  1.47000000e+00  7.40000000e-01 
 1.48000000e+00  1.48000000e+00  1.48000000e+00  2.92840507e-03  1.48000000e+00  7.40000000e-01 
 1.49000000e+00  1.49000000e+00  1.49000000e+00  2.96655888e-03  1.49000000e+00  7.40000000e-01 
 1.50000000e+00  1.50000000e+00  1.50000000e+00  3.00466882e-03  1.50000000e+00  7.40000000e-01 
 1.51000000e+00  1.51000000e+00  1.51000000e+00  3.04273448e-03  1.51000000e+00  7.40000000e-01 
 1.52000000e+00  1.52000000e+00  1.52000000e+00  3.08075549e-03  1.52000000e+00  7.40000000e-01 
 1.53000000e+00  1.53000000e+00  1.53000000e+00  3.11873145e-03  1.53000000e+00  7.40000000e-01 
 1.54000000e+00  1.54000000e+00  1.54000000e+00  3.15666202e-03  1.54000000e+00  7.40000000e-01 
 1.55000000e+00  1.55000000e+00  1.55000000e+00  3.19454683e-03  1.55000000e+00  7.40000000e-01 
 1.56000000e+00  1.56000000e+00  1.56000000e+00  3.23238554e-03  1.56000000e+00  7.40000000e-01 
 1.57000000e+00  1.57000000e+00  1.57000000e+00  3.27017783e-03  1.57000000e+00  7.40000000e-01 
 1.58000000e+00  1.58000000e+00  1.58000000e+00  3.30792337e-03  1.58000000e+00  7.40000000e-01 
 1.59000000e+00  1.59000000e+00  1.59000000e+00  3.34562183e-03  1.59000000e+00  7.40000000e-01 
 1.60000000e+00  1.60000000e+00  1.60000000e+00  3.38327292e-03  1.60000000e+00  7.40000000e-01 
 1.61000000e+00  1.61000000e+00  1.61000000e+00  3.42087634e-03  1.61000000e+00  7.40000000e-01 
 1.62000000e+00  1.62000000e+00  1.62000000e+00  3.45843178e-03  1.62000000e+00  7.40000000e-01 
 1.63000000e+00  1.63000000e+00  1.63000000e+00  3.49593896e-03  1.63000000e+00  7.40000000e-01 
 1.64000000e+00  1.64000000e+00  1.64000000e+00  3.53339759e-03  1.64000000e+00  7.40000000e-01 
 1.65000000e+00  1.65000000e+00  1.65000000e+00  3.57080741e-03  1.65000000e+00  7.40000000e-01 
 1.66000000e+00  1.66000000e+00  1.66000000e+00  3.60816813e-03  1.66000000e+00  7.40000000e-01 
 1.67000000e+00  1.67000000e+00  1.67000000e+00  3.64547948e-03  1.67000000e+00  7.40000000e-01 
 1.68000000e+00  1.68000000e+00  1.68000000e+00  3.68274120e-03  1.68000000e+00  7.40000000e-01 
 1.69000000e+00  1.69000000e+00  1.69000000e+00  3.71995303e-03  1.69000000e+00  7.40000000e-01 
 1.70000000e+00  1.70000000e+00  1.70000000e+00  3.75711471e-03  1.70000000e+00  7.40000000e-01 
 1.71000000e+00  1.71000000e+00  1.71000000e+00  3.79422597e-03  1.71000000e+00  7.40000000e-01 
 1.72000000e+00  1.72000000e+00  1.72000000e+00  3.83128657e-03  1.72000000e+00  7.40000000e-01 
 1.73000000e+00  1.73000000e+00  1.73000000e+00  3.86829624e-03  1.73000000e+00  7.40000000e-01 
 1.74000000e+00  1.74000000e+00  1.74000000e+00  3.90525475e-03  1.74000000e+00  7.40000000e-01 
 1.75000000e+00  1.75000000e+00  1.75000000e+00  3.94216185e-03  1.75000000e+00  7.40000000e-01 
 1.76000000e+00  1.76000000e+00  1.76000000e+00  3.97901727e-03  1.76000000e+00  7.40000000e-01 
 1.77000000e+00  1.77000000e+00  1.77000000e+00  4.01582078e-03  1.77000000e+00  7.40000000e-01 
 1.78000000e+00  1.78000000e+00  1.78000000e+00  4.05257213e-03  1.78000000e+00  7.40000000e-01 
 1.79000000e+00  1.79000000e+00  1.79000000e+00  4.08927107e-03  1.79000000e+00  7.40000000e-01 
 1.80000000e+00  1.80000000e+00  1.80000000e+00  4.12591736e-03  1.80000000e+00  7.40000000e-01 
 1.81000000e+00  1.81000000e+00  1.81000000e+00  4.16251076e-03  1.81000000e+00  7.40000000e-01 
 1.82000000e+00  1.82000000e+00  1.82000000e+00  4.19905101e-03  1.82000000e+00  7.40000000e-01 
 1.83000000e+00  1.83000000e+00  1.83000000e+00  4.23553787e-03  1.83000000e+00  7.40000000e-01 
 1.84000000e+00  1.84000000e+00  1.84000000e+00  4.27197111e-03  1.84000000e+00  7.40000000e-01 
 1.85000000e+00  1.85000000e+00  1.85000000e+00  4.30835046e-03  1.85000000e+00  7.40000000e-01 
