 0.00000000e+00  0.00000000e+00  0.00000000e+00  1.44313152e-20  0.00000000e+00  1.85000000e+00 
 1.00000000e-02  1.00000000e-02  1.00000000e-02  2.52196268e-20  1.00000000e-02  1.85000000e+00 
 2.00000000e-02  2.00000000e-02  2.00000000e-02  4.40728775e-20  2.00000000e-02  1.85000000e+00 
 3.00000000e-02  3.00000000e-02  3.00000000e-02  7.70201129e-20  3.00000000e-02  1.85000000e+00 
 4.00000000e-02  4.00000000e-02  4.00000000e-02  1.34597468e-19  4.00000000e-02  1.85000000e+00 
 5.00000000e-02  5.00000000e-02  5.00000000e-02  2.35217500e-19  5.00000000e-02  1.85000000e+00 
 6.00000000e-02  6.00000000e-02  6.00000000e-02  4.11057297e-19  6.00000000e-02  1.85000000e+00 
 7.00000000e-02  7.00000000e-02  7.00000000e-02  7.18348335e-19  7.00000000e-02  1.85000000e+00 
 8.00000000e-02  8.00000000e-02  8.00000000e-02  1.25535861e-18  8.00000000e-02  1.85000000e+00 
 9.00000000e-02  9.00000000e-02  9.00000000e-02  2.19381758e-18  9.00000000e-02  1.85000000e+00 
 1.00000000e-01  1.00000000e-01  1.00000000e-01  3.83383311e-18  1.00000000e-01  1.85000000e+00 
 1.10000000e-01  1.10000000e-01  1.10000000e-01  6.69986225e-18  1.10000000e-01  1.85000000e+00 
 1.20000000e-01  1.20000000e-01  1.20000000e-01  1.17084261e-17  1.20000000e-01  1.85000000e+00 
 1.30000000e-01  1.30000000e-01  1.30000000e-01  2.04612012e-17  1.30000000e-01  1.85000000e+00 
 1.40000000e-01  1.40000000e-01  1.40000000e-01  3.57572153e-17  1.40000000e-01  1.85000000e+00 
 1.50000000e-01  1.50000000e-01  1.50000000e-01  6.24879375e-17  1.50000000e-01  1.85000000e+00 
 1.60000000e-01  1.60000000e-01  1.60000000e-01  1.09201502e-16  1.60000000e-01  1.85000000e+00 
 1.70000000e-01  1.70000000e-01  1.70000000e-01  1.90836272e-16  1.70000000e-01  1.85000000e+00 
 1.80000000e-01  1.80000000e-01  1.80000000e-01  3.33497893e-16  1.80000000e-01  1.85000000e+00 
 1.90000000e-01  1.90000000e-01  1.90000000e-01  5.82807427e-16  1.90000000e-01  1.85000000e+00 
 2.00000000e-01  2.00000000e-01  2.00000000e-01  1.01849010e-15  2.00000000e-01  1.85000000e+00 
 2.10000000e-01  2.10000000e-01  2.10000000e-01  1.77986975e-15  2.10000000e-01  1.85000000e+00 
 2.20000000e-01  2.20000000e-01  2.20000000e-01  3.11042115e-15  2.20000000e-01  1.85000000e+00 
 2.30000000e-01  2.30000000e-01  2.30000000e-01  5.43562639e-15  2.30000000e-01  1.85000000e+00 
 2.40000000e-01  2.40000000e-01  2.40000000e-01  9.49902965e-15  2.40000000e-01  1.85000000e+00 
 2.50000000e-01  2.50000000e-01  2.50000000e-01  1.65999924e-14  2.50000000e-01  1.85000000e+00 
 2.60000000e-01  2.60000000e-01  2.60000000e-01  2.90091638e-14  2.60000000e-01  1.85000000e+00 
 2.70000000e-01  2.70000000e-01  2.70000000e-01  5.06944930e-14  2.70000000e-01  1.85000000e+00 
 2.80000000e-01  2.80000000e-01  2.80000000e-01  8.85898664e-14  2.80000000e-01  1.85000000e+00 
 2.90000000e-01  2.90000000e-01  2.90000000e-01  1.54811869e-13  2.90000000e-01  1.85000000e+00 
 3.00000000e-01  3.00000000e-01  3.00000000e-01  2.70533109e-13  3.00000000e-01  1.85000000e+00 
 3.10000000e-01  3.10000000e-01  3.10000000e-01  4.72749692e-13  3.10000000e-01  1.85000000e+00 
 3.20000000e-01  3.20000000e-01  3.20000000e-01  8.26104581e-13  3.20000000e-01  1.85000000e+00 
 3.30000000e-01  3.30000000e-01  3.30000000e-01  1.44354219e-12  3.30000000e-01  1.85000000e+00 
 3.40000000e-01  3.40000000e-01  3.40000000e-01  2.52238634e-12  3.40000000e-01  1.85000000e+00 
 3.50000000e-01  3.50000000e-01  3.50000000e-01  4.40734900e-12  3.50000000e-01  1.85000000e+00 
 3.60000000e-01  3.60000000e-01  3.60000000e-01  7.70055012e-12  3.60000000e-01  1.85000000e+00 
 3.70000000e-01  3.70000000e-01  3.70000000e-01  1.34535724e-11  3.70000000e-01  1.85000000e+00 
 3.80000000e-01  3.80000000e-01  3.80000000e-01  2.35025999e-11  3.80000000e-01  1.85000000e+00 
 3.90000000e-01  3.90000000e-01  3.90000000e-01  4.10529678e-11  3.90000000e-01  1.85000000e+00 
 4.00000000e-01  4.00000000e-01  4.00000000e-01  7.16981012e-11  4.00000000e-01  1.85000000e+00 
 4.10000000e-01  4.10000000e-01  4.10000000e-01  1.25194198e-10  4.10000000e-01  1.85000000e+00 
 4.20000000e-01  4.20000000e-01  4.20000000e-01  2.18547849e-10  4.20000000e-01  1.85000000e+00 
 4.30000000e-01  4.30000000e-01  4.30000000e-01  3.81380267e-10  4.30000000e-01  1.85000000e+00 
 4.40000000e-01  4.40000000e-01  4.40000000e-01  6.65229235e-10  4.40000000e-01  1.85000000e+00 
 4.50000000e-01  4.50000000e-01  4.50000000e-01  1.15963933e-09  4.50000000e-01  1.85000000e+00 
 4.60000000e-01  4.60000000e-01  4.60000000e-01  2.01990334e-09  4.60000000e-01  1.85000000e+00 
 4.70000000e-01  4.70000000e-01  4.70000000e-01  3.51468603e-09  4.70000000e-01  1.85000000e+00 
 4.80000000e-01  4.80000000e-01  4.80000000e-01  6.10731743e-09  4.80000000e-01  1.85000000e+00 
 4.90000000e-01  4.90000000e-01  4.90000000e-01  1.05935298e-08  4.90000000e-01  1.85000000e+00 
 5.00000000e-01  5.00000000e-01  5.00000000e-01  1.83325588e-08  5.00000000e-01  1.85000000e+00 
 5.10000000e-01  5.10000000e-01  5.10000000e-01  3.16299715e-08  5.10000000e-01  1.85000000e+00 
 5.20000000e-01  5.20000000e-01  5.20000000e-01  5.43613549e-08  5.20000000e-01  1.85000000e+00 
 5.30000000e-01  5.30000000e-01  5.30000000e-01  9.29666543e-08  5.30000000e-01  1.85000000e+00 
 5.40000000e-01  5.40000000e-01  5.40000000e-01  1.57991743e-07  5.40000000e-01  1.85000000e+00 
 5.50000000e-01  5.50000000e-01  5.50000000e-01  2.66394220e-07  5.50000000e-01  1.85000000e+00 
 5.60000000e-01  5.60000000e-01  5.60000000e-01  4.44838566e-07  5.60000000e-01  1.85000000e+00 
 5.70000000e-01  5.70000000e-01  5.70000000e-01  7.34142500e-07  5.70000000e-01  1.85000000e+00 
 5.80000000e-01  5.80000000e-01  5.80000000e-01  1.19486358e-06  5.80000000e-01  1.85000000e+00 
 5.90000000e-01  5.90000000e-01  5.90000000e-01  1.91372962e-06  5.90000000e-01  1.85000000e+00 
 6.00000000e-01  6.00000000e-01  6.00000000e-01  3.01028771e-06  6.00000000e-01  1.85000000e+00 
 6.10000000e-01  6.10000000e-01  6.10000000e-01  4.64290297e-06  6.10000000e-01  1.85000000e+00 
 6.20000000e-01  6.20000000e-01  6.20000000e-01  7.01314695e-06  6.20000000e-01  1.85000000e+00 
 6.30000000e-01  6.30000000e-01  6.30000000e-01  1.03675285e-05  6.30000000e-01  1.85000000e+00 
 6.40000000e-01  6.40000000e-01  6.40000000e-01  1.49951280e-05  6.40000000e-01  1.85000000e+00 
 6.50000000e-01  6.50000000e-01  6.50000000e-01  2.12189735e-05  6.50000000e-01  1.85000000e+00 
 6.60000000e-01  6.60000000e-01  6.60000000e-01  2.93786881e-05  6.60000000e-01  1.85000000e+00 
 6.70000000e-01  6.70000000e-01  6.70000000e-01  3.98033090e-05  6.70000000e-01  1.85000000e+00 
 6.80000000e-01  6.80000000e-01  6.80000000e-01  5.27768029e-05  6.80000000e-01  1.85000000e+00 
 6.90000000e-01  6.90000000e-01  6.90000000e-01  6.85033152e-05  6.90000000e-01  1.85000000e+00 
 7.00000000e-01  7.00000000e-01  7.00000000e-01  8.70816217e-05  7.00000000e-01  1.85000000e+00 
 7.10000000e-01  7.10000000e-01  7.10000000e-01  1.08496319e-04  7.10000000e-01  1.85000000e+00 
 7.20000000e-01  7.20000000e-01  7.20000000e-01  1.32627602e-04  7.20000000e-01  1.85000000e+00 
 7.30000000e-01  7.30000000e-01  7.30000000e-01  1.59275279e-04  7.30000000e-01  1.85000000e+00 
 7.40000000e-01  7.40000000e-01  7.40000000e-01  1.88189220e-04  7.40000000e-01  1.85000000e+00 
 7.50000000e-01  7.50000000e-01  7.50000000e-01  2.19098707e-04  7.50000000e-01  1.85000000e+00 
 7.60000000e-01  7.60000000e-01  7.60000000e-01  2.51735788e-04  7.60000000e-01  1.85000000e+00 
 7.70000000e-01  7.70000000e-01  7.70000000e-01  2.85850943e-04  7.70000000e-01  1.85000000e+00 
 7.80000000e-01  7.80000000e-01  7.80000000e-01  3.21221577e-04  7.80000000e-01  1.85000000e+00 
 7.90000000e-01  7.90000000e-01  7.90000000e-01  3.57655050e-04  7.90000000e-01  1.85000000e+00 
 8.00000000e-01  8.00000000e-01  8.00000000e-01  3.94988085e-04  8.00000000e-01  1.85000000e+00 
 8.10000000e-01  8.10000000e-01  8.10000000e-01  4.33084166e-04  8.10000000e-01  1.85000000e+00 
 8.20000000e-01  8.20000000e-01  8.20000000e-01  4.71830038e-04  8.20000000e-01  1.85000000e+00 
 8.30000000e-01  8.30000000e-01  8.30000000e-01  5.11132052e-04  8.30000000e-01  1.85000000e+00 
 8.40000000e-01  8.40000000e-01  8.40000000e-01  5.50912747e-04  8.40000000e-01  1.85000000e+00 
 8.50000000e-01  8.50000000e-01  8.50000000e-01  5.91107844e-04  8.50000000e-01  1.85000000e+00 
 8.60000000e-01  8.60000000e-01  8.60000000e-01  6.31663728e-04  8.60000000e-01  1.85000000e+00 
 8.70000000e-01  8.70000000e-01  8.70000000e-01  6.72535369e-04  8.70000000e-01  1.85000000e+00 
 8.80000000e-01  8.80000000e-01  8.80000000e-01  7.13684664e-04  8.80000000e-01  1.85000000e+00 
 8.90000000e-01  8.90000000e-01  8.90000000e-01  7.55079100e-04  8.90000000e-01  1.85000000e+00 
 9.00000000e-01  9.00000000e-01  9.00000000e-01  7.96690712e-04  9.00000000e-01  1.85000000e+00 
 9.10000000e-01  9.10000000e-01  9.10000000e-01  8.38495250e-04  9.10000000e-01  1.85000000e+00 
 9.20000000e-01  9.20000000e-01  9.20000000e-01  8.80471530e-04  9.20000000e-01  1.85000000e+00 
 9.30000000e-01  9.30000000e-01  9.30000000e-01  9.22600916e-04  9.30000000e-01  1.85000000e+00 
 9.40000000e-01  9.40000000e-01  9.40000000e-01  9.64866911e-04  9.40000000e-01  1.85000000e+00 
 9.50000000e-01  9.50000000e-01  9.50000000e-01  1.00725483e-03  9.50000000e-01  1.85000000e+00 
 9.60000000e-01  9.60000000e-01  9.60000000e-01  1.04975154e-03  9.60000000e-01  1.85000000e+00 
 9.70000000e-01  9.70000000e-01  9.70000000e-01  1.09234523e-03  9.70000000e-01  1.85000000e+00 
 9.80000000e-01  9.80000000e-01  9.80000000e-01  1.13502525e-03  9.80000000e-01  1.85000000e+00 
 9.90000000e-01  9.90000000e-01  9.90000000e-01  1.17778197e-03  9.90000000e-01  1.85000000e+00 
 1.00000000e+00  1.00000000e+00  1.00000000e+00  1.22060667e-03  1.00000000e+00  1.85000000e+00 
 1.01000000e+00  1.01000000e+00  1.01000000e+00  1.26349140e-03  1.01000000e+00  1.85000000e+00 
 1.02000000e+00  1.02000000e+00  1.02000000e+00  1.30642892e-03  1.02000000e+00  1.85000000e+00 
 1.03000000e+00  1.03000000e+00  1.03000000e+00  1.34941262e-03  1.03000000e+00  1.85000000e+00 
 1.04000000e+00  1.04000000e+00  1.04000000e+00  1.39243646e-03  1.04000000e+00  1.85000000e+00 
 1.05000000e+00  1.05000000e+00  1.05000000e+00  1.43549490e-03  1.05000000e+00  1.85000000e+00 
 1.06000000e+00  1.06000000e+00  1.06000000e+00  1.47858285e-03  1.06000000e+00  1.85000000e+00 
 1.07000000e+00  1.07000000e+00  1.07000000e+00  1.52169566e-03  1.07000000e+00  1.85000000e+00 
 1.08000000e+00  1.08000000e+00  1.08000000e+00  1.56482903e-03  1.08000000e+00  1.85000000e+00 
 1.09000000e+00  1.09000000e+00  1.09000000e+00  1.60797901e-03  1.09000000e+00  1.85000000e+00 
 1.10000000e+00  1.10000000e+00  1.10000000e+00  1.65114197e-03  1.10000000e+00  1.85000000e+00 
 1.11000000e+00  1.11000000e+00  1.11000000e+00  1.69431455e-03  1.11000000e+00  1.85000000e+00 
 1.12000000e+00  1.12000000e+00  1.12000000e+00  1.73749365e-03  1.12000000e+00  1.85000000e+00 
 1.13000000e+00  1.13000000e+00  1.13000000e+00  1.78067643e-03  1.13000000e+00  1.85000000e+00 
 1.14000000e+00  1.14000000e+00  1.14000000e+00  1.82386024e-03  1.14000000e+00  1.85000000e+00 
 1.15000000e+00  1.15000000e+00  1.15000000e+00  1.86704264e-03  1.15000000e+00  1.85000000e+00 
 1.16000000e+00  1.16000000e+00  1.16000000e+00  1.91022136e-03  1.16000000e+00  1.85000000e+00 
 1.17000000e+00  1.17000000e+00  1.17000000e+00  1.95339432e-03  1.17000000e+00  1.85000000e+00 
 1.18000000e+00  1.18000000e+00  1.18000000e+00  1.99655958e-03  1.18000000e+00  1.85000000e+00 
 1.19000000e+00  1.19000000e+00  1.19000000e+00  2.03971535e-03  1.19000000e+00  1.85000000e+00 
 1.20000000e+00  1.20000000e+00  1.20000000e+00  2.08285996e-03  1.20000000e+00  1.85000000e+00 
 1.21000000e+00  1.21000000e+00  1.21000000e+00  2.12599187e-03  1.21000000e+00  1.85000000e+00 
 1.22000000e+00  1.22000000e+00  1.22000000e+00  2.16910965e-03  1.22000000e+00  1.85000000e+00 
 1.23000000e+00  1.23000000e+00  1.23000000e+00  2.21221198e-03  1.23000000e+00  1.85000000e+00 
 1.24000000e+00  1.24000000e+00  1.24000000e+00  2.25529763e-03  1.24000000e+00  1.85000000e+00 
 1.25000000e+00  1.25000000e+00  1.25000000e+00  2.29836545e-03  1.25000000e+00  1.85000000e+00 
 1.26000000e+00  1.26000000e+00  1.26000000e+00  2.34141438e-03  1.26000000e+00  1.85000000e+00 
 1.27000000e+00  1.27000000e+00  1.27000000e+00  2.38444344e-03  1.27000000e+00  1.85000000e+00 
 1.28000000e+00  1.28000000e+00  1.28000000e+00  2.42745172e-03  1.28000000e+00  1.85000000e+00 
 1.29000000e+00  1.29000000e+00  1.29000000e+00  2.47043837e-03  1.29000000e+00  1.85000000e+00 
 1.30000000e+00  1.30000000e+00  1.30000000e+00  2.51340261e-03  1.30000000e+00  1.85000000e+00 
 1.31000000e+00  1.31000000e+00  1.31000000e+00  2.55634371e-03  1.31000000e+00  1.85000000e+00 
 1.32000000e+00  1.32000000e+00  1.32000000e+00  2.59926099e-03  1.32000000e+00  1.85000000e+00 
 1.33000000e+00  1.33000000e+00  1.33000000e+00  2.64215382e-03  1.33000000e+00  1.85000000e+00 
 1.34000000e+00  1.34000000e+00  1.34000000e+00  2.68502163e-03  1.34000000e+00  1.85000000e+00 
 1.35000000e+00  1.35000000e+00  1.35000000e+00  2.72786387e-03  1.35000000e+00  1.85000000e+00 
 1.36000000e+00  1.36000000e+00  1.36000000e+00  2.77068006e-03  1.36000000e+00  1.85000000e+00 
 1.37000000e+00  1.37000000e+00  1.37000000e+00  2.81346972e-03  1.37000000e+00  1.85000000e+00 
 1.38000000e+00  1.38000000e+00  1.38000000e+00  2.85623244e-03  1.38000000e+00  1.85000000e+00 
 1.39000000e+00  1.39000000e+00  1.39000000e+00  2.89896781e-03  1.39000000e+00  1.85000000e+00 
 1.40000000e+00  1.40000000e+00  1.40000000e+00  2.94167548e-03  1.40000000e+00  1.85000000e+00 
 1.41000000e+00  1.41000000e+00  1.41000000e+00  2.98435512e-03  1.41000000e+00  1.85000000e+00 
 1.42000000e+00  1.42000000e+00  1.42000000e+00  3.02700640e-03  1.42000000e+00  1.85000000e+00 
 1.43000000e+00  1.43000000e+00  1.43000000e+00  3.06962905e-03  1.43000000e+00  1.85000000e+00 
 1.44000000e+00  1.44000000e+00  1.44000000e+00  3.11222281e-03  1.44000000e+00  1.85000000e+00 
 1.45000000e+00  1.45000000e+00  1.45000000e+00  3.15478743e-03  1.45000000e+00  1.85000000e+00 
 1.46000000e+00  1.46000000e+00  1.46000000e+00  3.19732270e-03  1.46000000e+00  1.85000000e+00 
 1.47000000e+00  1.47000000e+00  1.47000000e+00  3.23982841e-03  1.47000000e+00  1.85000000e+00 
 1.48000000e+00  1.48000000e+00  1.48000000e+00  3.28230439e-03  1.48000000e+00  1.85000000e+00 
 1.49000000e+00  1.49000000e+00  1.49000000e+00  3.32475045e-03  1.49000000e+00  1.85000000e+00 
 1.50000000e+00  1.50000000e+00  1.50000000e+00  3.36716646e-03  1.50000000e+00  1.85000000e+00 
 1.51000000e+00  1.51000000e+00  1.51000000e+00  3.40955227e-03  1.51000000e+00  1.85000000e+00 
 1.52000000e+00  1.52000000e+00  1.52000000e+00  3.45190776e-03  1.52000000e+00  1.85000000e+00 
 1.53000000e+00  1.53000000e+00  1.53000000e+00  3.49423281e-03  1.53000000e+00  1.85000000e+00 
 1.54000000e+00  1.54000000e+00  1.54000000e+00  3.53652732e-03  1.54000000e+00  1.85000000e+00 
 1.55000000e+00  1.55000000e+00  1.55000000e+00  3.57879121e-03  1.55000000e+00  1.85000000e+00 
 1.56000000e+00  1.56000000e+00  1.56000000e+00  3.62102438e-03  1.56000000e+00  1.85000000e+00 
 1.57000000e+00  1.57000000e+00  1.57000000e+00  3.66322678e-03  1.57000000e+00  1.85000000e+00 
 1.58000000e+00  1.58000000e+00  1.58000000e+00  3.70539833e-03  1.58000000e+00  1.85000000e+00 
 1.59000000e+00  1.59000000e+00  1.59000000e+00  3.74753898e-03  1.59000000e+00  1.85000000e+00 
 1.60000000e+00  1.60000000e+00  1.60000000e+00  3.78964869e-03  1.60000000e+00  1.85000000e+00 
 1.61000000e+00  1.61000000e+00  1.61000000e+00  3.83172741e-03  1.61000000e+00  1.85000000e+00 
 1.62000000e+00  1.62000000e+00  1.62000000e+00  3.87377511e-03  1.62000000e+00  1.85000000e+00 
 1.63000000e+00  1.63000000e+00  1.63000000e+00  3.91579175e-03  1.63000000e+00  1.85000000e+00 
 1.64000000e+00  1.64000000e+00  1.64000000e+00  3.95777732e-03  1.64000000e+00  1.85000000e+00 
 1.65000000e+00  1.65000000e+00  1.65000000e+00  3.99973180e-03  1.65000000e+00  1.85000000e+00 
 1.66000000e+00  1.66000000e+00  1.66000000e+00  4.04165516e-03  1.66000000e+00  1.85000000e+00 
 1.67000000e+00  1.67000000e+00  1.67000000e+00  4.08354741e-03  1.67000000e+00  1.85000000e+00 
 1.68000000e+00  1.68000000e+00  1.68000000e+00  4.12540854e-03  1.68000000e+00  1.85000000e+00 
 1.69000000e+00  1.69000000e+00  1.69000000e+00  4.16723854e-03  1.69000000e+00  1.85000000e+00 
 1.70000000e+00  1.70000000e+00  1.70000000e+00  4.20903741e-03  1.70000000e+00  1.85000000e+00 
 1.71000000e+00  1.71000000e+00  1.71000000e+00  4.25080516e-03  1.71000000e+00  1.85000000e+00 
 1.72000000e+00  1.72000000e+00  1.72000000e+00  4.29254179e-03  1.72000000e+00  1.85000000e+00 
 1.73000000e+00  1.73000000e+00  1.73000000e+00  4.33424731e-03  1.73000000e+00  1.85000000e+00 
 1.74000000e+00  1.74000000e+00  1.74000000e+00  4.37592174e-03  1.74000000e+00  1.85000000e+00 
 1.75000000e+00  1.75000000e+00  1.75000000e+00  4.41756507e-03  1.75000000e+00  1.85000000e+00 
 1.76000000e+00  1.76000000e+00  1.76000000e+00  4.45917734e-03  1.76000000e+00  1.85000000e+00 
 1.77000000e+00  1.77000000e+00  1.77000000e+00  4.50075854e-03  1.77000000e+00  1.85000000e+00 
 1.78000000e+00  1.78000000e+00  1.78000000e+00  4.54230870e-03  1.78000000e+00  1.85000000e+00 
 1.79000000e+00  1.79000000e+00  1.79000000e+00  4.58382784e-03  1.79000000e+00  1.85000000e+00 
 1.80000000e+00  1.80000000e+00  1.80000000e+00  4.62531596e-03  1.80000000e+00  1.85000000e+00 
 1.81000000e+00  1.81000000e+00  1.81000000e+00  4.66677310e-03  1.81000000e+00  1.85000000e+00 
 1.82000000e+00  1.82000000e+00  1.82000000e+00  4.70819928e-03  1.82000000e+00  1.85000000e+00 
 1.83000000e+00  1.83000000e+00  1.83000000e+00  4.74959450e-03  1.83000000e+00  1.85000000e+00 
 1.84000000e+00  1.84000000e+00  1.84000000e+00  4.79095879e-03  1.84000000e+00  1.85000000e+00 
 1.85000000e+00  1.85000000e+00  1.85000000e+00  4.83229217e-03  1.85000000e+00  1.85000000e+00 
