 0.00000000e+00  1.85000000e+00  0.00000000e+00 -5.48010619e-22  0.00000000e+00  1.85000000e+00 
-1.00000000e-02  1.84000000e+00 -1.00000000e-02 -7.41532327e-22 -1.00000000e-02  1.85000000e+00 
-2.00000000e-02  1.83000000e+00 -2.00000000e-02 -1.00339332e-21 -2.00000000e-02  1.85000000e+00 
-3.00000000e-02  1.82000000e+00 -3.00000000e-02 -1.35772658e-21 -3.00000000e-02  1.85000000e+00 
-4.00000000e-02  1.81000000e+00 -4.00000000e-02 -1.83718731e-21 -4.00000000e-02  1.85000000e+00 
-5.00000000e-02  1.80000000e+00 -5.00000000e-02 -2.48596236e-21 -5.00000000e-02  1.85000000e+00 
-6.00000000e-02  1.79000000e+00 -6.00000000e-02 -3.36384254e-21 -6.00000000e-02  1.85000000e+00 
-7.00000000e-02  1.78000000e+00 -7.00000000e-02 -4.55173286e-21 -7.00000000e-02  1.85000000e+00 
-8.00000000e-02  1.77000000e+00 -8.00000000e-02 -6.15910873e-21 -8.00000000e-02  1.85000000e+00 
-9.00000000e-02  1.76000000e+00 -9.00000000e-02 -8.33410506e-21 -9.00000000e-02  1.85000000e+00 
-1.00000000e-01  1.75000000e+00 -1.00000000e-01 -1.12771685e-20 -1.00000000e-01  1.85000000e+00 
-1.10000000e-01  1.74000000e+00 -1.10000000e-01 -1.52595301e-20 -1.10000000e-01  1.85000000e+00 
-1.20000000e-01  1.73000000e+00 -1.20000000e-01 -2.06482023e-20 -1.20000000e-01  1.85000000e+00 
-1.30000000e-01  1.72000000e+00 -1.30000000e-01 -2.79398022e-20 -1.30000000e-01  1.85000000e+00 
-1.40000000e-01  1.71000000e+00 -1.40000000e-01 -3.78063194e-20 -1.40000000e-01  1.85000000e+00 
-1.50000000e-01  1.70000000e+00 -1.50000000e-01 -5.11570466e-20 -1.50000000e-01  1.85000000e+00 
-1.60000000e-01  1.69000000e+00 -1.60000000e-01 -6.92223784e-20 -1.60000000e-01  1.85000000e+00 
-1.70000000e-01  1.68000000e+00 -1.70000000e-01 -9.36672046e-20 -1.70000000e-01  1.85000000e+00 
-1.80000000e-01  1.67000000e+00 -1.80000000e-01 -1.26744344e-19 -1.80000000e-01  1.85000000e+00 
-1.90000000e-01  1.66000000e+00 -1.90000000e-01 -1.71502163e-19 -1.90000000e-01  1.85000000e+00 
-2.00000000e-01  1.65000000e+00 -2.00000000e-01 -2.32065508e-19 -2.00000000e-01  1.85000000e+00 
-2.10000000e-01  1.64000000e+00 -2.10000000e-01 -3.14015849e-19 -2.10000000e-01  1.85000000e+00 
-2.20000000e-01  1.63000000e+00 -2.20000000e-01 -4.24905660e-19 -2.20000000e-01  1.85000000e+00 
-2.30000000e-01  1.62000000e+00 -2.30000000e-01 -5.74954444e-19 -2.30000000e-01  1.85000000e+00 
-2.40000000e-01  1.61000000e+00 -2.40000000e-01 -7.77990548e-19 -2.40000000e-01  1.85000000e+00 
-2.50000000e-01  1.60000000e+00 -2.50000000e-01 -1.05272556e-18 -2.50000000e-01  1.85000000e+00 
-2.60000000e-01  1.59000000e+00 -2.60000000e-01 -1.42447872e-18 -2.60000000e-01  1.85000000e+00 
-2.70000000e-01  1.58000000e+00 -2.70000000e-01 -1.92751033e-18 -2.70000000e-01  1.85000000e+00 
-2.80000000e-01  1.57000000e+00 -2.80000000e-01 -2.60817904e-18 -2.80000000e-01  1.85000000e+00 
-2.90000000e-01  1.56000000e+00 -2.90000000e-01 -3.52921416e-18 -2.90000000e-01  1.85000000e+00 
-3.00000000e-01  1.55000000e+00 -3.00000000e-01 -4.77549664e-18 -3.00000000e-01  1.85000000e+00 
-3.10000000e-01  1.54000000e+00 -3.10000000e-01 -6.46188130e-18 -3.10000000e-01  1.85000000e+00 
-3.20000000e-01  1.53000000e+00 -3.20000000e-01 -8.74378149e-18 -3.20000000e-01  1.85000000e+00 
-3.30000000e-01  1.52000000e+00 -3.30000000e-01 -1.18314912e-17 -3.30000000e-01  1.85000000e+00 
-3.40000000e-01  1.51000000e+00 -3.40000000e-01 -1.60095645e-17 -3.40000000e-01  1.85000000e+00 
-3.50000000e-01  1.50000000e+00 -3.50000000e-01 -2.16630387e-17 -3.50000000e-01  1.85000000e+00 
-3.60000000e-01  1.49000000e+00 -3.60000000e-01 -2.93129162e-17 -3.60000000e-01  1.85000000e+00 
-3.70000000e-01  1.48000000e+00 -3.70000000e-01 -3.96641759e-17 -3.70000000e-01  1.85000000e+00 
-3.80000000e-01  1.47000000e+00 -3.80000000e-01 -5.36707377e-17 -3.80000000e-01  1.85000000e+00 
-3.90000000e-01  1.46000000e+00 -3.90000000e-01 -7.26233650e-17 -3.90000000e-01  1.85000000e+00 
-4.00000000e-01  1.45000000e+00 -4.00000000e-01 -9.82686052e-17 -4.00000000e-01  1.85000000e+00 
-4.10000000e-01  1.44000000e+00 -4.10000000e-01 -1.32969726e-16 -4.10000000e-01  1.85000000e+00 
-4.20000000e-01  1.43000000e+00 -4.20000000e-01 -1.79924475e-16 -4.20000000e-01  1.85000000e+00 
-4.30000000e-01  1.42000000e+00 -4.30000000e-01 -2.43459720e-16 -4.30000000e-01  1.85000000e+00 
-4.40000000e-01  1.41000000e+00 -4.40000000e-01 -3.29430115e-16 -4.40000000e-01  1.85000000e+00 
-4.50000000e-01  1.40000000e+00 -4.50000000e-01 -4.45757511e-16 -4.50000000e-01  1.85000000e+00 
-4.60000000e-01  1.39000000e+00 -4.60000000e-01 -6.03160792e-16 -4.60000000e-01  1.85000000e+00 
-4.70000000e-01  1.38000000e+00 -4.70000000e-01 -8.16143344e-16 -4.70000000e-01  1.85000000e+00 
-4.80000000e-01  1.37000000e+00 -4.80000000e-01 -1.10432909e-15 -4.80000000e-01  1.85000000e+00 
-4.90000000e-01  1.36000000e+00 -4.90000000e-01 -1.49427010e-15 -4.90000000e-01  1.85000000e+00 
-5.00000000e-01  1.35000000e+00 -5.00000000e-01 -2.02189212e-15 -5.00000000e-01  1.85000000e+00 
-5.10000000e-01  1.34000000e+00 -5.10000000e-01 -2.73580321e-15 -5.10000000e-01  1.85000000e+00 
-5.20000000e-01  1.33000000e+00 -5.20000000e-01 -3.70176977e-15 -5.20000000e-01  1.85000000e+00 
-5.30000000e-01  1.32000000e+00 -5.30000000e-01 -5.00877160e-15 -5.30000000e-01  1.85000000e+00 
-5.40000000e-01  1.31000000e+00 -5.40000000e-01 -6.77719306e-15 -5.40000000e-01  1.85000000e+00 
-5.50000000e-01  1.30000000e+00 -5.50000000e-01 -9.16990377e-15 -5.50000000e-01  1.85000000e+00 
-5.60000000e-01  1.29000000e+00 -5.60000000e-01 -1.24072461e-14 -5.60000000e-01  1.85000000e+00 
-5.70000000e-01  1.28000000e+00 -5.70000000e-01 -1.67873063e-14 -5.70000000e-01  1.85000000e+00 
-5.80000000e-01  1.27000000e+00 -5.80000000e-01 -2.27133312e-14 -5.80000000e-01  1.85000000e+00 
-5.90000000e-01  1.26000000e+00 -5.90000000e-01 -3.07308034e-14 -5.90000000e-01  1.85000000e+00 
-6.00000000e-01  1.25000000e+00 -6.00000000e-01 -4.15775762e-14 -6.00000000e-01  1.85000000e+00 
-6.10000000e-01  1.24000000e+00 -6.10000000e-01 -5.62516586e-14 -6.10000000e-01  1.85000000e+00 
-6.20000000e-01  1.23000000e+00 -6.20000000e-01 -7.61028528e-14 -6.20000000e-01  1.85000000e+00 
-6.30000000e-01  1.22000000e+00 -6.30000000e-01 -1.02956620e-13 -6.30000000e-01  1.85000000e+00 
-6.40000000e-01  1.21000000e+00 -6.40000000e-01 -1.39281480e-13 -6.40000000e-01  1.85000000e+00 
-6.50000000e-01  1.20000000e+00 -6.50000000e-01 -1.88415194e-13 -6.50000000e-01  1.85000000e+00 
-6.60000000e-01  1.19000000e+00 -6.60000000e-01 -2.54870314e-13 -6.60000000e-01  1.85000000e+00 
-6.70000000e-01  1.18000000e+00 -6.70000000e-01 -3.44746825e-13 -6.70000000e-01  1.85000000e+00 
-6.80000000e-01  1.17000000e+00 -6.80000000e-01 -4.66289239e-13 -6.80000000e-01  1.85000000e+00 
-6.90000000e-01  1.16000000e+00 -6.90000000e-01 -6.30638447e-13 -6.90000000e-01  1.85000000e+00 
-7.00000000e-01  1.15000000e+00 -7.00000000e-01 -8.52845980e-13 -7.00000000e-01  1.85000000e+00 
-7.10000000e-01  1.14000000e+00 -7.10000000e-01 -1.15324160e-12 -7.10000000e-01  1.85000000e+00 
-7.20000000e-01  1.13000000e+00 -7.20000000e-01 -1.55927625e-12 -7.20000000e-01  1.85000000e+00 
-7.30000000e-01  1.12000000e+00 -7.30000000e-01 -2.10800405e-12 -7.30000000e-01  1.85000000e+00 
-7.40000000e-01  1.11000000e+00 -7.40000000e-01 -2.84942230e-12 -7.40000000e-01  1.85000000e+00 
-7.50000000e-01  1.10000000e+00 -7.50000000e-01 -3.85096230e-12 -7.50000000e-01  1.85000000e+00 
-7.60000000e-01  1.09000000e+00 -7.60000000e-01 -5.20352157e-12 -7.60000000e-01  1.85000000e+00 
-7.70000000e-01  1.08000000e+00 -7.70000000e-01 -7.02955711e-12 -7.70000000e-01  1.85000000e+00 
-7.80000000e-01  1.07000000e+00 -7.80000000e-01 -9.49392991e-12 -7.80000000e-01  1.85000000e+00 
-7.90000000e-01  1.06000000e+00 -7.90000000e-01 -1.28184144e-11 -7.90000000e-01  1.85000000e+00 
-8.00000000e-01  1.05000000e+00 -8.00000000e-01 -1.73010786e-11 -8.00000000e-01  1.85000000e+00 
-8.10000000e-01  1.04000000e+00 -8.10000000e-01 -2.33421200e-11 -8.10000000e-01  1.85000000e+00 
-8.20000000e-01  1.03000000e+00 -8.20000000e-01 -3.14782357e-11 -8.20000000e-01  1.85000000e+00 
-8.30000000e-01  1.02000000e+00 -8.30000000e-01 -4.24282323e-11 -8.30000000e-01  1.85000000e+00 
-8.40000000e-01  1.01000000e+00 -8.40000000e-01 -5.71533961e-11 -8.40000000e-01  1.85000000e+00 
-8.50000000e-01  1.00000000e+00 -8.50000000e-01 -7.69371624e-11 -8.50000000e-01  1.85000000e+00 
-8.60000000e-01  9.90000000e-01 -8.60000000e-01 -1.03489930e-10 -8.60000000e-01  1.85000000e+00 
-8.70000000e-01  9.80000000e-01 -8.70000000e-01 -1.39086499e-10 -8.70000000e-01  1.85000000e+00 
-8.80000000e-01  9.70000000e-01 -8.80000000e-01 -1.86745672e-10 -8.80000000e-01  1.85000000e+00 
-8.90000000e-01  9.60000000e-01 -8.90000000e-01 -2.50464174e-10 -8.90000000e-01  1.85000000e+00 
-9.00000000e-01  9.50000000e-01 -9.00000000e-01 -3.35520354e-10 -9.00000000e-01  1.85000000e+00 
-9.10000000e-01  9.40000000e-01 -9.10000000e-01 -4.48867441e-10 -9.10000000e-01  1.85000000e+00 
-9.20000000e-01  9.30000000e-01 -9.20000000e-01 -5.99641815e-10 -9.20000000e-01  1.85000000e+00 
-9.30000000e-01  9.20000000e-01 -9.30000000e-01 -7.99819454e-10 -9.30000000e-01  1.85000000e+00 
-9.40000000e-01  9.10000000e-01 -9.40000000e-01 -1.06506443e-09 -9.40000000e-01  1.85000000e+00 
-9.50000000e-01  9.00000000e-01 -9.50000000e-01 -1.41582844e-09 -9.50000000e-01  1.85000000e+00 
-9.60000000e-01  8.90000000e-01 -9.60000000e-01 -1.87878180e-09 -9.60000000e-01  1.85000000e+00 
-9.70000000e-01  8.80000000e-01 -9.70000000e-01 -2.48868661e-09 -9.70000000e-01  1.85000000e+00 
-9.80000000e-01  8.70000000e-01 -9.80000000e-01 -3.29086402e-09 -9.80000000e-01  1.85000000e+00 
-9.90000000e-01  8.60000000e-01 -9.90000000e-01 -4.34446208e-09 -9.90000000e-01  1.85000000e+00 
-1.00000000e+00  8.50000000e-01 -1.00000000e+00 -5.72679687e-09 -1.00000000e+00  1.85000000e+00 
-1.01000000e+00  8.40000000e-01 -1.01000000e+00 -7.53911345e-09 -1.01000000e+00  1.85000000e+00 
-1.02000000e+00  8.30000000e-01 -1.02000000e+00 -9.91418034e-09 -1.02000000e+00  1.85000000e+00 
-1.03000000e+00  8.20000000e-01 -1.03000000e+00 -1.30261704e-08 -1.03000000e+00  1.85000000e+00 
-1.04000000e+00  8.10000000e-01 -1.04000000e+00 -1.71032583e-08 -1.04000000e+00  1.85000000e+00 
-1.05000000e+00  8.00000000e-01 -1.05000000e+00 -2.24432401e-08 -1.05000000e+00  1.85000000e+00 
-1.06000000e+00  7.90000000e-01 -1.06000000e+00 -2.94322149e-08 -1.06000000e+00  1.85000000e+00 
-1.07000000e+00  7.80000000e-01 -1.07000000e+00 -3.85659404e-08 -1.07000000e+00  1.85000000e+00 
-1.08000000e+00  7.70000000e-01 -1.08000000e+00 -5.04728868e-08 -1.08000000e+00  1.85000000e+00 
-1.09000000e+00  7.60000000e-01 -1.09000000e+00 -6.59373303e-08 -1.09000000e+00  1.85000000e+00 
-1.10000000e+00  7.50000000e-01 -1.10000000e+00 -8.59201369e-08 -1.10000000e+00  1.85000000e+00 
-1.11000000e+00  7.40000000e-01 -1.11000000e+00 -1.11574356e-07 -1.11000000e+00  1.85000000e+00 
-1.12000000e+00  7.30000000e-01 -1.12000000e+00 -1.44252511e-07 -1.12000000e+00  1.85000000e+00 
-1.13000000e+00  7.20000000e-01 -1.13000000e+00 -1.85502690e-07 -1.13000000e+00  1.85000000e+00 
-1.14000000e+00  7.10000000e-01 -1.14000000e+00 -2.37051297e-07 -1.14000000e+00  1.85000000e+00 
-1.15000000e+00  7.00000000e-01 -1.15000000e+00 -3.00771552e-07 -1.15000000e+00  1.85000000e+00 
-1.16000000e+00  6.90000000e-01 -1.16000000e+00 -3.78638443e-07 -1.16000000e+00  1.85000000e+00 
-1.17000000e+00  6.80000000e-01 -1.17000000e+00 -4.72672553e-07 -1.17000000e+00  1.85000000e+00 
-1.18000000e+00  6.70000000e-01 -1.18000000e+00 -5.84876724e-07 -1.18000000e+00  1.85000000e+00 
-1.19000000e+00  6.60000000e-01 -1.19000000e+00 -7.17170549e-07 -1.19000000e+00  1.85000000e+00 
-1.20000000e+00  6.50000000e-01 -1.20000000e+00 -8.71328067e-07 -1.20000000e+00  1.85000000e+00 
-1.21000000e+00  6.40000000e-01 -1.21000000e+00 -1.04892359e-06 -1.21000000e+00  1.85000000e+00 
-1.22000000e+00  6.30000000e-01 -1.22000000e+00 -1.25128959e-06 -1.22000000e+00  1.85000000e+00 
-1.23000000e+00  6.20000000e-01 -1.23000000e+00 -1.47948889e-06 -1.23000000e+00  1.85000000e+00 
-1.24000000e+00  6.10000000e-01 -1.24000000e+00 -1.73430199e-06 -1.24000000e+00  1.85000000e+00 
-1.25000000e+00  6.00000000e-01 -1.25000000e+00 -2.01622859e-06 -1.25000000e+00  1.85000000e+00 
-1.26000000e+00  5.90000000e-01 -1.26000000e+00 -2.32550126e-06 -1.26000000e+00  1.85000000e+00 
-1.27000000e+00  5.80000000e-01 -1.27000000e+00 -2.66210855e-06 -1.27000000e+00  1.85000000e+00 
-1.28000000e+00  5.70000000e-01 -1.28000000e+00 -3.02582441e-06 -1.28000000e+00  1.85000000e+00 
-1.29000000e+00  5.60000000e-01 -1.29000000e+00 -3.41624108e-06 -1.29000000e+00  1.85000000e+00 
-1.30000000e+00  5.50000000e-01 -1.30000000e+00 -3.83280286e-06 -1.30000000e+00  1.85000000e+00 
-1.31000000e+00  5.40000000e-01 -1.31000000e+00 -4.27483866e-06 -1.31000000e+00  1.85000000e+00 
-1.32000000e+00  5.30000000e-01 -1.32000000e+00 -4.74159210e-06 -1.32000000e+00  1.85000000e+00 
-1.33000000e+00  5.20000000e-01 -1.33000000e+00 -5.23224809e-06 -1.33000000e+00  1.85000000e+00 
-1.34000000e+00  5.10000000e-01 -1.34000000e+00 -5.74595554e-06 -1.34000000e+00  1.85000000e+00 
-1.35000000e+00  5.00000000e-01 -1.35000000e+00 -6.28184618e-06 -1.35000000e+00  1.85000000e+00 
-1.36000000e+00  4.90000000e-01 -1.36000000e+00 -6.83904954e-06 -1.36000000e+00  1.85000000e+00 
-1.37000000e+00  4.80000000e-01 -1.37000000e+00 -7.41670462e-06 -1.37000000e+00  1.85000000e+00 
-1.38000000e+00  4.70000000e-01 -1.38000000e+00 -8.01396854e-06 -1.38000000e+00  1.85000000e+00 
-1.39000000e+00  4.60000000e-01 -1.39000000e+00 -8.63002268e-06 -1.39000000e+00  1.85000000e+00 
-1.40000000e+00  4.50000000e-01 -1.40000000e+00 -9.26407676e-06 -1.40000000e+00  1.85000000e+00 
-1.41000000e+00  4.40000000e-01 -1.41000000e+00 -9.91537133e-06 -1.41000000e+00  1.85000000e+00 
-1.42000000e+00  4.30000000e-01 -1.42000000e+00 -1.05831789e-05 -1.42000000e+00  1.85000000e+00 
-1.43000000e+00  4.20000000e-01 -1.43000000e+00 -1.12668042e-05 -1.43000000e+00  1.85000000e+00 
-1.44000000e+00  4.10000000e-01 -1.44000000e+00 -1.19655837e-05 -1.44000000e+00  1.85000000e+00 
-1.45000000e+00  4.00000000e-01 -1.45000000e+00 -1.26788844e-05 -1.45000000e+00  1.85000000e+00 
-1.46000000e+00  3.90000000e-01 -1.46000000e+00 -1.34061032e-05 -1.46000000e+00  1.85000000e+00 
-1.47000000e+00  3.80000000e-01 -1.47000000e+00 -1.41466645e-05 -1.47000000e+00  1.85000000e+00 
-1.48000000e+00  3.70000000e-01 -1.48000000e+00 -1.49000194e-05 -1.48000000e+00  1.85000000e+00 
-1.49000000e+00  3.60000000e-01 -1.49000000e+00 -1.56656437e-05 -1.49000000e+00  1.85000000e+00 
-1.50000000e+00  3.50000000e-01 -1.50000000e+00 -1.64430364e-05 -1.50000000e+00  1.85000000e+00 
-1.51000000e+00  3.40000000e-01 -1.51000000e+00 -1.72317182e-05 -1.51000000e+00  1.85000000e+00 
-1.52000000e+00  3.30000000e-01 -1.52000000e+00 -1.80312301e-05 -1.52000000e+00  1.85000000e+00 
-1.53000000e+00  3.20000000e-01 -1.53000000e+00 -1.88411322e-05 -1.53000000e+00  1.85000000e+00 
-1.54000000e+00  3.10000000e-01 -1.54000000e+00 -1.96610022e-05 -1.54000000e+00  1.85000000e+00 
-1.55000000e+00  3.00000000e-01 -1.55000000e+00 -2.04904343e-05 -1.55000000e+00  1.85000000e+00 
-1.56000000e+00  2.90000000e-01 -1.56000000e+00 -2.13290384e-05 -1.56000000e+00  1.85000000e+00 
-1.57000000e+00  2.80000000e-01 -1.57000000e+00 -2.21764391e-05 -1.57000000e+00  1.85000000e+00 
-1.58000000e+00  2.70000000e-01 -1.58000000e+00 -2.30322746e-05 -1.58000000e+00  1.85000000e+00 
-1.59000000e+00  2.60000000e-01 -1.59000000e+00 -2.38961963e-05 -1.59000000e+00  1.85000000e+00 
-1.60000000e+00  2.50000000e-01 -1.60000000e+00 -2.47678679e-05 -1.60000000e+00  1.85000000e+00 
-1.61000000e+00  2.40000000e-01 -1.61000000e+00 -2.56469647e-05 -1.61000000e+00  1.85000000e+00 
-1.62000000e+00  2.30000000e-01 -1.62000000e+00 -2.65331732e-05 -1.62000000e+00  1.85000000e+00 
-1.63000000e+00  2.20000000e-01 -1.63000000e+00 -2.74261906e-05 -1.63000000e+00  1.85000000e+00 
-1.64000000e+00  2.10000000e-01 -1.64000000e+00 -2.83257243e-05 -1.64000000e+00  1.85000000e+00 
-1.65000000e+00  2.00000000e-01 -1.65000000e+00 -2.92314911e-05 -1.65000000e+00  1.85000000e+00 
-1.66000000e+00  1.90000000e-01 -1.66000000e+00 -3.01432176e-05 -1.66000000e+00  1.85000000e+00 
-1.67000000e+00  1.80000000e-01 -1.67000000e+00 -3.10606390e-05 -1.67000000e+00  1.85000000e+00 
-1.68000000e+00  1.70000000e-01 -1.68000000e+00 -3.19834994e-05 -1.68000000e+00  1.85000000e+00 
-1.69000000e+00  1.60000000e-01 -1.69000000e+00 -3.29115510e-05 -1.69000000e+00  1.85000000e+00 
-1.70000000e+00  1.50000000e-01 -1.70000000e+00 -3.38445542e-05 -1.70000000e+00  1.85000000e+00 
-1.71000000e+00  1.40000000e-01 -1.71000000e+00 -3.47822772e-05 -1.71000000e+00  1.85000000e+00 
-1.72000000e+00  1.30000000e-01 -1.72000000e+00 -3.57244956e-05 -1.72000000e+00  1.85000000e+00 
-1.73000000e+00  1.20000000e-01 -1.73000000e+00 -3.66709922e-05 -1.73000000e+00  1.85000000e+00 
-1.74000000e+00  1.10000000e-01 -1.74000000e+00 -3.76215572e-05 -1.74000000e+00  1.85000000e+00 
-1.75000000e+00  1.00000000e-01 -1.75000000e+00 -3.85759871e-05 -1.75000000e+00  1.85000000e+00 
-1.76000000e+00  9.00000000e-02 -1.76000000e+00 -3.95340855e-05 -1.76000000e+00  1.85000000e+00 
-1.77000000e+00  8.00000000e-02 -1.77000000e+00 -4.04956622e-05 -1.77000000e+00  1.85000000e+00 
-1.78000000e+00  7.00000000e-02 -1.78000000e+00 -4.14605330e-05 -1.78000000e+00  1.85000000e+00 
-1.79000000e+00  6.00000000e-02 -1.79000000e+00 -4.24285202e-05 -1.79000000e+00  1.85000000e+00 
-1.80000000e+00  5.00000000e-02 -1.80000000e+00 -4.33994516e-05 -1.80000000e+00  1.85000000e+00 
-1.81000000e+00  4.00000000e-02 -1.81000000e+00 -4.43731609e-05 -1.81000000e+00  1.85000000e+00 
-1.82000000e+00  3.00000000e-02 -1.82000000e+00 -4.53494871e-05 -1.82000000e+00  1.85000000e+00 
-1.83000000e+00  2.00000000e-02 -1.83000000e+00 -4.63282747e-05 -1.83000000e+00  1.85000000e+00 
-1.84000000e+00  1.00000000e-02 -1.84000000e+00 -4.73093734e-05 -1.84000000e+00  1.85000000e+00 
-1.85000000e+00 -1.33226763e-15 -1.85000000e+00 -4.82926379e-05 -1.85000000e+00  1.85000000e+00 
