 0.00000000e+00  1.85000000e+00  0.00000000e+00 -4.78889443e-22  0.00000000e+00  1.11000000e+00 
-1.00000000e-02  1.84000000e+00 -1.00000000e-02 -6.48002048e-22 -1.00000000e-02  1.11000000e+00 
-2.00000000e-02  1.83000000e+00 -2.00000000e-02 -8.76834231e-22 -2.00000000e-02  1.11000000e+00 
-3.00000000e-02  1.82000000e+00 -3.00000000e-02 -1.18647505e-21 -3.00000000e-02  1.11000000e+00 
-4.00000000e-02  1.81000000e+00 -4.00000000e-02 -1.60546088e-21 -4.00000000e-02  1.11000000e+00 
-5.00000000e-02  1.80000000e+00 -5.00000000e-02 -2.17240522e-21 -5.00000000e-02  1.11000000e+00 
-6.00000000e-02  1.79000000e+00 -6.00000000e-02 -2.93955742e-21 -6.00000000e-02  1.11000000e+00 
-7.00000000e-02  1.78000000e+00 -7.00000000e-02 -3.97761784e-21 -7.00000000e-02  1.11000000e+00 
-8.00000000e-02  1.77000000e+00 -8.00000000e-02 -5.38225364e-21 -8.00000000e-02  1.11000000e+00 
-9.00000000e-02  1.76000000e+00 -9.00000000e-02 -7.28291532e-21 -9.00000000e-02  1.11000000e+00 
-1.00000000e-01  1.75000000e+00 -1.00000000e-01 -9.85476693e-21 -1.00000000e-01  1.11000000e+00 
-1.10000000e-01  1.74000000e+00 -1.10000000e-01 -1.33348290e-20 -1.10000000e-01  1.11000000e+00 
-1.20000000e-01  1.73000000e+00 -1.20000000e-01 -1.80438221e-20 -1.20000000e-01  1.11000000e+00 
-1.30000000e-01  1.72000000e+00 -1.30000000e-01 -2.44157245e-20 -1.30000000e-01  1.11000000e+00 
-1.40000000e-01  1.71000000e+00 -1.40000000e-01 -3.30377672e-20 -1.40000000e-01  1.11000000e+00 
-1.50000000e-01  1.70000000e+00 -1.50000000e-01 -4.47045526e-20 -1.50000000e-01  1.11000000e+00 
-1.60000000e-01  1.69000000e+00 -1.60000000e-01 -6.04912845e-20 -1.60000000e-01  1.11000000e+00 
-1.70000000e-01  1.68000000e+00 -1.70000000e-01 -8.18528582e-20 -1.70000000e-01  1.11000000e+00 
-1.80000000e-01  1.67000000e+00 -1.80000000e-01 -1.10757942e-19 -1.80000000e-01  1.11000000e+00 
-1.90000000e-01  1.66000000e+00 -1.90000000e-01 -1.49870408e-19 -1.90000000e-01  1.11000000e+00 
-2.00000000e-01  1.65000000e+00 -2.00000000e-01 -2.02794833e-19 -2.00000000e-01  1.11000000e+00 
-2.10000000e-01  1.64000000e+00 -2.10000000e-01 -2.74408688e-19 -2.10000000e-01  1.11000000e+00 
-2.20000000e-01  1.63000000e+00 -2.20000000e-01 -3.71311847e-19 -2.20000000e-01  1.11000000e+00 
-2.30000000e-01  1.62000000e+00 -2.30000000e-01 -5.02434815e-19 -2.30000000e-01  1.11000000e+00 
-2.40000000e-01  1.61000000e+00 -2.40000000e-01 -6.79861753e-19 -2.40000000e-01  1.11000000e+00 
-2.50000000e-01  1.60000000e+00 -2.50000000e-01 -9.19944137e-19 -2.50000000e-01  1.11000000e+00 
-2.60000000e-01  1.59000000e+00 -2.60000000e-01 -1.24480767e-18 -2.60000000e-01  1.11000000e+00 
-2.70000000e-01  1.58000000e+00 -2.70000000e-01 -1.68439135e-18 -2.70000000e-01  1.11000000e+00 
-2.80000000e-01  1.57000000e+00 -2.80000000e-01 -2.27920658e-18 -2.80000000e-01  1.11000000e+00 
-2.90000000e-01  1.56000000e+00 -2.90000000e-01 -3.08407054e-18 -2.90000000e-01  1.11000000e+00 
-3.00000000e-01  1.55000000e+00 -3.00000000e-01 -4.17315805e-18 -3.00000000e-01  1.11000000e+00 
-3.10000000e-01  1.54000000e+00 -3.10000000e-01 -5.64683718e-18 -3.10000000e-01  1.11000000e+00 
-3.20000000e-01  1.53000000e+00 -3.20000000e-01 -7.64091882e-18 -3.20000000e-01  1.11000000e+00 
-3.30000000e-01  1.52000000e+00 -3.30000000e-01 -1.03391723e-17 -3.30000000e-01  1.11000000e+00 
-3.40000000e-01  1.51000000e+00 -3.40000000e-01 -1.39902607e-17 -3.40000000e-01  1.11000000e+00 
-3.50000000e-01  1.50000000e+00 -3.50000000e-01 -1.89306561e-17 -3.50000000e-01  1.11000000e+00 
-3.60000000e-01  1.49000000e+00 -3.60000000e-01 -2.56156462e-17 -3.60000000e-01  1.11000000e+00 
-3.70000000e-01  1.48000000e+00 -3.70000000e-01 -3.46612903e-17 -3.70000000e-01  1.11000000e+00 
-3.80000000e-01  1.47000000e+00 -3.80000000e-01 -4.69011892e-17 -3.80000000e-01  1.11000000e+00 
-3.90000000e-01  1.46000000e+00 -3.90000000e-01 -6.34633009e-17 -3.90000000e-01  1.11000000e+00 
-4.00000000e-01  1.45000000e+00 -4.00000000e-01 -8.58738791e-17 -4.00000000e-01  1.11000000e+00 
-4.10000000e-01  1.44000000e+00 -4.10000000e-01 -1.16198110e-16 -4.10000000e-01  1.11000000e+00 
-4.20000000e-01  1.43000000e+00 -4.20000000e-01 -1.57230406e-16 -4.20000000e-01  1.11000000e+00 
-4.30000000e-01  1.42000000e+00 -4.30000000e-01 -2.12751881e-16 -4.30000000e-01  1.11000000e+00 
-4.40000000e-01  1.41000000e+00 -4.40000000e-01 -2.87878736e-16 -4.40000000e-01  1.11000000e+00 
-4.50000000e-01  1.40000000e+00 -4.50000000e-01 -3.89533631e-16 -4.50000000e-01  1.11000000e+00 
-4.60000000e-01  1.39000000e+00 -4.60000000e-01 -5.27083465e-16 -4.60000000e-01  1.11000000e+00 
-4.70000000e-01  1.38000000e+00 -4.70000000e-01 -7.13202298e-16 -4.70000000e-01  1.11000000e+00 
-4.80000000e-01  1.37000000e+00 -4.80000000e-01 -9.65038865e-16 -4.80000000e-01  1.11000000e+00 
-4.90000000e-01  1.36000000e+00 -4.90000000e-01 -1.30579619e-15 -4.90000000e-01  1.11000000e+00 
-5.00000000e-01  1.35000000e+00 -5.00000000e-01 -1.76686868e-15 -5.00000000e-01  1.11000000e+00 
-5.10000000e-01  1.34000000e+00 -5.10000000e-01 -2.39073339e-15 -5.10000000e-01  1.11000000e+00 
-5.20000000e-01  1.33000000e+00 -5.20000000e-01 -3.23486155e-15 -5.20000000e-01  1.11000000e+00 
-5.30000000e-01  1.32000000e+00 -5.30000000e-01 -4.37700984e-15 -5.30000000e-01  1.11000000e+00 
-5.40000000e-01  1.31000000e+00 -5.40000000e-01 -5.92237841e-15 -5.40000000e-01  1.11000000e+00 
-5.50000000e-01  1.30000000e+00 -5.50000000e-01 -8.01329399e-15 -5.50000000e-01  1.11000000e+00 
-5.60000000e-01  1.29000000e+00 -5.60000000e-01 -1.08423069e-14 -5.60000000e-01  1.11000000e+00 
-5.70000000e-01  1.28000000e+00 -5.70000000e-01 -1.46699056e-14 -5.70000000e-01  1.11000000e+00 
-5.80000000e-01  1.27000000e+00 -5.80000000e-01 -1.98484750e-14 -5.80000000e-01  1.11000000e+00 
-5.90000000e-01  1.26000000e+00 -5.90000000e-01 -2.68546954e-14 -5.90000000e-01  1.11000000e+00 
-6.00000000e-01  1.25000000e+00 -6.00000000e-01 -3.63333544e-14 -6.00000000e-01  1.11000000e+00 
-6.10000000e-01  1.24000000e+00 -6.10000000e-01 -4.91565814e-14 -6.10000000e-01  1.11000000e+00 
-6.20000000e-01  1.23000000e+00 -6.20000000e-01 -6.65039277e-14 -6.20000000e-01  1.11000000e+00 
-6.30000000e-01  1.22000000e+00 -6.30000000e-01 -8.99706090e-14 -6.30000000e-01  1.11000000e+00 
-6.40000000e-01  1.21000000e+00 -6.40000000e-01 -1.21713790e-13 -6.40000000e-01  1.11000000e+00 
-6.50000000e-01  1.20000000e+00 -6.50000000e-01 -1.64650245e-13 -6.50000000e-01  1.11000000e+00 
-6.60000000e-01  1.19000000e+00 -6.60000000e-01 -2.22723362e-13 -6.60000000e-01  1.11000000e+00 
-6.70000000e-01  1.18000000e+00 -6.70000000e-01 -3.01263749e-13 -6.70000000e-01  1.11000000e+00 
-6.80000000e-01  1.17000000e+00 -6.80000000e-01 -4.07476065e-13 -6.80000000e-01  1.11000000e+00 
-6.90000000e-01  1.16000000e+00 -6.90000000e-01 -5.51096057e-13 -6.90000000e-01  1.11000000e+00 
-7.00000000e-01  1.15000000e+00 -7.00000000e-01 -7.45276911e-13 -7.00000000e-01  1.11000000e+00 
-7.10000000e-01  1.14000000e+00 -7.10000000e-01 -1.00778440e-12 -7.10000000e-01  1.11000000e+00 
-7.20000000e-01  1.13000000e+00 -7.20000000e-01 -1.36260746e-12 -7.20000000e-01  1.11000000e+00 
-7.30000000e-01  1.12000000e+00 -7.30000000e-01 -1.84212729e-12 -7.30000000e-01  1.11000000e+00 
-7.40000000e-01  1.11000000e+00 -7.40000000e-01 -2.49003633e-12 -7.40000000e-01  1.11000000e+00 
-7.50000000e-01  1.10000000e+00 -7.50000000e-01 -3.36526320e-12 -7.50000000e-01  1.11000000e+00 
-7.60000000e-01  1.09000000e+00 -7.60000000e-01 -4.54724497e-12 -7.60000000e-01  1.11000000e+00 
-7.70000000e-01  1.08000000e+00 -7.70000000e-01 -6.14300126e-12 -7.70000000e-01  1.11000000e+00 
-7.80000000e-01  1.07000000e+00 -7.80000000e-01 -8.29661407e-12 -7.80000000e-01  1.11000000e+00 
-7.90000000e-01  1.06000000e+00 -7.90000000e-01 -1.12019126e-11 -7.90000000e-01  1.11000000e+00 
-8.00000000e-01  1.05000000e+00 -8.00000000e-01 -1.51194188e-11 -8.00000000e-01  1.11000000e+00 
-8.10000000e-01  1.04000000e+00 -8.10000000e-01 -2.03989432e-11 -8.10000000e-01  1.11000000e+00 
-8.20000000e-01  1.03000000e+00 -8.20000000e-01 -2.75096519e-11 -8.20000000e-01  1.11000000e+00 
-8.30000000e-01  1.02000000e+00 -8.30000000e-01 -3.70799829e-11 -8.30000000e-01  1.11000000e+00 
-8.40000000e-01  1.01000000e+00 -8.40000000e-01 -4.99505066e-11 -8.40000000e-01  1.11000000e+00 
-8.50000000e-01  1.00000000e+00 -8.50000000e-01 -6.72437352e-11 -8.50000000e-01  1.11000000e+00 
-8.60000000e-01  9.90000000e-01 -8.60000000e-01 -9.04560518e-11 -8.60000000e-01  1.11000000e+00 
-8.70000000e-01  9.80000000e-01 -8.70000000e-01 -1.21578407e-10 -8.70000000e-01  1.11000000e+00 
-8.80000000e-01  9.70000000e-01 -8.80000000e-01 -1.63254320e-10 -8.80000000e-01  1.11000000e+00 
-8.90000000e-01  9.60000000e-01 -8.90000000e-01 -2.18986125e-10 -8.90000000e-01  1.11000000e+00 
-9.00000000e-01  9.50000000e-01 -9.00000000e-01 -2.93403582e-10 -9.00000000e-01  1.11000000e+00 
-9.10000000e-01  9.40000000e-01 -9.10000000e-01 -3.92613068e-10 -9.10000000e-01  1.11000000e+00 
-9.20000000e-01  9.30000000e-01 -9.20000000e-01 -5.24651236e-10 -9.20000000e-01  1.11000000e+00 
-9.30000000e-01  9.20000000e-01 -9.30000000e-01 -7.00074781e-10 -9.30000000e-01  1.11000000e+00 
-9.40000000e-01  9.10000000e-01 -9.40000000e-01 -9.32728941e-10 -9.40000000e-01  1.11000000e+00 
-9.50000000e-01  9.00000000e-01 -9.50000000e-01 -1.24075309e-09 -9.50000000e-01  1.11000000e+00 
-9.60000000e-01  8.90000000e-01 -9.60000000e-01 -1.64790428e-09 -9.60000000e-01  1.11000000e+00 
-9.70000000e-01  8.80000000e-01 -9.70000000e-01 -2.18531125e-09 -9.70000000e-01  1.11000000e+00 
-9.80000000e-01  8.70000000e-01 -9.80000000e-01 -2.89381506e-09 -9.80000000e-01  1.11000000e+00 
-9.90000000e-01  8.60000000e-01 -9.90000000e-01 -3.82710935e-09 -9.90000000e-01  1.11000000e+00 
-1.00000000e+00  8.50000000e-01 -1.00000000e+00 -5.05596272e-09 -1.00000000e+00  1.11000000e+00 
-1.01000000e+00  8.40000000e-01 -1.01000000e+00 -6.67388248e-09 -1.01000000e+00  1.11000000e+00 
-1.02000000e+00  8.30000000e-01 -1.02000000e+00 -8.80464899e-09 -1.02000000e+00  1.11000000e+00 
-1.03000000e+00  8.20000000e-01 -1.03000000e+00 -1.16121903e-08 -1.03000000e+00  1.11000000e+00 
-1.04000000e+00  8.10000000e-01 -1.04000000e+00 -1.53132439e-08 -1.04000000e+00  1.11000000e+00 
-1.05000000e+00  8.00000000e-01 -1.05000000e+00 -2.01931244e-08 -1.05000000e+00  1.11000000e+00 
-1.06000000e+00  7.90000000e-01 -1.06000000e+00 -2.66246468e-08 -1.06000000e+00  1.11000000e+00 
-1.07000000e+00  7.80000000e-01 -1.07000000e+00 -3.50898153e-08 -1.07000000e+00  1.11000000e+00 
-1.08000000e+00  7.70000000e-01 -1.08000000e+00 -4.62032953e-08 -1.08000000e+00  1.11000000e+00 
-1.09000000e+00  7.60000000e-01 -1.09000000e+00 -6.07359876e-08 -1.09000000e+00  1.11000000e+00 
-1.10000000e+00  7.50000000e-01 -1.10000000e+00 -7.96363302e-08 -1.10000000e+00  1.11000000e+00 
-1.11000000e+00  7.40000000e-01 -1.11000000e+00 -1.04046407e-07 -1.11000000e+00  1.11000000e+00 
-1.12000000e+00  7.30000000e-01 -1.12000000e+00 -1.35309715e-07 -1.12000000e+00  1.11000000e+00 
-1.13000000e+00  7.20000000e-01 -1.13000000e+00 -1.74967657e-07 -1.13000000e+00  1.11000000e+00 
-1.14000000e+00  7.10000000e-01 -1.14000000e+00 -2.24742574e-07 -1.14000000e+00  1.11000000e+00 
-1.15000000e+00  7.00000000e-01 -1.15000000e+00 -2.86506405e-07 -1.15000000e+00  1.11000000e+00 
-1.16000000e+00  6.90000000e-01 -1.16000000e+00 -3.62235637e-07 -1.16000000e+00  1.11000000e+00 
-1.17000000e+00  6.80000000e-01 -1.17000000e+00 -4.53954996e-07 -1.17000000e+00  1.11000000e+00 
-1.18000000e+00  6.70000000e-01 -1.18000000e+00 -5.63673827e-07 -1.18000000e+00  1.11000000e+00 
-1.19000000e+00  6.60000000e-01 -1.19000000e+00 -6.93320208e-07 -1.19000000e+00  1.11000000e+00 
-1.20000000e+00  6.50000000e-01 -1.20000000e+00 -8.44678186e-07 -1.20000000e+00  1.11000000e+00 
-1.21000000e+00  6.40000000e-01 -1.21000000e+00 -1.01933312e-06 -1.21000000e+00  1.11000000e+00 
-1.22000000e+00  6.30000000e-01 -1.22000000e+00 -1.21862906e-06 -1.22000000e+00  1.11000000e+00 
-1.23000000e+00  6.20000000e-01 -1.23000000e+00 -1.44364052e-06 -1.23000000e+00  1.11000000e+00 
-1.24000000e+00  6.10000000e-01 -1.24000000e+00 -1.69515937e-06 -1.24000000e+00  1.11000000e+00 
-1.25000000e+00  6.00000000e-01 -1.25000000e+00 -1.97369604e-06 -1.25000000e+00  1.11000000e+00 
-1.26000000e+00  5.90000000e-01 -1.26000000e+00 -2.27949297e-06 -1.26000000e+00  1.11000000e+00 
-1.27000000e+00  5.80000000e-01 -1.27000000e+00 -2.61254754e-06 -1.27000000e+00  1.11000000e+00 
-1.28000000e+00  5.70000000e-01 -1.28000000e+00 -2.97264141e-06 -1.28000000e+00  1.11000000e+00 
-1.29000000e+00  5.60000000e-01 -1.29000000e+00 -3.35937335e-06 -1.29000000e+00  1.11000000e+00 
-1.30000000e+00  5.50000000e-01 -1.30000000e+00 -3.77219304e-06 -1.30000000e+00  1.11000000e+00 
-1.31000000e+00  5.40000000e-01 -1.31000000e+00 -4.21043368e-06 -1.31000000e+00  1.11000000e+00 
-1.32000000e+00  5.30000000e-01 -1.32000000e+00 -4.67334215e-06 -1.32000000e+00  1.11000000e+00 
-1.33000000e+00  5.20000000e-01 -1.33000000e+00 -5.16010568e-06 -1.33000000e+00  1.11000000e+00 
-1.34000000e+00  5.10000000e-01 -1.34000000e+00 -5.66987466e-06 -1.34000000e+00  1.11000000e+00 
-1.35000000e+00  5.00000000e-01 -1.35000000e+00 -6.20178153e-06 -1.35000000e+00  1.11000000e+00 
-1.36000000e+00  4.90000000e-01 -1.36000000e+00 -6.75495591e-06 -1.36000000e+00  1.11000000e+00 
-1.37000000e+00  4.80000000e-01 -1.37000000e+00 -7.32853631e-06 -1.37000000e+00  1.11000000e+00 
-1.38000000e+00  4.70000000e-01 -1.38000000e+00 -7.92167885e-06 -1.38000000e+00  1.11000000e+00 
-1.39000000e+00  4.60000000e-01 -1.39000000e+00 -8.53356350e-06 -1.39000000e+00  1.11000000e+00 
-1.40000000e+00  4.50000000e-01 -1.40000000e+00 -9.16339824e-06 -1.40000000e+00  1.11000000e+00 
-1.41000000e+00  4.40000000e-01 -1.41000000e+00 -9.81042152e-06 -1.41000000e+00  1.11000000e+00 
-1.42000000e+00  4.30000000e-01 -1.42000000e+00 -1.04739035e-05 -1.42000000e+00  1.11000000e+00 
-1.43000000e+00  4.20000000e-01 -1.43000000e+00 -1.11531464e-05 -1.43000000e+00  1.11000000e+00 
-1.44000000e+00  4.10000000e-01 -1.44000000e+00 -1.18474839e-05 -1.44000000e+00  1.11000000e+00 
-1.45000000e+00  4.00000000e-01 -1.45000000e+00 -1.25562802e-05 -1.45000000e+00  1.11000000e+00 
-1.46000000e+00  3.90000000e-01 -1.46000000e+00 -1.32789289e-05 -1.46000000e+00  1.11000000e+00 
-1.47000000e+00  3.80000000e-01 -1.47000000e+00 -1.40148514e-05 -1.47000000e+00  1.11000000e+00 
-1.48000000e+00  3.70000000e-01 -1.48000000e+00 -1.47634953e-05 -1.48000000e+00  1.11000000e+00 
-1.49000000e+00  3.60000000e-01 -1.49000000e+00 -1.55243331e-05 -1.49000000e+00  1.11000000e+00 
-1.50000000e+00  3.50000000e-01 -1.50000000e+00 -1.62968602e-05 -1.50000000e+00  1.11000000e+00 
-1.51000000e+00  3.40000000e-01 -1.51000000e+00 -1.70805937e-05 -1.51000000e+00  1.11000000e+00 
-1.52000000e+00  3.30000000e-01 -1.52000000e+00 -1.78750709e-05 -1.52000000e+00  1.11000000e+00 
-1.53000000e+00  3.20000000e-01 -1.53000000e+00 -1.86798478e-05 -1.53000000e+00  1.11000000e+00 
-1.54000000e+00  3.10000000e-01 -1.54000000e+00 -1.94944984e-05 -1.54000000e+00  1.11000000e+00 
-1.55000000e+00  3.00000000e-01 -1.55000000e+00 -2.03186127e-05 -1.55000000e+00  1.11000000e+00 
-1.56000000e+00  2.90000000e-01 -1.56000000e+00 -2.11517966e-05 -1.56000000e+00  1.11000000e+00 
-1.57000000e+00  2.80000000e-01 -1.57000000e+00 -2.19936701e-05 -1.57000000e+00  1.11000000e+00 
-1.58000000e+00  2.70000000e-01 -1.58000000e+00 -2.28438672e-05 -1.58000000e+00  1.11000000e+00 
-1.59000000e+00  2.60000000e-01 -1.59000000e+00 -2.37020347e-05 -1.59000000e+00  1.11000000e+00 
-1.60000000e+00  2.50000000e-01 -1.60000000e+00 -2.45678316e-05 -1.60000000e+00  1.11000000e+00 
-1.61000000e+00  2.40000000e-01 -1.61000000e+00 -2.54409283e-05 -1.61000000e+00  1.11000000e+00 
-1.62000000e+00  2.30000000e-01 -1.62000000e+00 -2.63210063e-05 -1.62000000e+00  1.11000000e+00 
-1.63000000e+00  2.20000000e-01 -1.63000000e+00 -2.72077577e-05 -1.63000000e+00  1.11000000e+00 
-1.64000000e+00  2.10000000e-01 -1.64000000e+00 -2.81008844e-05 -1.64000000e+00  1.11000000e+00 
-1.65000000e+00  2.00000000e-01 -1.65000000e+00 -2.90000978e-05 -1.65000000e+00  1.11000000e+00 
-1.66000000e+00  1.90000000e-01 -1.66000000e+00 -2.99051186e-05 -1.66000000e+00  1.11000000e+00 
-1.67000000e+00  1.80000000e-01 -1.67000000e+00 -3.08156760e-05 -1.67000000e+00  1.11000000e+00 
-1.68000000e+00  1.70000000e-01 -1.68000000e+00 -3.17315080e-05 -1.68000000e+00  1.11000000e+00 
-1.69000000e+00  1.60000000e-01 -1.69000000e+00 -3.26523602e-05 -1.69000000e+00  1.11000000e+00 
-1.70000000e+00  1.50000000e-01 -1.70000000e+00 -3.35779864e-05 -1.70000000e+00  1.11000000e+00 
-1.71000000e+00  1.40000000e-01 -1.71000000e+00 -3.45081476e-05 -1.71000000e+00  1.11000000e+00 
-1.72000000e+00  1.30000000e-01 -1.72000000e+00 -3.54426121e-05 -1.72000000e+00  1.11000000e+00 
-1.73000000e+00  1.20000000e-01 -1.73000000e+00 -3.63811552e-05 -1.73000000e+00  1.11000000e+00 
-1.74000000e+00  1.10000000e-01 -1.74000000e+00 -3.73235590e-05 -1.74000000e+00  1.11000000e+00 
-1.75000000e+00  1.00000000e-01 -1.75000000e+00 -3.82696117e-05 -1.75000000e+00  1.11000000e+00 
-1.76000000e+00  9.00000000e-02 -1.76000000e+00 -3.92191080e-05 -1.76000000e+00  1.11000000e+00 
-1.77000000e+00  8.00000000e-02 -1.77000000e+00 -4.01718487e-05 -1.77000000e+00  1.11000000e+00 
-1.78000000e+00  7.00000000e-02 -1.78000000e+00 -4.11276401e-05 -1.78000000e+00  1.11000000e+00 
-1.79000000e+00  6.00000000e-02 -1.79000000e+00 -4.20862943e-05 -1.79000000e+00  1.11000000e+00 
-1.80000000e+00  5.00000000e-02 -1.80000000e+00 -4.30476286e-05 -1.80000000e+00  1.11000000e+00 
-1.81000000e+00  4.00000000e-02 -1.81000000e+00 -4.40114656e-05 -1.81000000e+00  1.11000000e+00 
-1.82000000e+00  3.00000000e-02 -1.82000000e+00 -4.49776329e-05 -1.82000000e+00  1.11000000e+00 
-1.83000000e+00  2.00000000e-02 -1.83000000e+00 -4.59459627e-05 -1.83000000e+00  1.11000000e+00 
-1.84000000e+00  1.00000000e-02 -1.84000000e+00 -4.69162918e-05 -1.84000000e+00  1.11000000e+00 
-1.85000000e+00 -1.33226763e-15 -1.85000000e+00 -4.78884615e-05 -1.85000000e+00  1.11000000e+00 
