 0.00000000e+00  1.85000000e+00  0.00000000e+00 -4.44232718e-22  0.00000000e+00  7.40000000e-01 
-1.00000000e-02  1.84000000e+00 -1.00000000e-02 -6.01106822e-22 -1.00000000e-02  7.40000000e-01 
-2.00000000e-02  1.83000000e+00 -2.00000000e-02 -8.13378660e-22 -2.00000000e-02  7.40000000e-01 
-3.00000000e-02  1.82000000e+00 -3.00000000e-02 -1.10061110e-21 -3.00000000e-02  7.40000000e-01 
-4.00000000e-02  1.81000000e+00 -4.00000000e-02 -1.48927536e-21 -4.00000000e-02  7.40000000e-01 
-5.00000000e-02  1.80000000e+00 -5.00000000e-02 -2.01519054e-21 -5.00000000e-02  7.40000000e-01 
-6.00000000e-02  1.79000000e+00 -6.00000000e-02 -2.72682474e-21 -6.00000000e-02  7.40000000e-01 
-7.00000000e-02  1.78000000e+00 -7.00000000e-02 -3.68976183e-21 -7.00000000e-02  7.40000000e-01 
-8.00000000e-02  1.77000000e+00 -8.00000000e-02 -4.99274561e-21 -8.00000000e-02  7.40000000e-01 
-9.00000000e-02  1.76000000e+00 -9.00000000e-02 -6.75585840e-21 -9.00000000e-02  7.40000000e-01 
-1.00000000e-01  1.75000000e+00 -1.00000000e-01 -9.14158782e-21 -1.00000000e-01  7.40000000e-01 
-1.10000000e-01  1.74000000e+00 -1.10000000e-01 -1.23698014e-20 -1.10000000e-01  7.40000000e-01 
-1.20000000e-01  1.73000000e+00 -1.20000000e-01 -1.67380096e-20 -1.20000000e-01  7.40000000e-01 
-1.30000000e-01  1.72000000e+00 -1.30000000e-01 -2.26487842e-20 -1.30000000e-01  7.40000000e-01 
-1.40000000e-01  1.71000000e+00 -1.40000000e-01 -3.06468588e-20 -1.40000000e-01  7.40000000e-01 
-1.50000000e-01  1.70000000e+00 -1.50000000e-01 -4.14693312e-20 -1.50000000e-01  7.40000000e-01 
-1.60000000e-01  1.69000000e+00 -1.60000000e-01 -5.61135939e-20 -1.60000000e-01  7.40000000e-01 
-1.70000000e-01  1.68000000e+00 -1.70000000e-01 -7.59292529e-20 -1.70000000e-01  7.40000000e-01 
-1.80000000e-01  1.67000000e+00 -1.80000000e-01 -1.02742506e-19 -1.80000000e-01  7.40000000e-01 
-1.90000000e-01  1.66000000e+00 -1.90000000e-01 -1.39024445e-19 -1.90000000e-01  7.40000000e-01 
-2.00000000e-01  1.65000000e+00 -2.00000000e-01 -1.88118784e-19 -2.00000000e-01  7.40000000e-01 
-2.10000000e-01  1.64000000e+00 -2.10000000e-01 -2.54550020e-19 -2.10000000e-01  7.40000000e-01 
-2.20000000e-01  1.63000000e+00 -2.20000000e-01 -3.44440399e-19 -2.20000000e-01  7.40000000e-01 
-2.30000000e-01  1.62000000e+00 -2.30000000e-01 -4.66074136e-19 -2.30000000e-01  7.40000000e-01 
-2.40000000e-01  1.61000000e+00 -2.40000000e-01 -6.30660874e-19 -2.40000000e-01  7.40000000e-01 
-2.50000000e-01  1.60000000e+00 -2.50000000e-01 -8.53368748e-19 -2.50000000e-01  7.40000000e-01 
-2.60000000e-01  1.59000000e+00 -2.60000000e-01 -1.15472225e-18 -2.60000000e-01  7.40000000e-01 
-2.70000000e-01  1.58000000e+00 -2.70000000e-01 -1.56249372e-18 -2.70000000e-01  7.40000000e-01 
-2.80000000e-01  1.57000000e+00 -2.80000000e-01 -2.11426279e-18 -2.80000000e-01  7.40000000e-01 
-2.90000000e-01  1.56000000e+00 -2.90000000e-01 -2.86087960e-18 -2.90000000e-01  7.40000000e-01 
-3.00000000e-01  1.55000000e+00 -3.00000000e-01 -3.87115099e-18 -3.00000000e-01  7.40000000e-01 
-3.10000000e-01  1.54000000e+00 -3.10000000e-01 -5.23818152e-18 -3.10000000e-01  7.40000000e-01 
-3.20000000e-01  1.53000000e+00 -3.20000000e-01 -7.08795356e-18 -3.20000000e-01  7.40000000e-01 
-3.30000000e-01  1.52000000e+00 -3.30000000e-01 -9.59093730e-18 -3.30000000e-01  7.40000000e-01 
-3.40000000e-01  1.51000000e+00 -3.40000000e-01 -1.29778003e-17 -3.40000000e-01  7.40000000e-01 
-3.50000000e-01  1.50000000e+00 -3.50000000e-01 -1.75606644e-17 -3.50000000e-01  7.40000000e-01 
-3.60000000e-01  1.49000000e+00 -3.60000000e-01 -2.37618688e-17 -3.60000000e-01  7.40000000e-01 
-3.70000000e-01  1.48000000e+00 -3.70000000e-01 -3.21528892e-17 -3.70000000e-01  7.40000000e-01 
-3.80000000e-01  1.47000000e+00 -3.80000000e-01 -4.35069995e-17 -3.80000000e-01  7.40000000e-01 
-3.90000000e-01  1.46000000e+00 -3.90000000e-01 -5.88705286e-17 -3.90000000e-01  7.40000000e-01 
-4.00000000e-01  1.45000000e+00 -4.00000000e-01 -7.96592768e-17 -4.00000000e-01  7.40000000e-01 
-4.10000000e-01  1.44000000e+00 -4.10000000e-01 -1.07788975e-16 -4.10000000e-01  7.40000000e-01 
-4.20000000e-01  1.43000000e+00 -4.20000000e-01 -1.45851807e-16 -4.20000000e-01  7.40000000e-01 
-4.30000000e-01  1.42000000e+00 -4.30000000e-01 -1.97355251e-16 -4.30000000e-01  7.40000000e-01 
-4.40000000e-01  1.41000000e+00 -4.40000000e-01 -2.67045255e-16 -4.40000000e-01  7.40000000e-01 
-4.50000000e-01  1.40000000e+00 -4.50000000e-01 -3.61343492e-16 -4.50000000e-01  7.40000000e-01 
-4.60000000e-01  1.39000000e+00 -4.60000000e-01 -4.88938990e-16 -4.60000000e-01  7.40000000e-01 
-4.70000000e-01  1.38000000e+00 -4.70000000e-01 -6.61588598e-16 -4.70000000e-01  7.40000000e-01 
-4.80000000e-01  1.37000000e+00 -4.80000000e-01 -8.95200019e-16 -4.80000000e-01  7.40000000e-01 
-4.90000000e-01  1.36000000e+00 -4.90000000e-01 -1.21129710e-15 -4.90000000e-01  7.40000000e-01 
-5.00000000e-01  1.35000000e+00 -5.00000000e-01 -1.63900225e-15 -5.00000000e-01  7.40000000e-01 
-5.10000000e-01  1.34000000e+00 -5.10000000e-01 -2.21771854e-15 -5.10000000e-01  7.40000000e-01 
-5.20000000e-01  1.33000000e+00 -5.20000000e-01 -3.00075803e-15 -5.20000000e-01  7.40000000e-01 
-5.30000000e-01  1.32000000e+00 -5.30000000e-01 -4.06025027e-15 -5.30000000e-01  7.40000000e-01 
-5.40000000e-01  1.31000000e+00 -5.40000000e-01 -5.49378216e-15 -5.40000000e-01  7.40000000e-01 
-5.50000000e-01  1.30000000e+00 -5.50000000e-01 -7.43338042e-15 -5.50000000e-01  7.40000000e-01 
-5.60000000e-01  1.29000000e+00 -5.60000000e-01 -1.00576607e-14 -5.60000000e-01  7.40000000e-01 
-5.70000000e-01  1.28000000e+00 -5.70000000e-01 -1.36082603e-14 -5.70000000e-01  7.40000000e-01 
-5.80000000e-01  1.27000000e+00 -5.80000000e-01 -1.84120622e-14 -5.80000000e-01  7.40000000e-01 
-5.90000000e-01  1.26000000e+00 -5.90000000e-01 -2.49112503e-14 -5.90000000e-01  7.40000000e-01 
-6.00000000e-01  1.25000000e+00 -6.00000000e-01 -3.37039496e-14 -6.00000000e-01  7.40000000e-01 
-6.10000000e-01  1.24000000e+00 -6.10000000e-01 -4.55991746e-14 -6.10000000e-01  7.40000000e-01 
-6.20000000e-01  1.23000000e+00 -6.20000000e-01 -6.16911144e-14 -6.20000000e-01  7.40000000e-01 
-6.30000000e-01  1.22000000e+00 -6.30000000e-01 -8.34595417e-14 -6.30000000e-01  7.40000000e-01 
-6.40000000e-01  1.21000000e+00 -6.40000000e-01 -1.12905512e-13 -6.40000000e-01  7.40000000e-01 
-6.50000000e-01  1.20000000e+00 -6.50000000e-01 -1.52734717e-13 -6.50000000e-01  7.40000000e-01 
-6.60000000e-01  1.19000000e+00 -6.60000000e-01 -2.06605174e-13 -6.60000000e-01  7.40000000e-01 
-6.70000000e-01  1.18000000e+00 -6.70000000e-01 -2.79461732e-13 -6.70000000e-01  7.40000000e-01 
-6.80000000e-01  1.17000000e+00 -6.80000000e-01 -3.77987677e-13 -6.80000000e-01  7.40000000e-01 
-6.90000000e-01  1.16000000e+00 -6.90000000e-01 -5.11214228e-13 -6.90000000e-01  7.40000000e-01 
-7.00000000e-01  1.15000000e+00 -7.00000000e-01 -6.91342761e-13 -7.00000000e-01  7.40000000e-01 
-7.10000000e-01  1.14000000e+00 -7.10000000e-01 -9.34853483e-13 -7.10000000e-01  7.40000000e-01 
-7.20000000e-01  1.13000000e+00 -7.20000000e-01 -1.26399952e-12 -7.20000000e-01  7.40000000e-01 
-7.30000000e-01  1.12000000e+00 -7.30000000e-01 -1.70881909e-12 -7.30000000e-01  7.40000000e-01 
-7.40000000e-01  1.11000000e+00 -7.40000000e-01 -2.30984345e-12 -7.40000000e-01  7.40000000e-01 
-7.50000000e-01  1.10000000e+00 -7.50000000e-01 -3.12173805e-12 -7.50000000e-01  7.40000000e-01 
-7.60000000e-01  1.09000000e+00 -7.60000000e-01 -4.21819376e-12 -7.60000000e-01  7.40000000e-01 
-7.70000000e-01  1.08000000e+00 -7.70000000e-01 -5.69849006e-12 -7.70000000e-01  7.40000000e-01 
-7.80000000e-01  1.07000000e+00 -7.80000000e-01 -7.69629046e-12 -7.80000000e-01  7.40000000e-01 
-7.90000000e-01  1.06000000e+00 -7.90000000e-01 -1.03914126e-11 -7.90000000e-01  7.40000000e-01 
-8.00000000e-01  1.05000000e+00 -8.00000000e-01 -1.40255532e-11 -8.00000000e-01  7.40000000e-01 
-8.10000000e-01  1.04000000e+00 -8.10000000e-01 -1.89232589e-11 -8.10000000e-01  7.40000000e-01 
-8.20000000e-01  1.03000000e+00 -8.20000000e-01 -2.55198359e-11 -8.20000000e-01  7.40000000e-01 
-8.30000000e-01  1.02000000e+00 -8.30000000e-01 -3.43984117e-11 -8.30000000e-01  7.40000000e-01 
-8.40000000e-01  1.01000000e+00 -8.40000000e-01 -4.63390294e-11 -8.40000000e-01  7.40000000e-01 
-8.50000000e-01  1.00000000e+00 -8.50000000e-01 -6.23835135e-11 -8.50000000e-01  7.40000000e-01 
-8.60000000e-01  9.90000000e-01 -8.60000000e-01 -8.39209376e-11 -8.60000000e-01  7.40000000e-01 
-8.70000000e-01  9.80000000e-01 -8.70000000e-01 -1.12799926e-10 -8.70000000e-01  7.40000000e-01 
-8.80000000e-01  9.70000000e-01 -8.80000000e-01 -1.51475818e-10 -8.80000000e-01  7.40000000e-01 
-8.90000000e-01  9.60000000e-01 -8.90000000e-01 -2.03203045e-10 -8.90000000e-01  7.40000000e-01 
-9.00000000e-01  9.50000000e-01 -9.00000000e-01 -2.72286127e-10 -9.00000000e-01  7.40000000e-01 
-9.10000000e-01  9.40000000e-01 -9.10000000e-01 -3.64406763e-10 -9.10000000e-01  7.40000000e-01 
-9.20000000e-01  9.30000000e-01 -9.20000000e-01 -4.87050087e-10 -9.20000000e-01  7.40000000e-01 
-9.30000000e-01  9.20000000e-01 -9.30000000e-01 -6.50060955e-10 -9.30000000e-01  7.40000000e-01 
-9.40000000e-01  9.10000000e-01 -9.40000000e-01 -8.66372275e-10 -9.40000000e-01  7.40000000e-01 
-9.50000000e-01  9.00000000e-01 -9.50000000e-01 -1.15296339e-09 -9.50000000e-01  7.40000000e-01 
-9.60000000e-01  8.90000000e-01 -9.60000000e-01 -1.53212955e-09 -9.60000000e-01  7.40000000e-01 
-9.70000000e-01  8.80000000e-01 -9.70000000e-01 -2.03317591e-09 -9.70000000e-01  7.40000000e-01 
-9.80000000e-01  8.70000000e-01 -9.80000000e-01 -2.69469417e-09 -9.80000000e-01  7.40000000e-01 
-9.90000000e-01  8.60000000e-01 -9.90000000e-01 -3.56763811e-09 -9.90000000e-01  7.40000000e-01 
-1.00000000e+00  8.50000000e-01 -1.00000000e+00 -4.71948529e-09 -1.00000000e+00  7.40000000e-01 
-1.01000000e+00  8.40000000e-01 -1.01000000e+00 -6.23985034e-09 -1.01000000e+00  7.40000000e-01 
-1.02000000e+00  8.30000000e-01 -1.02000000e+00 -8.24798650e-09 -1.02000000e+00  7.40000000e-01 
-1.03000000e+00  8.20000000e-01 -1.03000000e+00 -1.09026533e-08 -1.03000000e+00  7.40000000e-01 
-1.04000000e+00  8.10000000e-01 -1.04000000e+00 -1.44148051e-08 -1.04000000e+00  7.40000000e-01 
-1.05000000e+00  8.00000000e-01 -1.05000000e+00 -1.90634255e-08 -1.05000000e+00  7.40000000e-01 
-1.06000000e+00  7.90000000e-01 -1.06000000e+00 -2.52145608e-08 -1.06000000e+00  7.40000000e-01 
-1.07000000e+00  7.80000000e-01 -1.07000000e+00 -3.33431623e-08 -1.07000000e+00  7.40000000e-01 
-1.08000000e+00  7.70000000e-01 -1.08000000e+00 -4.40567492e-08 -1.08000000e+00  7.40000000e-01 
-1.09000000e+00  7.60000000e-01 -1.09000000e+00 -5.81192003e-08 -1.09000000e+00  7.40000000e-01 
-1.10000000e+00  7.50000000e-01 -1.10000000e+00 -7.64722858e-08 -1.10000000e+00  7.40000000e-01 
-1.11000000e+00  7.40000000e-01 -1.11000000e+00 -1.00252000e-07 -1.11000000e+00  7.40000000e-01 
-1.12000000e+00  7.30000000e-01 -1.12000000e+00 -1.30796525e-07 -1.12000000e+00  7.40000000e-01 
-1.13000000e+00  7.20000000e-01 -1.13000000e+00 -1.69642879e-07 -1.13000000e+00  7.40000000e-01 
-1.14000000e+00  7.10000000e-01 -1.14000000e+00 -2.18510052e-07 -1.14000000e+00  7.40000000e-01 
-1.15000000e+00  7.00000000e-01 -1.15000000e+00 -2.79267681e-07 -1.15000000e+00  7.40000000e-01 
-1.16000000e+00  6.90000000e-01 -1.16000000e+00 -3.53890974e-07 -1.16000000e+00  7.40000000e-01 
-1.17000000e+00  6.80000000e-01 -1.17000000e+00 -4.44404286e-07 -1.17000000e+00  7.40000000e-01 
-1.18000000e+00  6.70000000e-01 -1.18000000e+00 -5.52817340e-07 -1.18000000e+00  7.40000000e-01 
-1.19000000e+00  6.60000000e-01 -1.19000000e+00 -6.81059147e-07 -1.19000000e+00  7.40000000e-01 
-1.20000000e+00  6.50000000e-01 -1.20000000e+00 -8.30915011e-07 -1.20000000e+00  7.40000000e-01 
-1.21000000e+00  6.40000000e-01 -1.21000000e+00 -1.00397166e-06 -1.21000000e+00  7.40000000e-01 
-1.22000000e+00  6.30000000e-01 -1.22000000e+00 -1.20157440e-06 -1.22000000e+00  7.40000000e-01 
-1.23000000e+00  6.20000000e-01 -1.23000000e+00 -1.42479873e-06 -1.23000000e+00  7.40000000e-01 
-1.24000000e+00  6.10000000e-01 -1.24000000e+00 -1.67443706e-06 -1.24000000e+00  7.40000000e-01 
-1.25000000e+00  6.00000000e-01 -1.25000000e+00 -1.95099986e-06 -1.25000000e+00  7.40000000e-01 
-1.26000000e+00  5.90000000e-01 -1.26000000e+00 -2.25472896e-06 -1.26000000e+00  7.40000000e-01 
-1.27000000e+00  5.80000000e-01 -1.27000000e+00 -2.58562049e-06 -1.27000000e+00  7.40000000e-01 
-1.28000000e+00  5.70000000e-01 -1.28000000e+00 -2.94345420e-06 -1.28000000e+00  7.40000000e-01 
-1.29000000e+00  5.60000000e-01 -1.29000000e+00 -3.32782631e-06 -1.29000000e+00  7.40000000e-01 
-1.30000000e+00  5.50000000e-01 -1.30000000e+00 -3.73818329e-06 -1.30000000e+00  7.40000000e-01 
-1.31000000e+00  5.40000000e-01 -1.31000000e+00 -4.17385456e-06 -1.31000000e+00  7.40000000e-01 
-1.32000000e+00  5.30000000e-01 -1.32000000e+00 -4.63408262e-06 -1.32000000e+00  7.40000000e-01 
-1.33000000e+00  5.20000000e-01 -1.33000000e+00 -5.11804977e-06 -1.33000000e+00  7.40000000e-01 
-1.34000000e+00  5.10000000e-01 -1.34000000e+00 -5.62490098e-06 -1.34000000e+00  7.40000000e-01 
-1.35000000e+00  5.00000000e-01 -1.35000000e+00 -6.15376278e-06 -1.35000000e+00  7.40000000e-01 
-1.36000000e+00  4.90000000e-01 -1.36000000e+00 -6.70375838e-06 -1.36000000e+00  7.40000000e-01 
-1.37000000e+00  4.80000000e-01 -1.37000000e+00 -7.27401944e-06 -1.37000000e+00  7.40000000e-01 
-1.38000000e+00  4.70000000e-01 -1.38000000e+00 -7.86369478e-06 -1.38000000e+00  7.40000000e-01 
-1.39000000e+00  4.60000000e-01 -1.39000000e+00 -8.47195663e-06 -1.39000000e+00  7.40000000e-01 
-1.40000000e+00  4.50000000e-01 -1.40000000e+00 -9.09800472e-06 -1.40000000e+00  7.40000000e-01 
-1.41000000e+00  4.40000000e-01 -1.41000000e+00 -9.74106886e-06 -1.41000000e+00  7.40000000e-01 
-1.42000000e+00  4.30000000e-01 -1.42000000e+00 -1.04004101e-05 -1.42000000e+00  7.40000000e-01 
-1.43000000e+00  4.20000000e-01 -1.43000000e+00 -1.10753208e-05 -1.43000000e+00  7.40000000e-01 
-1.44000000e+00  4.10000000e-01 -1.44000000e+00 -1.17651246e-05 -1.44000000e+00  7.40000000e-01 
-1.45000000e+00  4.00000000e-01 -1.45000000e+00 -1.24691750e-05 -1.45000000e+00  7.40000000e-01 
-1.46000000e+00  3.90000000e-01 -1.46000000e+00 -1.31868542e-05 -1.46000000e+00  7.40000000e-01 
-1.47000000e+00  3.80000000e-01 -1.47000000e+00 -1.39175717e-05 -1.47000000e+00  7.40000000e-01 
-1.48000000e+00  3.70000000e-01 -1.48000000e+00 -1.46607625e-05 -1.48000000e+00  7.40000000e-01 
-1.49000000e+00  3.60000000e-01 -1.49000000e+00 -1.54158857e-05 -1.49000000e+00  7.40000000e-01 
-1.50000000e+00  3.50000000e-01 -1.50000000e+00 -1.61824227e-05 -1.50000000e+00  7.40000000e-01 
-1.51000000e+00  3.40000000e-01 -1.51000000e+00 -1.69598756e-05 -1.51000000e+00  7.40000000e-01 
-1.52000000e+00  3.30000000e-01 -1.52000000e+00 -1.77477660e-05 -1.52000000e+00  7.40000000e-01 
-1.53000000e+00  3.20000000e-01 -1.53000000e+00 -1.85456333e-05 -1.53000000e+00  7.40000000e-01 
-1.54000000e+00  3.10000000e-01 -1.54000000e+00 -1.93530334e-05 -1.54000000e+00  7.40000000e-01 
-1.55000000e+00  3.00000000e-01 -1.55000000e+00 -2.01695379e-05 -1.55000000e+00  7.40000000e-01 
-1.56000000e+00  2.90000000e-01 -1.56000000e+00 -2.09947323e-05 -1.56000000e+00  7.40000000e-01 
-1.57000000e+00  2.80000000e-01 -1.57000000e+00 -2.18282157e-05 -1.57000000e+00  7.40000000e-01 
-1.58000000e+00  2.70000000e-01 -1.58000000e+00 -2.26695992e-05 -1.58000000e+00  7.40000000e-01 
-1.59000000e+00  2.60000000e-01 -1.59000000e+00 -2.35185056e-05 -1.59000000e+00  7.40000000e-01 
-1.60000000e+00  2.50000000e-01 -1.60000000e+00 -2.43745681e-05 -1.60000000e+00  7.40000000e-01 
-1.61000000e+00  2.40000000e-01 -1.61000000e+00 -2.52374297e-05 -1.61000000e+00  7.40000000e-01 
-1.62000000e+00  2.30000000e-01 -1.62000000e+00 -2.61067427e-05 -1.62000000e+00  7.40000000e-01 
-1.63000000e+00  2.20000000e-01 -1.63000000e+00 -2.69821677e-05 -1.63000000e+00  7.40000000e-01 
-1.64000000e+00  2.10000000e-01 -1.64000000e+00 -2.78633732e-05 -1.64000000e+00  7.40000000e-01 
-1.65000000e+00  2.00000000e-01 -1.65000000e+00 -2.87500348e-05 -1.65000000e+00  7.40000000e-01 
-1.66000000e+00  1.90000000e-01 -1.66000000e+00 -2.96418347e-05 -1.66000000e+00  7.40000000e-01 
-1.67000000e+00  1.80000000e-01 -1.67000000e+00 -3.05384611e-05 -1.67000000e+00  7.40000000e-01 
-1.68000000e+00  1.70000000e-01 -1.68000000e+00 -3.14396077e-05 -1.68000000e+00  7.40000000e-01 
-1.69000000e+00  1.60000000e-01 -1.69000000e+00 -3.23449729e-05 -1.69000000e+00  7.40000000e-01 
-1.70000000e+00  1.50000000e-01 -1.70000000e+00 -3.32542596e-05 -1.70000000e+00  7.40000000e-01 
-1.71000000e+00  1.40000000e-01 -1.71000000e+00 -3.41671741e-05 -1.71000000e+00  7.40000000e-01 
-1.72000000e+00  1.30000000e-01 -1.72000000e+00 -3.50834262e-05 -1.72000000e+00  7.40000000e-01 
-1.73000000e+00  1.20000000e-01 -1.73000000e+00 -3.60027279e-05 -1.73000000e+00  7.40000000e-01 
-1.74000000e+00  1.10000000e-01 -1.74000000e+00 -3.69247933e-05 -1.74000000e+00  7.40000000e-01 
-1.75000000e+00  1.00000000e-01 -1.75000000e+00 -3.78493376e-05 -1.75000000e+00  7.40000000e-01 
-1.76000000e+00  9.00000000e-02 -1.76000000e+00 -3.87760768e-05 -1.76000000e+00  7.40000000e-01 
-1.77000000e+00  8.00000000e-02 -1.77000000e+00 -3.97047267e-05 -1.77000000e+00  7.40000000e-01 
-1.78000000e+00  7.00000000e-02 -1.78000000e+00 -4.06350023e-05 -1.78000000e+00  7.40000000e-01 
-1.79000000e+00  6.00000000e-02 -1.79000000e+00 -4.15666173e-05 -1.79000000e+00  7.40000000e-01 
-1.80000000e+00  5.00000000e-02 -1.80000000e+00 -4.24992830e-05 -1.80000000e+00  7.40000000e-01 
-1.81000000e+00  4.00000000e-02 -1.81000000e+00 -4.34327075e-05 -1.81000000e+00  7.40000000e-01 
-1.82000000e+00  3.00000000e-02 -1.82000000e+00 -4.43665952e-05 -1.82000000e+00  7.40000000e-01 
-1.83000000e+00  2.00000000e-02 -1.83000000e+00 -4.53006457e-05 -1.83000000e+00  7.40000000e-01 
-1.84000000e+00  1.00000000e-02 -1.84000000e+00 -4.62345529e-05 -1.84000000e+00  7.40000000e-01 
-1.85000000e+00 -1.33226763e-15 -1.85000000e+00 -4.71680041e-05 -1.85000000e+00  7.40000000e-01 
