 0.00000000e+00  1.85000000e+00  0.00000000e+00 -4.18739702e-22  0.00000000e+00  1.85000000e+00 
-1.00000000e-02  1.84000000e+00 -1.00000000e-02 -5.59946906e-22 -1.00000000e-02  1.85000000e+00 
-2.00000000e-02  1.83000000e+00 -2.00000000e-02 -7.48771932e-22 -2.00000000e-02  1.85000000e+00 
-3.00000000e-02  1.82000000e+00 -3.00000000e-02 -1.00127244e-21 -3.00000000e-02  1.85000000e+00 
-4.00000000e-02  1.81000000e+00 -4.00000000e-02 -1.33892103e-21 -4.00000000e-02  1.85000000e+00 
-5.00000000e-02  1.80000000e+00 -5.00000000e-02 -1.79043131e-21 -5.00000000e-02  1.85000000e+00 
-6.00000000e-02  1.79000000e+00 -6.00000000e-02 -2.39419964e-21 -6.00000000e-02  1.85000000e+00 
-7.00000000e-02  1.78000000e+00 -7.00000000e-02 -3.20157039e-21 -7.00000000e-02  1.85000000e+00 
-8.00000000e-02  1.77000000e+00 -8.00000000e-02 -4.28120225e-21 -8.00000000e-02  1.85000000e+00 
-9.00000000e-02  1.76000000e+00 -9.00000000e-02 -5.72490691e-21 -9.00000000e-02  1.85000000e+00 
-1.00000000e-01  1.75000000e+00 -1.00000000e-01 -7.65545676e-21 -1.00000000e-01  1.85000000e+00 
-1.10000000e-01  1.74000000e+00 -1.10000000e-01 -1.02370254e-20 -1.10000000e-01  1.85000000e+00 
-1.20000000e-01  1.73000000e+00 -1.20000000e-01 -1.36891488e-20 -1.20000000e-01  1.85000000e+00 
-1.30000000e-01  1.72000000e+00 -1.30000000e-01 -1.83053949e-20 -1.30000000e-01  1.85000000e+00 
-1.40000000e-01  1.71000000e+00 -1.40000000e-01 -2.44783279e-20 -1.40000000e-01  1.85000000e+00 
-1.50000000e-01  1.70000000e+00 -1.50000000e-01 -3.27328925e-20 -1.50000000e-01  1.85000000e+00 
-1.60000000e-01  1.69000000e+00 -1.60000000e-01 -4.37710541e-20 -1.60000000e-01  1.85000000e+00 
-1.70000000e-01  1.68000000e+00 -1.70000000e-01 -5.85314944e-20 -1.70000000e-01  1.85000000e+00 
-1.80000000e-01  1.67000000e+00 -1.80000000e-01 -7.82694354e-20 -1.80000000e-01  1.85000000e+00 
-1.90000000e-01  1.66000000e+00 -1.90000000e-01 -1.04663383e-19 -1.90000000e-01  1.85000000e+00 
-2.00000000e-01  1.65000000e+00 -2.00000000e-01 -1.39957866e-19 -2.00000000e-01  1.85000000e+00 
-2.10000000e-01  1.64000000e+00 -2.10000000e-01 -1.87154309e-19 -2.10000000e-01  1.85000000e+00 
-2.20000000e-01  1.63000000e+00 -2.20000000e-01 -2.50266267e-19 -2.20000000e-01  1.85000000e+00 
-2.30000000e-01  1.62000000e+00 -2.30000000e-01 -3.34660737e-19 -2.30000000e-01  1.85000000e+00 
-2.40000000e-01  1.61000000e+00 -2.40000000e-01 -4.47514559e-19 -2.40000000e-01  1.85000000e+00 
-2.50000000e-01  1.60000000e+00 -2.50000000e-01 -5.98424720e-19 -2.50000000e-01  1.85000000e+00 
-2.60000000e-01  1.59000000e+00 -2.60000000e-01 -8.00224466e-19 -2.60000000e-01  1.85000000e+00 
-2.70000000e-01  1.58000000e+00 -2.70000000e-01 -1.07007461e-18 -2.70000000e-01  1.85000000e+00 
-2.80000000e-01  1.57000000e+00 -2.80000000e-01 -1.43092284e-18 -2.80000000e-01  1.85000000e+00 
-2.90000000e-01  1.56000000e+00 -2.90000000e-01 -1.91345515e-18 -2.90000000e-01  1.85000000e+00 
-3.00000000e-01  1.55000000e+00 -3.00000000e-01 -2.55870522e-18 -3.00000000e-01  1.85000000e+00 
-3.10000000e-01  1.54000000e+00 -3.10000000e-01 -3.42154382e-18 -3.10000000e-01  1.85000000e+00 
-3.20000000e-01  1.53000000e+00 -3.20000000e-01 -4.57534472e-18 -3.20000000e-01  1.85000000e+00 
-3.30000000e-01  1.52000000e+00 -3.30000000e-01 -6.11822407e-18 -3.30000000e-01  1.85000000e+00 
-3.40000000e-01  1.51000000e+00 -3.40000000e-01 -8.18138356e-18 -3.40000000e-01  1.85000000e+00 
-3.50000000e-01  1.50000000e+00 -3.50000000e-01 -1.09402670e-17 -3.50000000e-01  1.85000000e+00 
-3.60000000e-01  1.49000000e+00 -3.60000000e-01 -1.46294784e-17 -3.60000000e-01  1.85000000e+00 
-3.70000000e-01  1.48000000e+00 -3.70000000e-01 -1.95627310e-17 -3.70000000e-01  1.85000000e+00 
-3.80000000e-01  1.47000000e+00 -3.80000000e-01 -2.61595217e-17 -3.80000000e-01  1.85000000e+00 
-3.90000000e-01  1.46000000e+00 -3.90000000e-01 -3.49808002e-17 -3.90000000e-01  1.85000000e+00 
-4.00000000e-01  1.45000000e+00 -4.00000000e-01 -4.67766640e-17 -4.00000000e-01  1.85000000e+00 
-4.10000000e-01  1.44000000e+00 -4.10000000e-01 -6.25501346e-17 -4.10000000e-01  1.85000000e+00 
-4.20000000e-01  1.43000000e+00 -4.20000000e-01 -8.36424355e-17 -4.20000000e-01  1.85000000e+00 
-4.30000000e-01  1.42000000e+00 -4.30000000e-01 -1.11847021e-16 -4.30000000e-01  1.85000000e+00 
-4.40000000e-01  1.41000000e+00 -4.40000000e-01 -1.49562044e-16 -4.40000000e-01  1.85000000e+00 
-4.50000000e-01  1.40000000e+00 -4.50000000e-01 -1.99994230e-16 -4.50000000e-01  1.85000000e+00 
-4.60000000e-01  1.39000000e+00 -4.60000000e-01 -2.67431464e-16 -4.60000000e-01  1.85000000e+00 
-4.70000000e-01  1.38000000e+00 -4.70000000e-01 -3.57607267e-16 -4.70000000e-01  1.85000000e+00 
-4.80000000e-01  1.37000000e+00 -4.80000000e-01 -4.78188118e-16 -4.80000000e-01  1.85000000e+00 
-4.90000000e-01  1.36000000e+00 -4.90000000e-01 -6.39425010e-16 -4.90000000e-01  1.85000000e+00 
-5.00000000e-01  1.35000000e+00 -5.00000000e-01 -8.55024582e-16 -5.00000000e-01  1.85000000e+00 
-5.10000000e-01  1.34000000e+00 -5.10000000e-01 -1.14331377e-15 -5.10000000e-01  1.85000000e+00 
-5.20000000e-01  1.33000000e+00 -5.20000000e-01 -1.52879686e-15 -5.20000000e-01  1.85000000e+00 
-5.30000000e-01  1.32000000e+00 -5.30000000e-01 -2.04423689e-15 -5.30000000e-01  1.85000000e+00 
-5.40000000e-01  1.31000000e+00 -5.40000000e-01 -2.73343841e-15 -5.40000000e-01  1.85000000e+00 
-5.50000000e-01  1.30000000e+00 -5.50000000e-01 -3.65496718e-15 -5.50000000e-01  1.85000000e+00 
-5.60000000e-01  1.29000000e+00 -5.60000000e-01 -4.88712206e-15 -5.60000000e-01  1.85000000e+00 
-5.70000000e-01  1.28000000e+00 -5.70000000e-01 -6.53458055e-15 -5.70000000e-01  1.85000000e+00 
-5.80000000e-01  1.27000000e+00 -5.80000000e-01 -8.73728039e-15 -5.80000000e-01  1.85000000e+00 
-5.90000000e-01  1.26000000e+00 -5.90000000e-01 -1.16822887e-14 -5.90000000e-01  1.85000000e+00 
-6.00000000e-01  1.25000000e+00 -6.00000000e-01 -1.56196620e-14 -6.00000000e-01  1.85000000e+00 
-6.10000000e-01  1.24000000e+00 -6.10000000e-01 -2.08836370e-14 -6.10000000e-01  1.85000000e+00 
-6.20000000e-01  1.23000000e+00 -6.20000000e-01 -2.79209393e-14 -6.20000000e-01  1.85000000e+00 
-6.30000000e-01  1.22000000e+00 -6.30000000e-01 -3.73285959e-14 -6.30000000e-01  1.85000000e+00 
-6.40000000e-01  1.21000000e+00 -6.40000000e-01 -4.99044338e-14 -6.40000000e-01  1.85000000e+00 
-6.50000000e-01  1.20000000e+00 -6.50000000e-01 -6.67145057e-14 -6.50000000e-01  1.85000000e+00 
-6.60000000e-01  1.19000000e+00 -6.60000000e-01 -8.91830979e-14 -6.60000000e-01  1.85000000e+00 
-6.70000000e-01  1.18000000e+00 -6.70000000e-01 -1.19212850e-13 -6.70000000e-01  1.85000000e+00 
-6.80000000e-01  1.17000000e+00 -6.80000000e-01 -1.59345011e-13 -6.80000000e-01  1.85000000e+00 
-6.90000000e-01  1.16000000e+00 -6.90000000e-01 -2.12973171e-13 -6.90000000e-01  1.85000000e+00 
-7.00000000e-01  1.15000000e+00 -7.00000000e-01 -2.84628192e-13 -7.00000000e-01  1.85000000e+00 
-7.10000000e-01  1.14000000e+00 -7.10000000e-01 -3.80357875e-13 -7.10000000e-01  1.85000000e+00 
-7.20000000e-01  1.13000000e+00 -7.20000000e-01 -5.08232606e-13 -7.20000000e-01  1.85000000e+00 
-7.30000000e-01  1.12000000e+00 -7.30000000e-01 -6.79018358e-13 -7.30000000e-01  1.85000000e+00 
-7.40000000e-01  1.11000000e+00 -7.40000000e-01 -9.07071797e-13 -7.40000000e-01  1.85000000e+00 
-7.50000000e-01  1.10000000e+00 -7.50000000e-01 -1.21152987e-12 -7.50000000e-01  1.85000000e+00 
-7.60000000e-01  1.09000000e+00 -7.60000000e-01 -1.61788926e-12 -7.60000000e-01  1.85000000e+00 
-7.70000000e-01  1.08000000e+00 -7.70000000e-01 -2.16010134e-12 -7.70000000e-01  1.85000000e+00 
-7.80000000e-01  1.07000000e+00 -7.80000000e-01 -2.88334757e-12 -7.80000000e-01  1.85000000e+00 
-7.90000000e-01  1.06000000e+00 -7.90000000e-01 -3.84771138e-12 -7.90000000e-01  1.85000000e+00 
-8.00000000e-01  1.05000000e+00 -8.00000000e-01 -5.13302887e-12 -8.00000000e-01  1.85000000e+00 
-8.10000000e-01  1.04000000e+00 -8.10000000e-01 -6.84528601e-12 -8.10000000e-01  1.85000000e+00 
-8.20000000e-01  1.03000000e+00 -8.20000000e-01 -9.12503942e-12 -8.20000000e-01  1.85000000e+00 
-8.30000000e-01  1.02000000e+00 -8.30000000e-01 -1.21584782e-11 -8.30000000e-01  1.85000000e+00 
-8.40000000e-01  1.01000000e+00 -8.40000000e-01 -1.61919218e-11 -8.40000000e-01  1.85000000e+00 
-8.50000000e-01  1.00000000e+00 -8.50000000e-01 -2.15507759e-11 -8.50000000e-01  1.85000000e+00 
-8.60000000e-01  9.90000000e-01 -8.60000000e-01 -2.86642528e-11 -8.60000000e-01  1.85000000e+00 
-8.70000000e-01  9.80000000e-01 -8.70000000e-01 -3.80975221e-11 -8.70000000e-01  1.85000000e+00 
-8.80000000e-01  9.70000000e-01 -8.80000000e-01 -5.05934169e-11 -8.80000000e-01  1.85000000e+00 
-8.90000000e-01  9.60000000e-01 -8.90000000e-01 -6.71263931e-11 -8.90000000e-01  1.85000000e+00 
-9.00000000e-01  9.50000000e-01 -9.00000000e-01 -8.89721874e-11 -9.00000000e-01  1.85000000e+00 
-9.10000000e-01  9.40000000e-01 -9.10000000e-01 -1.17797581e-10 -9.10000000e-01  1.85000000e+00 
-9.20000000e-01  9.30000000e-01 -9.20000000e-01 -1.55775961e-10 -9.20000000e-01  1.85000000e+00 
-9.30000000e-01  9.20000000e-01 -9.30000000e-01 -2.05736100e-10 -9.30000000e-01  1.85000000e+00 
-9.40000000e-01  9.10000000e-01 -9.40000000e-01 -2.71353996e-10 -9.40000000e-01  1.85000000e+00 
-9.50000000e-01  9.00000000e-01 -9.50000000e-01 -3.57400937e-10 -9.50000000e-01  1.85000000e+00 
-9.60000000e-01  8.90000000e-01 -9.60000000e-01 -4.70065748e-10 -9.60000000e-01  1.85000000e+00 
-9.70000000e-01  8.80000000e-01 -9.70000000e-01 -6.17375759e-10 -9.70000000e-01  1.85000000e+00 
-9.80000000e-01  8.70000000e-01 -9.80000000e-01 -8.09750178e-10 -9.80000000e-01  1.85000000e+00 
-9.90000000e-01  8.60000000e-01 -9.90000000e-01 -1.06073155e-09 -9.90000000e-01  1.85000000e+00 
-1.00000000e+00  8.50000000e-01 -1.00000000e+00 -1.38795610e-09 -1.00000000e+00  1.85000000e+00 
-1.01000000e+00  8.40000000e-01 -1.01000000e+00 -1.81444125e-09 -1.01000000e+00  1.85000000e+00 
-1.02000000e+00  8.30000000e-01 -1.02000000e+00 -2.37028607e-09 -1.02000000e+00  1.85000000e+00 
-1.03000000e+00  8.20000000e-01 -1.03000000e+00 -3.09489432e-09 -1.03000000e+00  1.85000000e+00 
-1.04000000e+00  8.10000000e-01 -1.04000000e+00 -4.03983222e-09 -1.04000000e+00  1.85000000e+00 
-1.05000000e+00  8.00000000e-01 -1.05000000e+00 -5.27241654e-09 -1.05000000e+00  1.85000000e+00 
-1.06000000e+00  7.90000000e-01 -1.06000000e+00 -6.88008119e-09 -1.06000000e+00  1.85000000e+00 
-1.07000000e+00  7.80000000e-01 -1.07000000e+00 -8.97548554e-09 -1.07000000e+00  1.85000000e+00 
-1.08000000e+00  7.70000000e-01 -1.08000000e+00 -1.17022006e-08 -1.08000000e+00  1.85000000e+00 
-1.09000000e+00  7.60000000e-01 -1.09000000e+00 -1.52406477e-08 -1.09000000e+00  1.85000000e+00 
-1.10000000e+00  7.50000000e-01 -1.10000000e+00 -1.98137887e-08 -1.10000000e+00  1.85000000e+00 
-1.11000000e+00  7.40000000e-01 -1.11000000e+00 -2.56919069e-08 -1.11000000e+00  1.85000000e+00 
-1.12000000e+00  7.30000000e-01 -1.12000000e+00 -3.31957190e-08 -1.12000000e+00  1.85000000e+00 
-1.13000000e+00  7.20000000e-01 -1.13000000e+00 -4.26970549e-08 -1.13000000e+00  1.85000000e+00 
-1.14000000e+00  7.10000000e-01 -1.14000000e+00 -5.46164688e-08 -1.14000000e+00  1.85000000e+00 
-1.15000000e+00  7.00000000e-01 -1.15000000e+00 -6.94173969e-08 -1.15000000e+00  1.85000000e+00 
-1.16000000e+00  6.90000000e-01 -1.16000000e+00 -8.75968401e-08 -1.16000000e+00  1.85000000e+00 
-1.17000000e+00  6.80000000e-01 -1.17000000e+00 -1.09672963e-07 -1.17000000e+00  1.85000000e+00 
-1.18000000e+00  6.70000000e-01 -1.18000000e+00 -1.36170398e-07 -1.18000000e+00  1.85000000e+00 
-1.19000000e+00  6.60000000e-01 -1.19000000e+00 -1.67604339e-07 -1.19000000e+00  1.85000000e+00 
-1.20000000e+00  6.50000000e-01 -1.20000000e+00 -2.04464697e-07 -1.20000000e+00  1.85000000e+00 
-1.21000000e+00  6.40000000e-01 -1.21000000e+00 -2.47201532e-07 -1.21000000e+00  1.85000000e+00 
-1.22000000e+00  6.30000000e-01 -1.22000000e+00 -2.96212834e-07 -1.22000000e+00  1.85000000e+00 
-1.23000000e+00  6.20000000e-01 -1.23000000e+00 -3.51835409e-07 -1.23000000e+00  1.85000000e+00 
-1.24000000e+00  6.10000000e-01 -1.24000000e+00 -4.14339235e-07 -1.24000000e+00  1.85000000e+00 
-1.25000000e+00  6.00000000e-01 -1.25000000e+00 -4.83925329e-07 -1.25000000e+00  1.85000000e+00 
-1.26000000e+00  5.90000000e-01 -1.26000000e+00 -5.60726800e-07 -1.26000000e+00  1.85000000e+00 
-1.27000000e+00  5.80000000e-01 -1.27000000e+00 -6.44812569e-07 -1.27000000e+00  1.85000000e+00 
-1.28000000e+00  5.70000000e-01 -1.28000000e+00 -7.36193099e-07 -1.28000000e+00  1.85000000e+00 
-1.29000000e+00  5.60000000e-01 -1.29000000e+00 -8.34827442e-07 -1.29000000e+00  1.85000000e+00 
-1.30000000e+00  5.50000000e-01 -1.30000000e+00 -9.40630972e-07 -1.30000000e+00  1.85000000e+00 
-1.31000000e+00  5.40000000e-01 -1.31000000e+00 -1.05348323e-06 -1.31000000e+00  1.85000000e+00 
-1.32000000e+00  5.30000000e-01 -1.32000000e+00 -1.17323550e-06 -1.32000000e+00  1.85000000e+00 
-1.33000000e+00  5.20000000e-01 -1.33000000e+00 -1.29971772e-06 -1.33000000e+00  1.85000000e+00 
-1.34000000e+00  5.10000000e-01 -1.34000000e+00 -1.43274472e-06 -1.34000000e+00  1.85000000e+00 
-1.35000000e+00  5.00000000e-01 -1.35000000e+00 -1.57212142e-06 -1.35000000e+00  1.85000000e+00 
-1.36000000e+00  4.90000000e-01 -1.36000000e+00 -1.71764729e-06 -1.36000000e+00  1.85000000e+00 
-1.37000000e+00  4.80000000e-01 -1.37000000e+00 -1.86911988e-06 -1.37000000e+00  1.85000000e+00 
-1.38000000e+00  4.70000000e-01 -1.38000000e+00 -2.02633758e-06 -1.38000000e+00  1.85000000e+00 
-1.39000000e+00  4.60000000e-01 -1.39000000e+00 -2.18910169e-06 -1.39000000e+00  1.85000000e+00 
-1.40000000e+00  4.50000000e-01 -1.40000000e+00 -2.35721798e-06 -1.40000000e+00  1.85000000e+00 
-1.41000000e+00  4.40000000e-01 -1.41000000e+00 -2.53049771e-06 -1.41000000e+00  1.85000000e+00 
-1.42000000e+00  4.30000000e-01 -1.42000000e+00 -2.70875823e-06 -1.42000000e+00  1.85000000e+00 
-1.43000000e+00  4.20000000e-01 -1.43000000e+00 -2.89182339e-06 -1.43000000e+00  1.85000000e+00 
-1.44000000e+00  4.10000000e-01 -1.44000000e+00 -3.07952362e-06 -1.44000000e+00  1.85000000e+00 
-1.45000000e+00  4.00000000e-01 -1.45000000e+00 -3.27169588e-06 -1.45000000e+00  1.85000000e+00 
-1.46000000e+00  3.90000000e-01 -1.46000000e+00 -3.46818351e-06 -1.46000000e+00  1.85000000e+00 
-1.47000000e+00  3.80000000e-01 -1.47000000e+00 -3.66883594e-06 -1.47000000e+00  1.85000000e+00 
-1.48000000e+00  3.70000000e-01 -1.48000000e+00 -3.87350842e-06 -1.48000000e+00  1.85000000e+00 
-1.49000000e+00  3.60000000e-01 -1.49000000e+00 -4.08206167e-06 -1.49000000e+00  1.85000000e+00 
-1.50000000e+00  3.50000000e-01 -1.50000000e+00 -4.29436154e-06 -1.50000000e+00  1.85000000e+00 
-1.51000000e+00  3.40000000e-01 -1.51000000e+00 -4.51027870e-06 -1.51000000e+00  1.85000000e+00 
-1.52000000e+00  3.30000000e-01 -1.52000000e+00 -4.72968829e-06 -1.52000000e+00  1.85000000e+00 
-1.53000000e+00  3.20000000e-01 -1.53000000e+00 -4.95246965e-06 -1.53000000e+00  1.85000000e+00 
-1.54000000e+00  3.10000000e-01 -1.54000000e+00 -5.17850601e-06 -1.54000000e+00  1.85000000e+00 
-1.55000000e+00  3.00000000e-01 -1.55000000e+00 -5.40768425e-06 -1.55000000e+00  1.85000000e+00 
-1.56000000e+00  2.90000000e-01 -1.56000000e+00 -5.63989465e-06 -1.56000000e+00  1.85000000e+00 
-1.57000000e+00  2.80000000e-01 -1.57000000e+00 -5.87503072e-06 -1.57000000e+00  1.85000000e+00 
-1.58000000e+00  2.70000000e-01 -1.58000000e+00 -6.11298898e-06 -1.58000000e+00  1.85000000e+00 
-1.59000000e+00  2.60000000e-01 -1.59000000e+00 -6.35366879e-06 -1.59000000e+00  1.85000000e+00 
-1.60000000e+00  2.50000000e-01 -1.60000000e+00 -6.59697224e-06 -1.60000000e+00  1.85000000e+00 
-1.61000000e+00  2.40000000e-01 -1.61000000e+00 -6.84280398e-06 -1.61000000e+00  1.85000000e+00 
-1.62000000e+00  2.30000000e-01 -1.62000000e+00 -7.09107113e-06 -1.62000000e+00  1.85000000e+00 
-1.63000000e+00  2.20000000e-01 -1.63000000e+00 -7.34168318e-06 -1.63000000e+00  1.85000000e+00 
-1.64000000e+00  2.10000000e-01 -1.64000000e+00 -7.59455187e-06 -1.64000000e+00  1.85000000e+00 
-1.65000000e+00  2.00000000e-01 -1.65000000e+00 -7.84959118e-06 -1.65000000e+00  1.85000000e+00 
-1.66000000e+00  1.90000000e-01 -1.66000000e+00 -8.10671718e-06 -1.66000000e+00  1.85000000e+00 
-1.67000000e+00  1.80000000e-01 -1.67000000e+00 -8.36584803e-06 -1.67000000e+00  1.85000000e+00 
-1.68000000e+00  1.70000000e-01 -1.68000000e+00 -8.62690387e-06 -1.68000000e+00  1.85000000e+00 
-1.69000000e+00  1.60000000e-01 -1.69000000e+00 -8.88980683e-06 -1.69000000e+00  1.85000000e+00 
-1.70000000e+00  1.50000000e-01 -1.70000000e+00 -9.15448095e-06 -1.70000000e+00  1.85000000e+00 
-1.71000000e+00  1.40000000e-01 -1.71000000e+00 -9.42085212e-06 -1.71000000e+00  1.85000000e+00 
-1.72000000e+00  1.30000000e-01 -1.72000000e+00 -9.68884809e-06 -1.72000000e+00  1.85000000e+00 
-1.73000000e+00  1.20000000e-01 -1.73000000e+00 -9.95839840e-06 -1.73000000e+00  1.85000000e+00 
-1.74000000e+00  1.10000000e-01 -1.74000000e+00 -1.02294344e-05 -1.74000000e+00  1.85000000e+00 
-1.75000000e+00  1.00000000e-01 -1.75000000e+00 -1.05018890e-05 -1.75000000e+00  1.85000000e+00 
-1.76000000e+00  9.00000000e-02 -1.76000000e+00 -1.07756970e-05 -1.76000000e+00  1.85000000e+00 
-1.77000000e+00  8.00000000e-02 -1.77000000e+00 -1.10507948e-05 -1.77000000e+00  1.85000000e+00 
-1.78000000e+00  7.00000000e-02 -1.78000000e+00 -1.13271205e-05 -1.78000000e+00  1.85000000e+00 
-1.79000000e+00  6.00000000e-02 -1.79000000e+00 -1.16046137e-05 -1.79000000e+00  1.85000000e+00 
-1.80000000e+00  5.00000000e-02 -1.80000000e+00 -1.18832156e-05 -1.80000000e+00  1.85000000e+00 
-1.81000000e+00  4.00000000e-02 -1.81000000e+00 -1.21628691e-05 -1.81000000e+00  1.85000000e+00 
-1.82000000e+00  3.00000000e-02 -1.82000000e+00 -1.24435184e-05 -1.82000000e+00  1.85000000e+00 
-1.83000000e+00  2.00000000e-02 -1.83000000e+00 -1.27251094e-05 -1.83000000e+00  1.85000000e+00 
-1.84000000e+00  1.00000000e-02 -1.84000000e+00 -1.30075893e-05 -1.84000000e+00  1.85000000e+00 
-1.85000000e+00 -1.33226763e-15 -1.85000000e+00 -1.32909069e-05 -1.85000000e+00  1.85000000e+00 
