 0.00000000e+00  1.85000000e+00  0.00000000e+00 -3.87564987e-22  0.00000000e+00  1.45000000e+00 
-1.00000000e-02  1.84000000e+00 -1.00000000e-02 -5.18259468e-22 -1.00000000e-02  1.45000000e+00 
-2.00000000e-02  1.83000000e+00 -2.00000000e-02 -6.93026676e-22 -2.00000000e-02  1.45000000e+00 
-3.00000000e-02  1.82000000e+00 -3.00000000e-02 -9.26728795e-22 -3.00000000e-02  1.45000000e+00 
-4.00000000e-02  1.81000000e+00 -4.00000000e-02 -1.23923982e-21 -4.00000000e-02  1.45000000e+00 
-5.00000000e-02  1.80000000e+00 -5.00000000e-02 -1.65713565e-21 -5.00000000e-02  1.45000000e+00 
-6.00000000e-02  1.79000000e+00 -6.00000000e-02 -2.21595408e-21 -6.00000000e-02  1.45000000e+00 
-7.00000000e-02  1.78000000e+00 -7.00000000e-02 -2.96321696e-21 -7.00000000e-02  1.45000000e+00 
-8.00000000e-02  1.77000000e+00 -8.00000000e-02 -3.96247140e-21 -8.00000000e-02  1.45000000e+00 
-9.00000000e-02  1.76000000e+00 -9.00000000e-02 -5.29869382e-21 -9.00000000e-02  1.45000000e+00 
-1.00000000e-01  1.75000000e+00 -1.00000000e-01 -7.08551633e-21 -1.00000000e-01  1.45000000e+00 
-1.10000000e-01  1.74000000e+00 -1.10000000e-01 -9.47488999e-21 -1.10000000e-01  1.45000000e+00 
-1.20000000e-01  1.73000000e+00 -1.20000000e-01 -1.26700066e-20 -1.20000000e-01  1.45000000e+00 
-1.30000000e-01  1.72000000e+00 -1.30000000e-01 -1.69425782e-20 -1.30000000e-01  1.45000000e+00 
-1.40000000e-01  1.71000000e+00 -1.40000000e-01 -2.26559431e-20 -1.40000000e-01  1.45000000e+00 
-1.50000000e-01  1.70000000e+00 -1.50000000e-01 -3.02959643e-20 -1.50000000e-01  1.45000000e+00 
-1.60000000e-01  1.69000000e+00 -1.60000000e-01 -4.05123468e-20 -1.60000000e-01  1.45000000e+00 
-1.70000000e-01  1.68000000e+00 -1.70000000e-01 -5.41738883e-20 -1.70000000e-01  1.45000000e+00 
-1.80000000e-01  1.67000000e+00 -1.80000000e-01 -7.24423611e-20 -1.80000000e-01  1.45000000e+00 
-1.90000000e-01  1.66000000e+00 -1.90000000e-01 -9.68713082e-20 -1.90000000e-01  1.45000000e+00 
-2.00000000e-01  1.65000000e+00 -2.00000000e-01 -1.29538156e-19 -2.00000000e-01  1.45000000e+00 
-2.10000000e-01  1.64000000e+00 -2.10000000e-01 -1.73220874e-19 -2.10000000e-01  1.45000000e+00 
-2.20000000e-01  1.63000000e+00 -2.20000000e-01 -2.31634215e-19 -2.20000000e-01  1.45000000e+00 
-2.30000000e-01  1.62000000e+00 -2.30000000e-01 -3.09745609e-19 -2.30000000e-01  1.45000000e+00 
-2.40000000e-01  1.61000000e+00 -2.40000000e-01 -4.14197587e-19 -2.40000000e-01  1.45000000e+00 
-2.50000000e-01  1.60000000e+00 -2.50000000e-01 -5.53872651e-19 -2.50000000e-01  1.45000000e+00 
-2.60000000e-01  1.59000000e+00 -2.60000000e-01 -7.40648625e-19 -2.60000000e-01  1.45000000e+00 
-2.70000000e-01  1.58000000e+00 -2.70000000e-01 -9.90408719e-19 -2.70000000e-01  1.45000000e+00 
-2.80000000e-01  1.57000000e+00 -2.80000000e-01 -1.32439220e-18 -2.80000000e-01  1.45000000e+00 
-2.90000000e-01  1.56000000e+00 -2.90000000e-01 -1.77100050e-18 -2.90000000e-01  1.45000000e+00 
-3.00000000e-01  1.55000000e+00 -3.00000000e-01 -2.36821240e-18 -3.00000000e-01  1.45000000e+00 
-3.10000000e-01  1.54000000e+00 -3.10000000e-01 -3.16681360e-18 -3.10000000e-01  1.45000000e+00 
-3.20000000e-01  1.53000000e+00 -3.20000000e-01 -4.23471528e-18 -3.20000000e-01  1.45000000e+00 
-3.30000000e-01  1.52000000e+00 -3.30000000e-01 -5.66272894e-18 -3.30000000e-01  1.45000000e+00 
-3.40000000e-01  1.51000000e+00 -3.40000000e-01 -7.57228846e-18 -3.40000000e-01  1.45000000e+00 
-3.50000000e-01  1.50000000e+00 -3.50000000e-01 -1.01257760e-17 -3.50000000e-01  1.45000000e+00 
-3.60000000e-01  1.49000000e+00 -3.60000000e-01 -1.35403296e-17 -3.60000000e-01  1.45000000e+00 
-3.70000000e-01  1.48000000e+00 -3.70000000e-01 -1.81063070e-17 -3.70000000e-01  1.45000000e+00 
-3.80000000e-01  1.47000000e+00 -3.80000000e-01 -2.42119738e-17 -3.80000000e-01  1.45000000e+00 
-3.90000000e-01  1.46000000e+00 -3.90000000e-01 -3.23765177e-17 -3.90000000e-01  1.45000000e+00 
-4.00000000e-01  1.45000000e+00 -4.00000000e-01 -4.32941922e-17 -4.00000000e-01  1.45000000e+00 
-4.10000000e-01  1.44000000e+00 -4.10000000e-01 -5.78933451e-17 -4.10000000e-01  1.45000000e+00 
-4.20000000e-01  1.43000000e+00 -4.20000000e-01 -7.74153472e-17 -4.20000000e-01  1.45000000e+00 
-4.30000000e-01  1.42000000e+00 -4.30000000e-01 -1.03520132e-16 -4.30000000e-01  1.45000000e+00 
-4.40000000e-01  1.41000000e+00 -4.40000000e-01 -1.38427313e-16 -4.40000000e-01  1.45000000e+00 
-4.50000000e-01  1.40000000e+00 -4.50000000e-01 -1.85104878e-16 -4.50000000e-01  1.45000000e+00 
-4.60000000e-01  1.39000000e+00 -4.60000000e-01 -2.47521483e-16 -4.60000000e-01  1.45000000e+00 
-4.70000000e-01  1.38000000e+00 -4.70000000e-01 -3.30983796e-16 -4.70000000e-01  1.45000000e+00 
-4.80000000e-01  1.37000000e+00 -4.80000000e-01 -4.42587534e-16 -4.80000000e-01  1.45000000e+00 
-4.90000000e-01  1.36000000e+00 -4.90000000e-01 -5.91820516e-16 -4.90000000e-01  1.45000000e+00 
-5.00000000e-01  1.35000000e+00 -5.00000000e-01 -7.91368935e-16 -5.00000000e-01  1.45000000e+00 
-5.10000000e-01  1.34000000e+00 -5.10000000e-01 -1.05819531e-15 -5.10000000e-01  1.45000000e+00 
-5.20000000e-01  1.33000000e+00 -5.20000000e-01 -1.41497961e-15 -5.20000000e-01  1.45000000e+00 
-5.30000000e-01  1.32000000e+00 -5.30000000e-01 -1.89204570e-15 -5.30000000e-01  1.45000000e+00 
-5.40000000e-01  1.31000000e+00 -5.40000000e-01 -2.52993693e-15 -5.40000000e-01  1.45000000e+00 
-5.50000000e-01  1.30000000e+00 -5.50000000e-01 -3.38285890e-15 -5.50000000e-01  1.45000000e+00 
-5.60000000e-01  1.29000000e+00 -5.60000000e-01 -4.52328124e-15 -5.60000000e-01  1.45000000e+00 
-5.70000000e-01  1.28000000e+00 -5.70000000e-01 -6.04808832e-15 -5.70000000e-01  1.45000000e+00 
-5.80000000e-01  1.27000000e+00 -5.80000000e-01 -8.08679969e-15 -5.80000000e-01  1.45000000e+00 
-5.90000000e-01  1.26000000e+00 -5.90000000e-01 -1.08125556e-14 -5.90000000e-01  1.45000000e+00 
-6.00000000e-01  1.25000000e+00 -6.00000000e-01 -1.44567962e-14 -6.00000000e-01  1.45000000e+00 
-6.10000000e-01  1.24000000e+00 -6.10000000e-01 -1.93288748e-14 -6.10000000e-01  1.45000000e+00 
-6.20000000e-01  1.23000000e+00 -6.20000000e-01 -2.58422589e-14 -6.20000000e-01  1.45000000e+00 
-6.30000000e-01  1.22000000e+00 -6.30000000e-01 -3.45495283e-14 -6.30000000e-01  1.45000000e+00 
-6.40000000e-01  1.21000000e+00 -6.40000000e-01 -4.61891133e-14 -6.40000000e-01  1.45000000e+00 
-6.50000000e-01  1.20000000e+00 -6.50000000e-01 -6.17477018e-14 -6.50000000e-01  1.45000000e+00 
-6.60000000e-01  1.19000000e+00 -6.60000000e-01 -8.25435462e-14 -6.60000000e-01  1.45000000e+00 
-6.70000000e-01  1.18000000e+00 -6.70000000e-01 -1.10337641e-13 -6.70000000e-01  1.45000000e+00 
-6.80000000e-01  1.17000000e+00 -6.80000000e-01 -1.47482053e-13 -6.80000000e-01  1.45000000e+00 
-6.90000000e-01  1.16000000e+00 -6.90000000e-01 -1.97117738e-13 -6.90000000e-01  1.45000000e+00 
-7.00000000e-01  1.15000000e+00 -7.00000000e-01 -2.63438267e-13 -7.00000000e-01  1.45000000e+00 
-7.10000000e-01  1.14000000e+00 -7.10000000e-01 -3.52041242e-13 -7.10000000e-01  1.45000000e+00 
-7.20000000e-01  1.13000000e+00 -7.20000000e-01 -4.70396309e-13 -7.20000000e-01  1.45000000e+00 
-7.30000000e-01  1.12000000e+00 -7.30000000e-01 -6.28468085e-13 -7.30000000e-01  1.45000000e+00 
-7.40000000e-01  1.11000000e+00 -7.40000000e-01 -8.39544688e-13 -7.40000000e-01  1.45000000e+00 
-7.50000000e-01  1.10000000e+00 -7.50000000e-01 -1.12133885e-12 -7.50000000e-01  1.45000000e+00 
-7.60000000e-01  1.09000000e+00 -7.60000000e-01 -1.49744998e-12 -7.60000000e-01  1.45000000e+00 
-7.70000000e-01  1.08000000e+00 -7.70000000e-01 -1.99930342e-12 -7.70000000e-01  1.45000000e+00 
-7.80000000e-01  1.07000000e+00 -7.80000000e-01 -2.66871983e-12 -7.80000000e-01  1.45000000e+00 
-7.90000000e-01  1.06000000e+00 -7.90000000e-01 -3.56131460e-12 -7.90000000e-01  1.45000000e+00 
-8.00000000e-01  1.05000000e+00 -8.00000000e-01 -4.75098926e-12 -8.00000000e-01  1.45000000e+00 
-8.10000000e-01  1.04000000e+00 -8.10000000e-01 -6.33585538e-12 -8.10000000e-01  1.45000000e+00 
-8.20000000e-01  1.03000000e+00 -8.20000000e-01 -8.44603388e-12 -8.20000000e-01  1.45000000e+00 
-8.30000000e-01  1.02000000e+00 -8.30000000e-01 -1.12539027e-11 -8.30000000e-01  1.45000000e+00 
-8.40000000e-01  1.01000000e+00 -8.40000000e-01 -1.49875322e-11 -8.40000000e-01  1.45000000e+00 
-8.50000000e-01  1.00000000e+00 -8.50000000e-01 -1.99482586e-11 -8.50000000e-01  1.45000000e+00 
-8.60000000e-01  9.90000000e-01 -8.60000000e-01 -2.65336146e-11 -8.60000000e-01  1.45000000e+00 
-8.70000000e-01  9.80000000e-01 -8.70000000e-01 -3.52671752e-11 -8.70000000e-01  1.45000000e+00 
-8.80000000e-01  9.70000000e-01 -8.80000000e-01 -4.68373099e-11 -8.80000000e-01  1.45000000e+00 
-8.90000000e-01  9.60000000e-01 -8.90000000e-01 -6.21473879e-11 -8.90000000e-01  1.45000000e+00 
-9.00000000e-01  9.50000000e-01 -9.00000000e-01 -8.23806962e-11 -9.00000000e-01  1.45000000e+00 
-9.10000000e-01  9.40000000e-01 -9.10000000e-01 -1.09084282e-10 -9.10000000e-01  1.45000000e+00 
-9.20000000e-01  9.30000000e-01 -9.20000000e-01 -1.44277188e-10 -9.20000000e-01  1.45000000e+00 
-9.30000000e-01  9.20000000e-01 -9.30000000e-01 -1.90590301e-10 -9.30000000e-01  1.45000000e+00 
-9.40000000e-01  9.10000000e-01 -9.40000000e-01 -2.51447443e-10 -9.40000000e-01  1.45000000e+00 
-9.50000000e-01  9.00000000e-01 -9.50000000e-01 -3.31300760e-10 -9.50000000e-01  1.45000000e+00 
-9.60000000e-01  8.90000000e-01 -9.60000000e-01 -4.35938327e-10 -9.60000000e-01  1.45000000e+00 
-9.70000000e-01  8.80000000e-01 -9.70000000e-01 -5.72888661e-10 -9.70000000e-01  1.45000000e+00 
-9.80000000e-01  8.70000000e-01 -9.80000000e-01 -7.51956200e-10 -9.80000000e-01  1.45000000e+00 
-9.90000000e-01  8.60000000e-01 -9.90000000e-01 -9.85934157e-10 -9.90000000e-01  1.45000000e+00 
-1.00000000e+00  8.50000000e-01 -1.00000000e+00 -1.29155664e-09 -1.00000000e+00  1.45000000e+00 
-1.01000000e+00  8.40000000e-01 -1.01000000e+00 -1.69076983e-09 -1.01000000e+00  1.45000000e+00 
-1.02000000e+00  8.30000000e-01 -1.02000000e+00 -2.21242003e-09 -1.02000000e+00  1.45000000e+00 
-1.03000000e+00  8.20000000e-01 -1.03000000e+00 -2.89447044e-09 -1.03000000e+00  1.45000000e+00 
-1.04000000e+00  8.10000000e-01 -1.04000000e+00 -3.78686145e-09 -1.04000000e+00  1.45000000e+00 
-1.05000000e+00  8.00000000e-01 -1.05000000e+00 -4.95511230e-09 -1.05000000e+00  1.45000000e+00 
-1.06000000e+00  7.90000000e-01 -1.06000000e+00 -6.48471429e-09 -1.06000000e+00  1.45000000e+00 
-1.07000000e+00  7.80000000e-01 -1.07000000e+00 -8.48627995e-09 -1.07000000e+00  1.45000000e+00 
-1.08000000e+00  7.70000000e-01 -1.08000000e+00 -1.11012839e-08 -1.08000000e+00  1.45000000e+00 
-1.09000000e+00  7.60000000e-01 -1.09000000e+00 -1.45080687e-08 -1.09000000e+00  1.45000000e+00 
-1.10000000e+00  7.50000000e-01 -1.10000000e+00 -1.89276112e-08 -1.10000000e+00  1.45000000e+00 
-1.11000000e+00  7.40000000e-01 -1.11000000e+00 -2.46283835e-08 -1.11000000e+00  1.45000000e+00 
-1.12000000e+00  7.30000000e-01 -1.12000000e+00 -3.19295444e-08 -1.12000000e+00  1.45000000e+00 
-1.13000000e+00  7.20000000e-01 -1.13000000e+00 -4.12016906e-08 -1.13000000e+00  1.45000000e+00 
-1.14000000e+00  7.10000000e-01 -1.14000000e+00 -5.28645257e-08 -1.14000000e+00  1.45000000e+00 
-1.15000000e+00  7.00000000e-01 -1.15000000e+00 -6.73810580e-08 -1.15000000e+00  1.45000000e+00 
-1.16000000e+00  6.90000000e-01 -1.16000000e+00 -8.52483020e-08 -1.16000000e+00  1.45000000e+00 
-1.17000000e+00  6.80000000e-01 -1.17000000e+00 -1.06984873e-07 -1.17000000e+00  1.45000000e+00 
-1.18000000e+00  6.70000000e-01 -1.18000000e+00 -1.33116263e-07 -1.18000000e+00  1.45000000e+00 
-1.19000000e+00  6.60000000e-01 -1.19000000e+00 -1.64158894e-07 -1.19000000e+00  1.45000000e+00 
-1.20000000e+00  6.50000000e-01 -1.20000000e+00 -2.00604211e-07 -1.20000000e+00  1.45000000e+00 
-1.21000000e+00  6.40000000e-01 -1.21000000e+00 -2.42904041e-07 -1.21000000e+00  1.45000000e+00 
-1.22000000e+00  6.30000000e-01 -1.22000000e+00 -2.91458307e-07 -1.22000000e+00  1.45000000e+00 
-1.23000000e+00  6.20000000e-01 -1.23000000e+00 -3.46605835e-07 -1.23000000e+00  1.45000000e+00 
-1.24000000e+00  6.10000000e-01 -1.24000000e+00 -4.08618648e-07 -1.24000000e+00  1.45000000e+00 
-1.25000000e+00  6.00000000e-01 -1.25000000e+00 -4.77699769e-07 -1.25000000e+00  1.45000000e+00 
-1.26000000e+00  5.90000000e-01 -1.26000000e+00 -5.53984229e-07 -1.26000000e+00  1.45000000e+00 
-1.27000000e+00  5.80000000e-01 -1.27000000e+00 -6.37542749e-07 -1.27000000e+00  1.45000000e+00 
-1.28000000e+00  5.70000000e-01 -1.28000000e+00 -7.28387442e-07 -1.28000000e+00  1.45000000e+00 
-1.29000000e+00  5.60000000e-01 -1.29000000e+00 -8.26478847e-07 -1.29000000e+00  1.45000000e+00 
-1.30000000e+00  5.50000000e-01 -1.30000000e+00 -9.31733652e-07 -1.30000000e+00  1.45000000e+00 
-1.31000000e+00  5.40000000e-01 -1.31000000e+00 -1.04403254e-06 -1.31000000e+00  1.45000000e+00 
-1.32000000e+00  5.30000000e-01 -1.32000000e+00 -1.16322777e-06 -1.32000000e+00  1.45000000e+00 
-1.33000000e+00  5.20000000e-01 -1.33000000e+00 -1.28915011e-06 -1.33000000e+00  1.45000000e+00 
-1.34000000e+00  5.10000000e-01 -1.34000000e+00 -1.42161504e-06 -1.34000000e+00  1.45000000e+00 
-1.35000000e+00  5.00000000e-01 -1.35000000e+00 -1.56042805e-06 -1.35000000e+00  1.45000000e+00 
-1.36000000e+00  4.90000000e-01 -1.36000000e+00 -1.70538901e-06 -1.36000000e+00  1.45000000e+00 
-1.37000000e+00  4.80000000e-01 -1.37000000e+00 -1.85629579e-06 -1.37000000e+00  1.45000000e+00 
-1.38000000e+00  4.70000000e-01 -1.38000000e+00 -2.01294701e-06 -1.38000000e+00  1.45000000e+00 
-1.39000000e+00  4.60000000e-01 -1.39000000e+00 -2.17514412e-06 -1.39000000e+00  1.45000000e+00 
-1.40000000e+00  4.50000000e-01 -1.40000000e+00 -2.34269298e-06 -1.40000000e+00  1.45000000e+00 
-1.41000000e+00  4.40000000e-01 -1.41000000e+00 -2.51540484e-06 -1.41000000e+00  1.45000000e+00 
-1.42000000e+00  4.30000000e-01 -1.42000000e+00 -2.69309704e-06 -1.42000000e+00  1.45000000e+00 
-1.43000000e+00  4.20000000e-01 -1.43000000e+00 -2.87559336e-06 -1.43000000e+00  1.45000000e+00 
-1.44000000e+00  4.10000000e-01 -1.44000000e+00 -3.06272412e-06 -1.44000000e+00  1.45000000e+00 
-1.45000000e+00  4.00000000e-01 -1.45000000e+00 -3.25432615e-06 -1.45000000e+00  1.45000000e+00 
-1.46000000e+00  3.90000000e-01 -1.46000000e+00 -3.45024263e-06 -1.46000000e+00  1.45000000e+00 
-1.47000000e+00  3.80000000e-01 -1.47000000e+00 -3.65032280e-06 -1.47000000e+00  1.45000000e+00 
-1.48000000e+00  3.70000000e-01 -1.48000000e+00 -3.85442173e-06 -1.48000000e+00  1.45000000e+00 
-1.49000000e+00  3.60000000e-01 -1.49000000e+00 -4.06239991e-06 -1.49000000e+00  1.45000000e+00 
-1.50000000e+00  3.50000000e-01 -1.50000000e+00 -4.27412299e-06 -1.50000000e+00  1.45000000e+00 
-1.51000000e+00  3.40000000e-01 -1.51000000e+00 -4.48946139e-06 -1.51000000e+00  1.45000000e+00 
-1.52000000e+00  3.30000000e-01 -1.52000000e+00 -4.70829002e-06 -1.52000000e+00  1.45000000e+00 
-1.53000000e+00  3.20000000e-01 -1.53000000e+00 -4.93048797e-06 -1.53000000e+00  1.45000000e+00 
-1.54000000e+00  3.10000000e-01 -1.54000000e+00 -5.15593821e-06 -1.54000000e+00  1.45000000e+00 
-1.55000000e+00  3.00000000e-01 -1.55000000e+00 -5.38452735e-06 -1.55000000e+00  1.45000000e+00 
-1.56000000e+00  2.90000000e-01 -1.56000000e+00 -5.61614543e-06 -1.56000000e+00  1.45000000e+00 
-1.57000000e+00  2.80000000e-01 -1.57000000e+00 -5.85068567e-06 -1.57000000e+00  1.45000000e+00 
-1.58000000e+00  2.70000000e-01 -1.58000000e+00 -6.08804431e-06 -1.58000000e+00  1.45000000e+00 
-1.59000000e+00  2.60000000e-01 -1.59000000e+00 -6.32812045e-06 -1.59000000e+00  1.45000000e+00 
-1.60000000e+00  2.50000000e-01 -1.60000000e+00 -6.57081588e-06 -1.60000000e+00  1.45000000e+00 
-1.61000000e+00  2.40000000e-01 -1.61000000e+00 -6.81603496e-06 -1.61000000e+00  1.45000000e+00 
-1.62000000e+00  2.30000000e-01 -1.62000000e+00 -7.06368452e-06 -1.62000000e+00  1.45000000e+00 
-1.63000000e+00  2.20000000e-01 -1.63000000e+00 -7.31367373e-06 -1.63000000e+00  1.45000000e+00 
-1.64000000e+00  2.10000000e-01 -1.64000000e+00 -7.56591407e-06 -1.64000000e+00  1.45000000e+00 
-1.65000000e+00  2.00000000e-01 -1.65000000e+00 -7.82031916e-06 -1.65000000e+00  1.45000000e+00 
-1.66000000e+00  1.90000000e-01 -1.66000000e+00 -8.07680478e-06 -1.66000000e+00  1.45000000e+00 
-1.67000000e+00  1.80000000e-01 -1.67000000e+00 -8.33528874e-06 -1.67000000e+00  1.45000000e+00 
-1.68000000e+00  1.70000000e-01 -1.68000000e+00 -8.59569088e-06 -1.68000000e+00  1.45000000e+00 
-1.69000000e+00  1.60000000e-01 -1.69000000e+00 -8.85793297e-06 -1.69000000e+00  1.45000000e+00 
-1.70000000e+00  1.50000000e-01 -1.70000000e+00 -9.12193871e-06 -1.70000000e+00  1.45000000e+00 
-1.71000000e+00  1.40000000e-01 -1.71000000e+00 -9.38763363e-06 -1.71000000e+00  1.45000000e+00 
-1.72000000e+00  1.30000000e-01 -1.72000000e+00 -9.65494512e-06 -1.72000000e+00  1.45000000e+00 
-1.73000000e+00  1.20000000e-01 -1.73000000e+00 -9.92380234e-06 -1.73000000e+00  1.45000000e+00 
-1.74000000e+00  1.10000000e-01 -1.74000000e+00 -1.01941362e-05 -1.74000000e+00  1.45000000e+00 
-1.75000000e+00  1.00000000e-01 -1.75000000e+00 -1.04658794e-05 -1.75000000e+00  1.45000000e+00 
-1.76000000e+00  9.00000000e-02 -1.76000000e+00 -1.07389661e-05 -1.76000000e+00  1.45000000e+00 
-1.77000000e+00  8.00000000e-02 -1.77000000e+00 -1.10133325e-05 -1.77000000e+00  1.45000000e+00 
-1.78000000e+00  7.00000000e-02 -1.78000000e+00 -1.12889161e-05 -1.78000000e+00  1.45000000e+00 
-1.79000000e+00  6.00000000e-02 -1.79000000e+00 -1.15656561e-05 -1.79000000e+00  1.45000000e+00 
-1.80000000e+00  5.00000000e-02 -1.80000000e+00 -1.18434932e-05 -1.80000000e+00  1.45000000e+00 
-1.81000000e+00  4.00000000e-02 -1.81000000e+00 -1.21223699e-05 -1.81000000e+00  1.45000000e+00 
-1.82000000e+00  3.00000000e-02 -1.82000000e+00 -1.24022299e-05 -1.82000000e+00  1.45000000e+00 
-1.83000000e+00  2.00000000e-02 -1.83000000e+00 -1.26830186e-05 -1.83000000e+00  1.45000000e+00 
-1.84000000e+00  1.00000000e-02 -1.84000000e+00 -1.29646827e-05 -1.84000000e+00  1.45000000e+00 
-1.85000000e+00 -1.33226763e-15 -1.85000000e+00 -1.32471704e-05 -1.85000000e+00  1.45000000e+00 
