 0.00000000e+00  1.85000000e+00  0.00000000e+00 -3.61049525e-22  0.00000000e+00  1.11000000e+00 
-1.00000000e-02  1.84000000e+00 -1.00000000e-02 -4.82802474e-22 -1.00000000e-02  1.11000000e+00 
-2.00000000e-02  1.83000000e+00 -2.00000000e-02 -6.45612891e-22 -2.00000000e-02  1.11000000e+00 
-3.00000000e-02  1.82000000e+00 -3.00000000e-02 -8.63326157e-22 -3.00000000e-02  1.11000000e+00 
-4.00000000e-02  1.81000000e+00 -4.00000000e-02 -1.15445658e-21 -4.00000000e-02  1.11000000e+00 
-5.00000000e-02  1.80000000e+00 -5.00000000e-02 -1.54376184e-21 -5.00000000e-02  1.11000000e+00 
-6.00000000e-02  1.79000000e+00 -6.00000000e-02 -2.06434842e-21 -6.00000000e-02  1.11000000e+00 
-7.00000000e-02  1.78000000e+00 -7.00000000e-02 -2.76048691e-21 -7.00000000e-02  1.11000000e+00 
-8.00000000e-02  1.77000000e+00 -8.00000000e-02 -3.69137683e-21 -8.00000000e-02  1.11000000e+00 
-9.00000000e-02  1.76000000e+00 -9.00000000e-02 -4.93618089e-21 -9.00000000e-02  1.11000000e+00 
-1.00000000e-01  1.75000000e+00 -1.00000000e-01 -6.60075701e-21 -1.00000000e-01  1.11000000e+00 
-1.10000000e-01  1.74000000e+00 -1.10000000e-01 -8.82666040e-21 -1.10000000e-01  1.11000000e+00 
-1.20000000e-01  1.73000000e+00 -1.20000000e-01 -1.18031814e-20 -1.20000000e-01  1.11000000e+00 
-1.30000000e-01  1.72000000e+00 -1.30000000e-01 -1.57834428e-20 -1.30000000e-01  1.11000000e+00 
-1.40000000e-01  1.71000000e+00 -1.40000000e-01 -2.11059248e-20 -1.40000000e-01  1.11000000e+00 
-1.50000000e-01  1.70000000e+00 -1.50000000e-01 -2.82232499e-20 -1.50000000e-01  1.11000000e+00 
-1.60000000e-01  1.69000000e+00 -1.60000000e-01 -3.77406733e-20 -1.60000000e-01  1.11000000e+00 
-1.70000000e-01  1.68000000e+00 -1.70000000e-01 -5.04675532e-20 -1.70000000e-01  1.11000000e+00 
-1.80000000e-01  1.67000000e+00 -1.80000000e-01 -6.74861788e-20 -1.80000000e-01  1.11000000e+00 
-1.90000000e-01  1.66000000e+00 -1.90000000e-01 -9.02438067e-20 -1.90000000e-01  1.11000000e+00 
-2.00000000e-01  1.65000000e+00 -2.00000000e-01 -1.20675734e-19 -2.00000000e-01  1.11000000e+00 
-2.10000000e-01  1.64000000e+00 -2.10000000e-01 -1.61369877e-19 -2.10000000e-01  1.11000000e+00 
-2.20000000e-01  1.63000000e+00 -2.20000000e-01 -2.15786839e-19 -2.20000000e-01  1.11000000e+00 
-2.30000000e-01  1.62000000e+00 -2.30000000e-01 -2.88554201e-19 -2.30000000e-01  1.11000000e+00 
-2.40000000e-01  1.61000000e+00 -2.40000000e-01 -3.85860041e-19 -2.40000000e-01  1.11000000e+00 
-2.50000000e-01  1.60000000e+00 -2.50000000e-01 -5.15979162e-19 -2.50000000e-01  1.11000000e+00 
-2.60000000e-01  1.59000000e+00 -2.60000000e-01 -6.89976760e-19 -2.60000000e-01  1.11000000e+00 
-2.70000000e-01  1.58000000e+00 -2.70000000e-01 -9.22649385e-19 -2.70000000e-01  1.11000000e+00 
-2.80000000e-01  1.57000000e+00 -2.80000000e-01 -1.23378321e-18 -2.80000000e-01  1.11000000e+00 
-2.90000000e-01  1.56000000e+00 -2.90000000e-01 -1.64983656e-18 -2.90000000e-01  1.11000000e+00 
-3.00000000e-01  1.55000000e+00 -3.00000000e-01 -2.20618990e-18 -3.00000000e-01  1.11000000e+00 
-3.10000000e-01  1.54000000e+00 -3.10000000e-01 -2.95015438e-18 -3.10000000e-01  1.11000000e+00 
-3.20000000e-01  1.53000000e+00 -3.20000000e-01 -3.94499501e-18 -3.20000000e-01  1.11000000e+00 
-3.30000000e-01  1.52000000e+00 -3.30000000e-01 -5.27531036e-18 -3.30000000e-01  1.11000000e+00 
-3.40000000e-01  1.51000000e+00 -3.40000000e-01 -7.05422636e-18 -3.40000000e-01  1.11000000e+00 
-3.50000000e-01  1.50000000e+00 -3.50000000e-01 -9.43301569e-18 -3.50000000e-01  1.11000000e+00 
-3.60000000e-01  1.49000000e+00 -3.60000000e-01 -1.26139609e-17 -3.60000000e-01  1.11000000e+00 
-3.70000000e-01  1.48000000e+00 -3.70000000e-01 -1.68675544e-17 -3.70000000e-01  1.11000000e+00 
-3.80000000e-01  1.47000000e+00 -3.80000000e-01 -2.25554989e-17 -3.80000000e-01  1.11000000e+00 
-3.90000000e-01  1.46000000e+00 -3.90000000e-01 -3.01614612e-17 -3.90000000e-01  1.11000000e+00 
-4.00000000e-01  1.45000000e+00 -4.00000000e-01 -4.03321973e-17 -4.00000000e-01  1.11000000e+00 
-4.10000000e-01  1.44000000e+00 -4.10000000e-01 -5.39325415e-17 -4.10000000e-01  1.11000000e+00 
-4.20000000e-01  1.43000000e+00 -4.20000000e-01 -7.21189356e-17 -4.20000000e-01  1.11000000e+00 
-4.30000000e-01  1.42000000e+00 -4.30000000e-01 -9.64377475e-17 -4.30000000e-01  1.11000000e+00 
-4.40000000e-01  1.41000000e+00 -4.40000000e-01 -1.28956736e-16 -4.40000000e-01  1.11000000e+00 
-4.50000000e-01  1.40000000e+00 -4.50000000e-01 -1.72440830e-16 -4.50000000e-01  1.11000000e+00 
-4.60000000e-01  1.39000000e+00 -4.60000000e-01 -2.30587171e-16 -4.60000000e-01  1.11000000e+00 
-4.70000000e-01  1.38000000e+00 -4.70000000e-01 -3.08339366e-16 -4.70000000e-01  1.11000000e+00 
-4.80000000e-01  1.37000000e+00 -4.80000000e-01 -4.12307676e-16 -4.80000000e-01  1.11000000e+00 
-4.90000000e-01  1.36000000e+00 -4.90000000e-01 -5.51330805e-16 -4.90000000e-01  1.11000000e+00 
-5.00000000e-01  1.35000000e+00 -5.00000000e-01 -7.37227016e-16 -5.00000000e-01  1.11000000e+00 
-5.10000000e-01  1.34000000e+00 -5.10000000e-01 -9.85798328e-16 -5.10000000e-01  1.11000000e+00 
-5.20000000e-01  1.33000000e+00 -5.20000000e-01 -1.31817305e-15 -5.20000000e-01  1.11000000e+00 
-5.30000000e-01  1.32000000e+00 -5.30000000e-01 -1.76260041e-15 -5.30000000e-01  1.11000000e+00 
-5.40000000e-01  1.31000000e+00 -5.40000000e-01 -2.35684999e-15 -5.40000000e-01  1.11000000e+00 
-5.50000000e-01  1.30000000e+00 -5.50000000e-01 -3.15141888e-15 -5.50000000e-01  1.11000000e+00 
-5.60000000e-01  1.29000000e+00 -5.60000000e-01 -4.21381866e-15 -5.60000000e-01  1.11000000e+00 
-5.70000000e-01  1.28000000e+00 -5.70000000e-01 -5.63430534e-15 -5.70000000e-01  1.11000000e+00 
-5.80000000e-01  1.27000000e+00 -5.80000000e-01 -7.53353733e-15 -5.80000000e-01  1.11000000e+00 
-5.90000000e-01  1.26000000e+00 -5.90000000e-01 -1.00728094e-14 -5.90000000e-01  1.11000000e+00 
-6.00000000e-01  1.25000000e+00 -6.00000000e-01 -1.34677278e-14 -6.00000000e-01  1.11000000e+00 
-6.10000000e-01  1.24000000e+00 -6.10000000e-01 -1.80064813e-14 -6.10000000e-01  1.11000000e+00 
-6.20000000e-01  1.23000000e+00 -6.20000000e-01 -2.40742502e-14 -6.20000000e-01  1.11000000e+00 
-6.30000000e-01  1.22000000e+00 -6.30000000e-01 -3.21858094e-14 -6.30000000e-01  1.11000000e+00 
-6.40000000e-01  1.21000000e+00 -6.40000000e-01 -4.30290703e-14 -6.40000000e-01  1.11000000e+00 
-6.50000000e-01  1.20000000e+00 -6.50000000e-01 -5.75232172e-14 -6.50000000e-01  1.11000000e+00 
-6.60000000e-01  1.19000000e+00 -6.60000000e-01 -7.68963162e-14 -6.60000000e-01  1.11000000e+00 
-6.70000000e-01  1.18000000e+00 -6.70000000e-01 -1.02788888e-13 -6.70000000e-01  1.11000000e+00 
-6.80000000e-01  1.17000000e+00 -6.80000000e-01 -1.37392087e-13 -6.80000000e-01  1.11000000e+00 
-6.90000000e-01  1.16000000e+00 -6.90000000e-01 -1.83631996e-13 -6.90000000e-01  1.11000000e+00 
-7.00000000e-01  1.15000000e+00 -7.00000000e-01 -2.45415307e-13 -7.00000000e-01  1.11000000e+00 
-7.10000000e-01  1.14000000e+00 -7.10000000e-01 -3.27956704e-13 -7.10000000e-01  1.11000000e+00 
-7.20000000e-01  1.13000000e+00 -7.20000000e-01 -4.38214878e-13 -7.20000000e-01  1.11000000e+00 
-7.30000000e-01  1.12000000e+00 -7.30000000e-01 -5.85472859e-13 -7.30000000e-01  1.11000000e+00 
-7.40000000e-01  1.11000000e+00 -7.40000000e-01 -7.82109917e-13 -7.40000000e-01  1.11000000e+00 
-7.50000000e-01  1.10000000e+00 -7.50000000e-01 -1.04462743e-12 -7.50000000e-01  1.11000000e+00 
-7.60000000e-01  1.09000000e+00 -7.60000000e-01 -1.39501108e-12 -7.60000000e-01  1.11000000e+00 
-7.70000000e-01  1.08000000e+00 -7.70000000e-01 -1.86253772e-12 -7.70000000e-01  1.11000000e+00 
-7.80000000e-01  1.07000000e+00 -7.80000000e-01 -2.48616948e-12 -7.80000000e-01  1.11000000e+00 
-7.90000000e-01  1.06000000e+00 -7.90000000e-01 -3.31772152e-12 -7.90000000e-01  1.11000000e+00 
-8.00000000e-01  1.05000000e+00 -8.00000000e-01 -4.42604772e-12 -8.00000000e-01  1.11000000e+00 
-8.10000000e-01  1.04000000e+00 -8.10000000e-01 -5.90256211e-12 -8.10000000e-01  1.11000000e+00 
-8.20000000e-01  1.03000000e+00 -8.20000000e-01 -7.86850956e-12 -8.20000000e-01  1.11000000e+00 
-8.30000000e-01  1.02000000e+00 -8.30000000e-01 -1.04845210e-11 -8.30000000e-01  1.11000000e+00 
-8.40000000e-01  1.01000000e+00 -8.40000000e-01 -1.39631450e-11 -8.40000000e-01  1.11000000e+00 
-8.50000000e-01  1.00000000e+00 -8.50000000e-01 -1.85852455e-11 -8.50000000e-01  1.11000000e+00 
-8.60000000e-01  9.90000000e-01 -8.60000000e-01 -2.47214103e-11 -8.60000000e-01  1.11000000e+00 
-8.70000000e-01  9.80000000e-01 -8.70000000e-01 -3.28598354e-11 -8.70000000e-01  1.11000000e+00 
-8.80000000e-01  9.70000000e-01 -8.80000000e-01 -4.36425664e-11 -8.80000000e-01  1.11000000e+00 
-8.90000000e-01  9.60000000e-01 -8.90000000e-01 -5.79125082e-11 -8.90000000e-01  1.11000000e+00 
-9.00000000e-01  9.50000000e-01 -9.00000000e-01 -7.67743135e-11 -9.00000000e-01  1.11000000e+00 
-9.10000000e-01  9.40000000e-01 -9.10000000e-01 -1.01673185e-10 -9.10000000e-01  1.11000000e+00 
-9.20000000e-01  9.30000000e-01 -9.20000000e-01 -1.34496884e-10 -9.20000000e-01  1.11000000e+00 
-9.30000000e-01  9.20000000e-01 -9.30000000e-01 -1.77707974e-10 -9.30000000e-01  1.11000000e+00 
-9.40000000e-01  9.10000000e-01 -9.40000000e-01 -2.34515769e-10 -9.40000000e-01  1.11000000e+00 
-9.50000000e-01  9.00000000e-01 -9.50000000e-01 -3.09100938e-10 -9.50000000e-01  1.11000000e+00 
-9.60000000e-01  8.90000000e-01 -9.60000000e-01 -4.06910642e-10 -9.60000000e-01  1.11000000e+00 
-9.70000000e-01  8.80000000e-01 -9.70000000e-01 -5.35049041e-10 -9.70000000e-01  1.11000000e+00 
-9.80000000e-01  8.70000000e-01 -9.80000000e-01 -7.02797532e-10 -9.80000000e-01  1.11000000e+00 
-9.90000000e-01  8.60000000e-01 -9.90000000e-01 -9.22311739e-10 -9.90000000e-01  1.11000000e+00 
-1.00000000e+00  8.50000000e-01 -1.00000000e+00 -1.20955807e-09 -1.00000000e+00  1.11000000e+00 
-1.01000000e+00  8.40000000e-01 -1.01000000e+00 -1.58557095e-09 -1.01000000e+00  1.11000000e+00 
-1.02000000e+00  8.30000000e-01 -1.02000000e+00 -2.07813015e-09 -1.02000000e+00  1.11000000e+00 
-1.03000000e+00  8.20000000e-01 -1.03000000e+00 -2.72397208e-09 -1.03000000e+00  1.11000000e+00 
-1.04000000e+00  8.10000000e-01 -1.04000000e+00 -3.57165200e-09 -1.04000000e+00  1.11000000e+00 
-1.05000000e+00  8.00000000e-01 -1.05000000e+00 -4.68515678e-09 -1.05000000e+00  1.11000000e+00 
-1.06000000e+00  7.90000000e-01 -1.06000000e+00 -6.14832041e-09 -1.06000000e+00  1.11000000e+00 
-1.07000000e+00  7.80000000e-01 -1.07000000e+00 -8.07000712e-09 -1.07000000e+00  1.11000000e+00 
-1.08000000e+00  7.70000000e-01 -1.08000000e+00 -1.05898980e-08 -1.08000000e+00  1.11000000e+00 
-1.09000000e+00  7.60000000e-01 -1.09000000e+00 -1.38845530e-08 -1.09000000e+00  1.11000000e+00 
-1.10000000e+00  7.50000000e-01 -1.10000000e+00 -1.81732402e-08 -1.10000000e+00  1.11000000e+00 
-1.11000000e+00  7.40000000e-01 -1.11000000e+00 -2.37228644e-08 -1.11000000e+00  1.11000000e+00 
-1.12000000e+00  7.30000000e-01 -1.12000000e+00 -3.08512232e-08 -1.12000000e+00  1.11000000e+00 
-1.13000000e+00  7.20000000e-01 -1.13000000e+00 -3.99278177e-08 -1.13000000e+00  1.11000000e+00 
-1.14000000e+00  7.10000000e-01 -1.14000000e+00 -5.13715683e-08 -1.14000000e+00  1.11000000e+00 
-1.15000000e+00  7.00000000e-01 -1.15000000e+00 -6.56450448e-08 -1.15000000e+00  1.11000000e+00 
-1.16000000e+00  6.90000000e-01 -1.16000000e+00 -8.32451814e-08 -1.16000000e+00  1.11000000e+00 
-1.17000000e+00  6.80000000e-01 -1.17000000e+00 -1.04690866e-07 -1.17000000e+00  1.11000000e+00 
-1.18000000e+00  6.70000000e-01 -1.18000000e+00 -1.30508195e-07 -1.18000000e+00  1.11000000e+00 
-1.19000000e+00  6.60000000e-01 -1.19000000e+00 -1.61214484e-07 -1.19000000e+00  1.11000000e+00 
-1.20000000e+00  6.50000000e-01 -1.20000000e+00 -1.97302312e-07 -1.20000000e+00  1.11000000e+00 
-1.21000000e+00  6.40000000e-01 -1.21000000e+00 -2.39224824e-07 -1.21000000e+00  1.11000000e+00 
-1.22000000e+00  6.30000000e-01 -1.22000000e+00 -2.87383381e-07 -1.22000000e+00  1.11000000e+00 
-1.23000000e+00  6.20000000e-01 -1.23000000e+00 -3.42118309e-07 -1.23000000e+00  1.11000000e+00 
-1.24000000e+00  6.10000000e-01 -1.24000000e+00 -4.03703136e-07 -1.24000000e+00  1.11000000e+00 
-1.25000000e+00  6.00000000e-01 -1.25000000e+00 -4.72342353e-07 -1.25000000e+00  1.11000000e+00 
-1.26000000e+00  5.90000000e-01 -1.26000000e+00 -5.48172376e-07 -1.26000000e+00  1.11000000e+00 
-1.27000000e+00  5.80000000e-01 -1.27000000e+00 -6.31265203e-07 -1.27000000e+00  1.11000000e+00 
-1.28000000e+00  5.70000000e-01 -1.28000000e+00 -7.21634097e-07 -1.28000000e+00  1.11000000e+00 
-1.29000000e+00  5.60000000e-01 -1.29000000e+00 -8.19240604e-07 -1.29000000e+00  1.11000000e+00 
-1.30000000e+00  5.50000000e-01 -1.30000000e+00 -9.24002273e-07 -1.30000000e+00  1.11000000e+00 
-1.31000000e+00  5.40000000e-01 -1.31000000e+00 -1.03580051e-06 -1.31000000e+00  1.11000000e+00 
-1.32000000e+00  5.30000000e-01 -1.32000000e+00 -1.15448814e-06 -1.32000000e+00  1.11000000e+00 
-1.33000000e+00  5.20000000e-01 -1.33000000e+00 -1.27989638e-06 -1.33000000e+00  1.11000000e+00 
-1.34000000e+00  5.10000000e-01 -1.34000000e+00 -1.41184103e-06 -1.34000000e+00  1.11000000e+00 
-1.35000000e+00  5.00000000e-01 -1.35000000e+00 -1.55012778e-06 -1.35000000e+00  1.11000000e+00 
-1.36000000e+00  4.90000000e-01 -1.36000000e+00 -1.69455664e-06 -1.36000000e+00  1.11000000e+00 
-1.37000000e+00  4.80000000e-01 -1.37000000e+00 -1.84492547e-06 -1.37000000e+00  1.11000000e+00 
-1.38000000e+00  4.70000000e-01 -1.38000000e+00 -2.00103283e-06 -1.38000000e+00  1.11000000e+00 
-1.39000000e+00  4.60000000e-01 -1.39000000e+00 -2.16268006e-06 -1.39000000e+00  1.11000000e+00 
-1.40000000e+00  4.50000000e-01 -1.40000000e+00 -2.32967280e-06 -1.40000000e+00  1.11000000e+00 
-1.41000000e+00  4.40000000e-01 -1.41000000e+00 -2.50182206e-06 -1.41000000e+00  1.11000000e+00 
-1.42000000e+00  4.30000000e-01 -1.42000000e+00 -2.67894491e-06 -1.42000000e+00  1.11000000e+00 
-1.43000000e+00  4.20000000e-01 -1.43000000e+00 -2.86086476e-06 -1.43000000e+00  1.11000000e+00 
-1.44000000e+00  4.10000000e-01 -1.44000000e+00 -3.04741157e-06 -1.44000000e+00  1.11000000e+00 
-1.45000000e+00  4.00000000e-01 -1.45000000e+00 -3.23842176e-06 -1.45000000e+00  1.11000000e+00 
-1.46000000e+00  3.90000000e-01 -1.46000000e+00 -3.43373807e-06 -1.46000000e+00  1.11000000e+00 
-1.47000000e+00  3.80000000e-01 -1.47000000e+00 -3.63320930e-06 -1.47000000e+00  1.11000000e+00 
-1.48000000e+00  3.70000000e-01 -1.48000000e+00 -3.83669000e-06 -1.48000000e+00  1.11000000e+00 
-1.49000000e+00  3.60000000e-01 -1.49000000e+00 -4.04404017e-06 -1.49000000e+00  1.11000000e+00 
-1.50000000e+00  3.50000000e-01 -1.50000000e+00 -4.25512491e-06 -1.50000000e+00  1.11000000e+00 
-1.51000000e+00  3.40000000e-01 -1.51000000e+00 -4.46981410e-06 -1.51000000e+00  1.11000000e+00 
-1.52000000e+00  3.30000000e-01 -1.52000000e+00 -4.68798206e-06 -1.52000000e+00  1.11000000e+00 
-1.53000000e+00  3.20000000e-01 -1.53000000e+00 -4.90950728e-06 -1.53000000e+00  1.11000000e+00 
-1.54000000e+00  3.10000000e-01 -1.54000000e+00 -5.13427211e-06 -1.54000000e+00  1.11000000e+00 
-1.55000000e+00  3.00000000e-01 -1.55000000e+00 -5.36216253e-06 -1.55000000e+00  1.11000000e+00 
-1.56000000e+00  2.90000000e-01 -1.56000000e+00 -5.59306790e-06 -1.56000000e+00  1.11000000e+00 
-1.57000000e+00  2.80000000e-01 -1.57000000e+00 -5.82688076e-06 -1.57000000e+00  1.11000000e+00 
-1.58000000e+00  2.70000000e-01 -1.58000000e+00 -6.06349665e-06 -1.58000000e+00  1.11000000e+00 
-1.59000000e+00  2.60000000e-01 -1.59000000e+00 -6.30281391e-06 -1.59000000e+00  1.11000000e+00 
-1.60000000e+00  2.50000000e-01 -1.60000000e+00 -6.54473357e-06 -1.60000000e+00  1.11000000e+00 
-1.61000000e+00  2.40000000e-01 -1.61000000e+00 -6.78915921e-06 -1.61000000e+00  1.11000000e+00 
-1.62000000e+00  2.30000000e-01 -1.62000000e+00 -7.03599683e-06 -1.62000000e+00  1.11000000e+00 
-1.63000000e+00  2.20000000e-01 -1.63000000e+00 -7.28515475e-06 -1.63000000e+00  1.11000000e+00 
-1.64000000e+00  2.10000000e-01 -1.64000000e+00 -7.53654355e-06 -1.64000000e+00  1.11000000e+00 
-1.65000000e+00  2.00000000e-01 -1.65000000e+00 -7.79007595e-06 -1.65000000e+00  1.11000000e+00 
-1.66000000e+00  1.90000000e-01 -1.66000000e+00 -8.04566674e-06 -1.66000000e+00  1.11000000e+00 
-1.67000000e+00  1.80000000e-01 -1.67000000e+00 -8.30323276e-06 -1.67000000e+00  1.11000000e+00 
-1.68000000e+00  1.70000000e-01 -1.68000000e+00 -8.56269277e-06 -1.68000000e+00  1.11000000e+00 
-1.69000000e+00  1.60000000e-01 -1.69000000e+00 -8.82396749e-06 -1.69000000e+00  1.11000000e+00 
-1.70000000e+00  1.50000000e-01 -1.70000000e+00 -9.08697945e-06 -1.70000000e+00  1.11000000e+00 
-1.71000000e+00  1.40000000e-01 -1.71000000e+00 -9.35165302e-06 -1.71000000e+00  1.11000000e+00 
-1.72000000e+00  1.30000000e-01 -1.72000000e+00 -9.61791433e-06 -1.72000000e+00  1.11000000e+00 
-1.73000000e+00  1.20000000e-01 -1.73000000e+00 -9.88569125e-06 -1.73000000e+00  1.11000000e+00 
-1.74000000e+00  1.10000000e-01 -1.74000000e+00 -1.01549133e-05 -1.74000000e+00  1.11000000e+00 
-1.75000000e+00  1.00000000e-01 -1.75000000e+00 -1.04255118e-05 -1.75000000e+00  1.11000000e+00 
-1.76000000e+00  9.00000000e-02 -1.76000000e+00 -1.06974194e-05 -1.76000000e+00  1.11000000e+00 
-1.77000000e+00  8.00000000e-02 -1.77000000e+00 -1.09705707e-05 -1.77000000e+00  1.11000000e+00 
-1.78000000e+00  7.00000000e-02 -1.78000000e+00 -1.12449015e-05 -1.78000000e+00  1.11000000e+00 
-1.79000000e+00  6.00000000e-02 -1.79000000e+00 -1.15203494e-05 -1.79000000e+00  1.11000000e+00 
-1.80000000e+00  5.00000000e-02 -1.80000000e+00 -1.17968533e-05 -1.80000000e+00  1.11000000e+00 
-1.81000000e+00  4.00000000e-02 -1.81000000e+00 -1.20743536e-05 -1.81000000e+00  1.11000000e+00 
-1.82000000e+00  3.00000000e-02 -1.82000000e+00 -1.23527921e-05 -1.82000000e+00  1.11000000e+00 
-1.83000000e+00  2.00000000e-02 -1.83000000e+00 -1.26321120e-05 -1.83000000e+00  1.11000000e+00 
-1.84000000e+00  1.00000000e-02 -1.84000000e+00 -1.29122578e-05 -1.84000000e+00  1.11000000e+00 
-1.85000000e+00 -1.33226763e-15 -1.85000000e+00 -1.31931754e-05 -1.85000000e+00  1.11000000e+00 
