 0.00000000e+00  0.00000000e+00  0.00000000e+00  2.41105026e-25  0.00000000e+00  1.00000000e-02 
 1.00000000e-02  1.00000000e-02  1.00000000e-02  5.87013131e-25  1.00000000e-02  1.00000000e-02 
 2.00000000e-02  2.00000000e-02  2.00000000e-02  1.42918830e-24  2.00000000e-02  1.00000000e-02 
 3.00000000e-02  3.00000000e-02  3.00000000e-02  3.47961420e-24  3.00000000e-02  1.00000000e-02 
 4.00000000e-02  4.00000000e-02  4.00000000e-02  8.47174132e-24  4.00000000e-02  1.00000000e-02 
 5.00000000e-02  5.00000000e-02  5.00000000e-02  2.06259707e-23  5.00000000e-02  1.00000000e-02 
 6.00000000e-02  6.00000000e-02  6.00000000e-02  5.02175915e-23  6.00000000e-02  1.00000000e-02 
 7.00000000e-02  7.00000000e-02  7.00000000e-02  1.22263623e-22  7.00000000e-02  1.00000000e-02 
 8.00000000e-02  8.00000000e-02  8.00000000e-02  2.97672376e-22  8.00000000e-02  1.00000000e-02 
 9.00000000e-02  9.00000000e-02  9.00000000e-02  7.24735430e-22  9.00000000e-02  1.00000000e-02 
 1.00000000e-01  1.00000000e-01  1.00000000e-01  1.76449343e-21  1.00000000e-01  1.00000000e-02 
 1.10000000e-01  1.10000000e-01  1.10000000e-01  4.29595718e-21  1.10000000e-01  1.00000000e-02 
 1.20000000e-01  1.20000000e-01  1.20000000e-01  1.04592087e-20  1.20000000e-01  1.00000000e-02 
 1.30000000e-01  1.30000000e-01  1.30000000e-01  2.54645579e-20  1.30000000e-01  1.00000000e-02 
 1.40000000e-01  1.40000000e-01  1.40000000e-01  6.19970443e-20  1.40000000e-01  1.00000000e-02 
 1.50000000e-01  1.50000000e-01  1.50000000e-01  1.50939178e-19  1.50000000e-01  1.00000000e-02 
 1.60000000e-01  1.60000000e-01  1.60000000e-01  3.67474297e-19  1.60000000e-01  1.00000000e-02 
 1.70000000e-01  1.70000000e-01  1.70000000e-01  8.94628209e-19  1.70000000e-01  1.00000000e-02 
 1.80000000e-01  1.80000000e-01  1.80000000e-01  2.17792836e-18  1.80000000e-01  1.00000000e-02 
 1.90000000e-01  1.90000000e-01  1.90000000e-01  5.30178107e-18  1.90000000e-01  1.00000000e-02 
 2.00000000e-01  2.00000000e-01  2.00000000e-01  1.29051905e-17  2.00000000e-01  1.00000000e-02 
 2.10000000e-01  2.10000000e-01  2.10000000e-01  3.14088166e-17  2.10000000e-01  1.00000000e-02 
 2.20000000e-01  2.20000000e-01  2.20000000e-01  7.64279539e-17  2.20000000e-01  1.00000000e-02 
 2.30000000e-01  2.30000000e-01  2.30000000e-01  1.85916565e-16  2.30000000e-01  1.00000000e-02 
 2.40000000e-01  2.40000000e-01  2.40000000e-01  4.52036998e-16  2.40000000e-01  1.00000000e-02 
 2.50000000e-01  2.50000000e-01  2.50000000e-01  1.09825502e-15  2.50000000e-01  1.00000000e-02 
 2.60000000e-01  2.60000000e-01  2.60000000e-01  2.66517007e-15  2.60000000e-01  1.00000000e-02 
 2.70000000e-01  2.70000000e-01  2.70000000e-01  6.45595109e-15  2.70000000e-01  1.00000000e-02 
 2.80000000e-01  2.80000000e-01  2.80000000e-01  1.55948596e-14  2.80000000e-01  1.00000000e-02 
 2.90000000e-01  2.90000000e-01  2.90000000e-01  3.75093384e-14  2.90000000e-01  1.00000000e-02 
 3.00000000e-01  3.00000000e-01  3.00000000e-01  8.96320139e-14  3.00000000e-01  1.00000000e-02 
 3.10000000e-01  3.10000000e-01  3.10000000e-01  2.12096822e-13  3.10000000e-01  1.00000000e-02 
 3.20000000e-01  3.20000000e-01  3.20000000e-01  4.94711592e-13  3.20000000e-01  1.00000000e-02 
 3.30000000e-01  3.30000000e-01  3.30000000e-01  1.13043150e-12  3.30000000e-01  1.00000000e-02 
 3.40000000e-01  3.40000000e-01  3.40000000e-01  2.51141710e-12  3.40000000e-01  1.00000000e-02 
 3.50000000e-01  3.50000000e-01  3.50000000e-01  5.38013639e-12  3.50000000e-01  1.00000000e-02 
 3.60000000e-01  3.60000000e-01  3.60000000e-01  1.10322991e-11  3.60000000e-01  1.00000000e-02 
 3.70000000e-01  3.70000000e-01  3.70000000e-01  2.15567238e-11  3.70000000e-01  1.00000000e-02 
 3.80000000e-01  3.80000000e-01  3.80000000e-01  4.01318503e-11  3.80000000e-01  1.00000000e-02 
 3.90000000e-01  3.90000000e-01  3.90000000e-01  7.14937008e-11  3.90000000e-01  1.00000000e-02 
 4.00000000e-01  4.00000000e-01  4.00000000e-01  1.22783162e-10  4.00000000e-01  1.00000000e-02 
 4.10000000e-01  4.10000000e-01  4.10000000e-01  2.05026725e-10  4.10000000e-01  1.00000000e-02 
 4.20000000e-01  4.20000000e-01  4.20000000e-01  3.35584732e-10  4.20000000e-01  1.00000000e-02 
 4.30000000e-01  4.30000000e-01  4.30000000e-01  5.42145642e-10  4.30000000e-01  1.00000000e-02 
 4.40000000e-01  4.40000000e-01  4.40000000e-01  8.69359436e-10  4.40000000e-01  1.00000000e-02 
 4.50000000e-01  4.50000000e-01  4.50000000e-01  1.39015323e-09  4.50000000e-01  1.00000000e-02 
 4.60000000e-01  4.60000000e-01  4.60000000e-01  2.22549088e-09  4.60000000e-01  1.00000000e-02 
 4.70000000e-01  4.70000000e-01  4.70000000e-01  3.57927644e-09  4.70000000e-01  1.00000000e-02 
 4.80000000e-01  4.80000000e-01  4.80000000e-01  5.79929229e-09  4.80000000e-01  1.00000000e-02 
 4.90000000e-01  4.90000000e-01  4.90000000e-01  9.47824065e-09  4.90000000e-01  1.00000000e-02 
 5.00000000e-01  5.00000000e-01  5.00000000e-01  1.56025068e-08  5.00000000e-01  1.00000000e-02 
 5.10000000e-01  5.10000000e-01  5.10000000e-01  2.57226394e-08  5.10000000e-01  1.00000000e-02 
 5.20000000e-01  5.20000000e-01  5.20000000e-01  4.20478755e-08  5.20000000e-01  1.00000000e-02 
 5.30000000e-01  5.30000000e-01  5.30000000e-01  6.73031394e-08  5.30000000e-01  1.00000000e-02 
 5.40000000e-01  5.40000000e-01  5.40000000e-01  1.04254099e-07  5.40000000e-01  1.00000000e-02 
 5.50000000e-01  5.50000000e-01  5.50000000e-01  1.55051243e-07  5.50000000e-01  1.00000000e-02 
 5.60000000e-01  5.60000000e-01  5.60000000e-01  2.20744889e-07  5.60000000e-01  1.00000000e-02 
 5.70000000e-01  5.70000000e-01  5.70000000e-01  3.01214748e-07  5.70000000e-01  1.00000000e-02 
 5.80000000e-01  5.80000000e-01  5.80000000e-01  3.95453928e-07  5.80000000e-01  1.00000000e-02 
 5.90000000e-01  5.90000000e-01  5.90000000e-01  5.01974447e-07  5.90000000e-01  1.00000000e-02 
 6.00000000e-01  6.00000000e-01  6.00000000e-01  6.19147414e-07  6.00000000e-01  1.00000000e-02 
 6.10000000e-01  6.10000000e-01  6.10000000e-01  7.45413808e-07  6.10000000e-01  1.00000000e-02 
 6.20000000e-01  6.20000000e-01  6.20000000e-01  8.79382855e-07  6.20000000e-01  1.00000000e-02 
 6.30000000e-01  6.30000000e-01  6.30000000e-01  1.01985892e-06  6.30000000e-01  1.00000000e-02 
 6.40000000e-01  6.40000000e-01  6.40000000e-01  1.16583190e-06  6.40000000e-01  1.00000000e-02 
 6.50000000e-01  6.50000000e-01  6.50000000e-01  1.31645319e-06  6.50000000e-01  1.00000000e-02 
 6.60000000e-01  6.60000000e-01  6.60000000e-01  1.47100878e-06  6.60000000e-01  1.00000000e-02 
 6.70000000e-01  6.70000000e-01  6.70000000e-01  1.62889465e-06  6.70000000e-01  1.00000000e-02 
 6.80000000e-01  6.80000000e-01  6.80000000e-01  1.78959601e-06  6.80000000e-01  1.00000000e-02 
 6.90000000e-01  6.90000000e-01  6.90000000e-01  1.95267059e-06  6.90000000e-01  1.00000000e-02 
 7.00000000e-01  7.00000000e-01  7.00000000e-01  2.11773542e-06  7.00000000e-01  1.00000000e-02 
 7.10000000e-01  7.10000000e-01  7.10000000e-01  2.28445641e-06  7.10000000e-01  1.00000000e-02 
 7.20000000e-01  7.20000000e-01  7.20000000e-01  2.45254023e-06  7.20000000e-01  1.00000000e-02 
 7.30000000e-01  7.30000000e-01  7.30000000e-01  2.62172780e-06  7.30000000e-01  1.00000000e-02 
 7.40000000e-01  7.40000000e-01  7.40000000e-01  2.79178916e-06  7.40000000e-01  1.00000000e-02 
 7.50000000e-01  7.50000000e-01  7.50000000e-01  2.96251930e-06  7.50000000e-01  1.00000000e-02 
 7.60000000e-01  7.60000000e-01  7.60000000e-01  3.13373476e-06  7.60000000e-01  1.00000000e-02 
 7.70000000e-01  7.70000000e-01  7.70000000e-01  3.30527084e-06  7.70000000e-01  1.00000000e-02 
 7.80000000e-01  7.80000000e-01  7.80000000e-01  3.47697924e-06  7.80000000e-01  1.00000000e-02 
 7.90000000e-01  7.90000000e-01  7.90000000e-01  3.64872611e-06  7.90000000e-01  1.00000000e-02 
 8.00000000e-01  8.00000000e-01  8.00000000e-01  3.82039039e-06  8.00000000e-01  1.00000000e-02 
 8.10000000e-01  8.10000000e-01  8.10000000e-01  3.99186233e-06  8.10000000e-01  1.00000000e-02 
 8.20000000e-01  8.20000000e-01  8.20000000e-01  4.16304234e-06  8.20000000e-01  1.00000000e-02 
 8.30000000e-01  8.30000000e-01  8.30000000e-01  4.33383985e-06  8.30000000e-01  1.00000000e-02 
 8.40000000e-01  8.40000000e-01  8.40000000e-01  4.50417241e-06  8.40000000e-01  1.00000000e-02 
 8.50000000e-01  8.50000000e-01  8.50000000e-01  4.67396488e-06  8.50000000e-01  1.00000000e-02 
 8.60000000e-01  8.60000000e-01  8.60000000e-01  4.84314872e-06  8.60000000e-01  1.00000000e-02 
 8.70000000e-01  8.70000000e-01  8.70000000e-01  5.01166135e-06  8.70000000e-01  1.00000000e-02 
 8.80000000e-01  8.80000000e-01  8.80000000e-01  5.17944560e-06  8.80000000e-01  1.00000000e-02 
 8.90000000e-01  8.90000000e-01  8.90000000e-01  5.34644918e-06  8.90000000e-01  1.00000000e-02 
 9.00000000e-01  9.00000000e-01  9.00000000e-01  5.51262433e-06  9.00000000e-01  1.00000000e-02 
 9.10000000e-01  9.10000000e-01  9.10000000e-01  5.67792731e-06  9.10000000e-01  1.00000000e-02 
 9.20000000e-01  9.20000000e-01  9.20000000e-01  5.84231815e-06  9.20000000e-01  1.00000000e-02 
 9.30000000e-01  9.30000000e-01  9.30000000e-01  6.00576028e-06  9.30000000e-01  1.00000000e-02 
 9.40000000e-01  9.40000000e-01  9.40000000e-01  6.16822026e-06  9.40000000e-01  1.00000000e-02 
 9.50000000e-01  9.50000000e-01  9.50000000e-01  6.32966754e-06  9.50000000e-01  1.00000000e-02 
 9.60000000e-01  9.60000000e-01  9.60000000e-01  6.49007420e-06  9.60000000e-01  1.00000000e-02 
 9.70000000e-01  9.70000000e-01  9.70000000e-01  6.64941471e-06  9.70000000e-01  1.00000000e-02 
 9.80000000e-01  9.80000000e-01  9.80000000e-01  6.80766586e-06  9.80000000e-01  1.00000000e-02 
 9.90000000e-01  9.90000000e-01  9.90000000e-01  6.96480650e-06  9.90000000e-01  1.00000000e-02 
 1.00000000e+00  1.00000000e+00  1.00000000e+00  7.12081742e-06  1.00000000e+00  1.00000000e-02 
 1.01000000e+00  1.01000000e+00  1.01000000e+00  7.27568119e-06  1.01000000e+00  1.00000000e-02 
 1.02000000e+00  1.02000000e+00  1.02000000e+00  7.42938205e-06  1.02000000e+00  1.00000000e-02 
 1.03000000e+00  1.03000000e+00  1.03000000e+00  7.58190576e-06  1.03000000e+00  1.00000000e-02 
 1.04000000e+00  1.04000000e+00  1.04000000e+00  7.73323952e-06  1.04000000e+00  1.00000000e-02 
 1.05000000e+00  1.05000000e+00  1.05000000e+00  7.88337186e-06  1.05000000e+00  1.00000000e-02 
 1.06000000e+00  1.06000000e+00  1.06000000e+00  8.03229255e-06  1.06000000e+00  1.00000000e-02 
 1.07000000e+00  1.07000000e+00  1.07000000e+00  8.17999251e-06  1.07000000e+00  1.00000000e-02 
 1.08000000e+00  1.08000000e+00  1.08000000e+00  8.32646375e-06  1.08000000e+00  1.00000000e-02 
 1.09000000e+00  1.09000000e+00  1.09000000e+00  8.47169928e-06  1.09000000e+00  1.00000000e-02 
 1.10000000e+00  1.10000000e+00  1.10000000e+00  8.61569306e-06  1.10000000e+00  1.00000000e-02 
 1.11000000e+00  1.11000000e+00  1.11000000e+00  8.75843992e-06  1.11000000e+00  1.00000000e-02 
 1.12000000e+00  1.12000000e+00  1.12000000e+00  8.89993555e-06  1.12000000e+00  1.00000000e-02 
 1.13000000e+00  1.13000000e+00  1.13000000e+00  9.04017636e-06  1.13000000e+00  1.00000000e-02 
 1.14000000e+00  1.14000000e+00  1.14000000e+00  9.17915954e-06  1.14000000e+00  1.00000000e-02 
 1.15000000e+00  1.15000000e+00  1.15000000e+00  9.31688293e-06  1.15000000e+00  1.00000000e-02 
 1.16000000e+00  1.16000000e+00  1.16000000e+00  9.45334503e-06  1.16000000e+00  1.00000000e-02 
 1.17000000e+00  1.17000000e+00  1.17000000e+00  9.58854491e-06  1.17000000e+00  1.00000000e-02 
 1.18000000e+00  1.18000000e+00  1.18000000e+00  9.72248225e-06  1.18000000e+00  1.00000000e-02 
 1.19000000e+00  1.19000000e+00  1.19000000e+00  9.85515721e-06  1.19000000e+00  1.00000000e-02 
 1.20000000e+00  1.20000000e+00  1.20000000e+00  9.98657049e-06  1.20000000e+00  1.00000000e-02 
 1.21000000e+00  1.21000000e+00  1.21000000e+00  1.01167232e-05  1.21000000e+00  1.00000000e-02 
 1.22000000e+00  1.22000000e+00  1.22000000e+00  1.02456171e-05  1.22000000e+00  1.00000000e-02 
 1.23000000e+00  1.23000000e+00  1.23000000e+00  1.03732540e-05  1.23000000e+00  1.00000000e-02 
 1.24000000e+00  1.24000000e+00  1.24000000e+00  1.04996363e-05  1.24000000e+00  1.00000000e-02 
 1.25000000e+00  1.25000000e+00  1.25000000e+00  1.06247670e-05  1.25000000e+00  1.00000000e-02 
 1.26000000e+00  1.26000000e+00  1.26000000e+00  1.07486490e-05  1.26000000e+00  1.00000000e-02 
 1.27000000e+00  1.27000000e+00  1.27000000e+00  1.08712858e-05  1.27000000e+00  1.00000000e-02 
 1.28000000e+00  1.28000000e+00  1.28000000e+00  1.09926813e-05  1.28000000e+00  1.00000000e-02 
 1.29000000e+00  1.29000000e+00  1.29000000e+00  1.11128393e-05  1.29000000e+00  1.00000000e-02 
 1.30000000e+00  1.30000000e+00  1.30000000e+00  1.12317643e-05  1.30000000e+00  1.00000000e-02 
 1.31000000e+00  1.31000000e+00  1.31000000e+00  1.13494608e-05  1.31000000e+00  1.00000000e-02 
 1.32000000e+00  1.32000000e+00  1.32000000e+00  1.14659337e-05  1.32000000e+00  1.00000000e-02 
 1.33000000e+00  1.33000000e+00  1.33000000e+00  1.15811879e-05  1.33000000e+00  1.00000000e-02 
 1.34000000e+00  1.34000000e+00  1.34000000e+00  1.16952288e-05  1.34000000e+00  1.00000000e-02 
 1.35000000e+00  1.35000000e+00  1.35000000e+00  1.18080618e-05  1.35000000e+00  1.00000000e-02 
 1.36000000e+00  1.36000000e+00  1.36000000e+00  1.19196925e-05  1.36000000e+00  1.00000000e-02 
 1.37000000e+00  1.37000000e+00  1.37000000e+00  1.20301269e-05  1.37000000e+00  1.00000000e-02 
 1.38000000e+00  1.38000000e+00  1.38000000e+00  1.21393708e-05  1.38000000e+00  1.00000000e-02 
 1.39000000e+00  1.39000000e+00  1.39000000e+00  1.22474304e-05  1.39000000e+00  1.00000000e-02 
 1.40000000e+00  1.40000000e+00  1.40000000e+00  1.23543121e-05  1.40000000e+00  1.00000000e-02 
 1.41000000e+00  1.41000000e+00  1.41000000e+00  1.24600223e-05  1.41000000e+00  1.00000000e-02 
 1.42000000e+00  1.42000000e+00  1.42000000e+00  1.25645675e-05  1.42000000e+00  1.00000000e-02 
 1.43000000e+00  1.43000000e+00  1.43000000e+00  1.26679544e-05  1.43000000e+00  1.00000000e-02 
 1.44000000e+00  1.44000000e+00  1.44000000e+00  1.27701899e-05  1.44000000e+00  1.00000000e-02 
 1.45000000e+00  1.45000000e+00  1.45000000e+00  1.28712808e-05  1.45000000e+00  1.00000000e-02 
 1.46000000e+00  1.46000000e+00  1.46000000e+00  1.29712341e-05  1.46000000e+00  1.00000000e-02 
 1.47000000e+00  1.47000000e+00  1.47000000e+00  1.30700570e-05  1.47000000e+00  1.00000000e-02 
 1.48000000e+00  1.48000000e+00  1.48000000e+00  1.31677565e-05  1.48000000e+00  1.00000000e-02 
 1.49000000e+00  1.49000000e+00  1.49000000e+00  1.32643401e-05  1.49000000e+00  1.00000000e-02 
 1.50000000e+00  1.50000000e+00  1.50000000e+00  1.33598149e-05  1.50000000e+00  1.00000000e-02 
 1.51000000e+00  1.51000000e+00  1.51000000e+00  1.34541884e-05  1.51000000e+00  1.00000000e-02 
 1.52000000e+00  1.52000000e+00  1.52000000e+00  1.35474680e-05  1.52000000e+00  1.00000000e-02 
 1.53000000e+00  1.53000000e+00  1.53000000e+00  1.36396613e-05  1.53000000e+00  1.00000000e-02 
 1.54000000e+00  1.54000000e+00  1.54000000e+00  1.37307757e-05  1.54000000e+00  1.00000000e-02 
 1.55000000e+00  1.55000000e+00  1.55000000e+00  1.38208190e-05  1.55000000e+00  1.00000000e-02 
 1.56000000e+00  1.56000000e+00  1.56000000e+00  1.39097988e-05  1.56000000e+00  1.00000000e-02 
 1.57000000e+00  1.57000000e+00  1.57000000e+00  1.39977227e-05  1.57000000e+00  1.00000000e-02 
 1.58000000e+00  1.58000000e+00  1.58000000e+00  1.40845984e-05  1.58000000e+00  1.00000000e-02 
 1.59000000e+00  1.59000000e+00  1.59000000e+00  1.41704338e-05  1.59000000e+00  1.00000000e-02 
 1.60000000e+00  1.60000000e+00  1.60000000e+00  1.42552365e-05  1.60000000e+00  1.00000000e-02 
 1.61000000e+00  1.61000000e+00  1.61000000e+00  1.43390144e-05  1.61000000e+00  1.00000000e-02 
 1.62000000e+00  1.62000000e+00  1.62000000e+00  1.44217753e-05  1.62000000e+00  1.00000000e-02 
 1.63000000e+00  1.63000000e+00  1.63000000e+00  1.45035270e-05  1.63000000e+00  1.00000000e-02 
 1.64000000e+00  1.64000000e+00  1.64000000e+00  1.45842773e-05  1.64000000e+00  1.00000000e-02 
 1.65000000e+00  1.65000000e+00  1.65000000e+00  1.46640341e-05  1.65000000e+00  1.00000000e-02 
 1.66000000e+00  1.66000000e+00  1.66000000e+00  1.47428053e-05  1.66000000e+00  1.00000000e-02 
 1.67000000e+00  1.67000000e+00  1.67000000e+00  1.48205987e-05  1.67000000e+00  1.00000000e-02 
 1.68000000e+00  1.68000000e+00  1.68000000e+00  1.48974221e-05  1.68000000e+00  1.00000000e-02 
 1.69000000e+00  1.69000000e+00  1.69000000e+00  1.49732835e-05  1.69000000e+00  1.00000000e-02 
 1.70000000e+00  1.70000000e+00  1.70000000e+00  1.50481906e-05  1.70000000e+00  1.00000000e-02 
 1.71000000e+00  1.71000000e+00  1.71000000e+00  1.51221513e-05  1.71000000e+00  1.00000000e-02 
 1.72000000e+00  1.72000000e+00  1.72000000e+00  1.51951734e-05  1.72000000e+00  1.00000000e-02 
 1.73000000e+00  1.73000000e+00  1.73000000e+00  1.52672648e-05  1.73000000e+00  1.00000000e-02 
 1.74000000e+00  1.74000000e+00  1.74000000e+00  1.53384333e-05  1.74000000e+00  1.00000000e-02 
 1.75000000e+00  1.75000000e+00  1.75000000e+00  1.54086866e-05  1.75000000e+00  1.00000000e-02 
 1.76000000e+00  1.76000000e+00  1.76000000e+00  1.54780326e-05  1.76000000e+00  1.00000000e-02 
 1.77000000e+00  1.77000000e+00  1.77000000e+00  1.55464789e-05  1.77000000e+00  1.00000000e-02 
 1.78000000e+00  1.78000000e+00  1.78000000e+00  1.56140334e-05  1.78000000e+00  1.00000000e-02 
 1.79000000e+00  1.79000000e+00  1.79000000e+00  1.56807038e-05  1.79000000e+00  1.00000000e-02 
 1.80000000e+00  1.80000000e+00  1.80000000e+00  1.57464977e-05  1.80000000e+00  1.00000000e-02 
 1.81000000e+00  1.81000000e+00  1.81000000e+00  1.58114228e-05  1.81000000e+00  1.00000000e-02 
 1.82000000e+00  1.82000000e+00  1.82000000e+00  1.58754868e-05  1.82000000e+00  1.00000000e-02 
 1.83000000e+00  1.83000000e+00  1.83000000e+00  1.59386972e-05  1.83000000e+00  1.00000000e-02 
 1.84000000e+00  1.84000000e+00  1.84000000e+00  1.60010617e-05  1.84000000e+00  1.00000000e-02 
 1.85000000e+00  1.85000000e+00  1.85000000e+00  1.60625879e-05  1.85000000e+00  1.00000000e-02 
