 0.00000000e+00  0.00000000e+00  0.00000000e+00  3.02088699e-24  0.00000000e+00  1.45000000e+00 
 1.00000000e-02  1.00000000e-02  1.00000000e-02  7.35488744e-24  1.00000000e-02  1.45000000e+00 
 2.00000000e-02  2.00000000e-02  2.00000000e-02  1.79067870e-23  2.00000000e-02  1.45000000e+00 
 3.00000000e-02  3.00000000e-02  3.00000000e-02  4.35972714e-23  3.00000000e-02  1.45000000e+00 
 4.00000000e-02  4.00000000e-02  4.00000000e-02  1.06145332e-22  4.00000000e-02  1.45000000e+00 
 5.00000000e-02  5.00000000e-02  5.00000000e-02  2.58429812e-22  5.00000000e-02  1.45000000e+00 
 6.00000000e-02  6.00000000e-02  6.00000000e-02  6.29193306e-22  6.00000000e-02  1.45000000e+00 
 7.00000000e-02  7.00000000e-02  7.00000000e-02  1.53188257e-21  7.00000000e-02  1.45000000e+00 
 8.00000000e-02  8.00000000e-02  8.00000000e-02  3.72963858e-21  8.00000000e-02  1.45000000e+00 
 9.00000000e-02  9.00000000e-02  9.00000000e-02  9.08045702e-21  9.00000000e-02  1.45000000e+00 
 1.00000000e-01  1.00000000e-01  1.00000000e-01  2.21079391e-20  1.00000000e-01  1.45000000e+00 
 1.10000000e-01  1.10000000e-01  1.10000000e-01  5.38255105e-20  1.10000000e-01  1.45000000e+00 
 1.20000000e-01  1.20000000e-01  1.20000000e-01  1.31046988e-19  1.20000000e-01  1.45000000e+00 
 1.30000000e-01  1.30000000e-01  1.30000000e-01  3.19054118e-19  1.30000000e-01  1.45000000e+00 
 1.40000000e-01  1.40000000e-01  1.40000000e-01  7.76782082e-19  1.40000000e-01  1.45000000e+00 
 1.50000000e-01  1.50000000e-01  1.50000000e-01  1.89116836e-18  1.50000000e-01  1.45000000e+00 
 1.60000000e-01  1.60000000e-01  1.60000000e-01  4.60421062e-18  1.60000000e-01  1.45000000e+00 
 1.70000000e-01  1.70000000e-01  1.70000000e-01  1.12091015e-17  1.70000000e-01  1.45000000e+00 
 1.80000000e-01  1.80000000e-01  1.80000000e-01  2.72880062e-17  1.80000000e-01  1.45000000e+00 
 1.90000000e-01  1.90000000e-01  1.90000000e-01  6.64278206e-17  1.90000000e-01  1.45000000e+00 
 2.00000000e-01  2.00000000e-01  2.00000000e-01  1.61693527e-16  2.00000000e-01  1.45000000e+00 
 2.10000000e-01  2.10000000e-01  2.10000000e-01  3.93531760e-16  2.10000000e-01  1.45000000e+00 
 2.20000000e-01  2.20000000e-01  2.20000000e-01  9.57591862e-16  2.20000000e-01  1.45000000e+00 
 2.30000000e-01  2.30000000e-01  2.30000000e-01  2.32941195e-15  2.30000000e-01  1.45000000e+00 
 2.40000000e-01  2.40000000e-01  2.40000000e-01  5.66372545e-15  2.40000000e-01  1.45000000e+00 
 2.50000000e-01  2.50000000e-01  2.50000000e-01  1.37604109e-14  2.50000000e-01  1.45000000e+00 
 2.60000000e-01  2.60000000e-01  2.60000000e-01  3.33928219e-14  2.60000000e-01  1.45000000e+00 
 2.70000000e-01  2.70000000e-01  2.70000000e-01  8.08888004e-14  2.70000000e-01  1.45000000e+00 
 2.80000000e-01  2.80000000e-01  2.80000000e-01  1.95393251e-13  2.80000000e-01  1.45000000e+00 
 2.90000000e-01  2.90000000e-01  2.90000000e-01  4.69966956e-13  2.90000000e-01  1.45000000e+00 
 3.00000000e-01  3.00000000e-01  3.00000000e-01  1.12302820e-12  3.00000000e-01  1.45000000e+00 
 3.10000000e-01  3.10000000e-01  3.10000000e-01  2.65742309e-12  3.10000000e-01  1.45000000e+00 
 3.20000000e-01  3.20000000e-01  3.20000000e-01  6.19835438e-12  3.20000000e-01  1.45000000e+00 
 3.30000000e-01  3.30000000e-01  3.30000000e-01  1.41632708e-11  3.30000000e-01  1.45000000e+00 
 3.40000000e-01  3.40000000e-01  3.40000000e-01  3.14649667e-11  3.40000000e-01  1.45000000e+00 
 3.50000000e-01  3.50000000e-01  3.50000000e-01  6.74029842e-11  3.50000000e-01  1.45000000e+00 
 3.60000000e-01  3.60000000e-01  3.60000000e-01  1.38199792e-10  3.60000000e-01  1.45000000e+00 
 3.70000000e-01  3.70000000e-01  3.70000000e-01  2.69986096e-10  3.70000000e-01  1.45000000e+00 
 3.80000000e-01  3.80000000e-01  3.80000000e-01  5.02460761e-10  3.80000000e-01  1.45000000e+00 
 3.90000000e-01  3.90000000e-01  3.90000000e-01  8.94614053e-10  3.90000000e-01  1.45000000e+00 
 4.00000000e-01  4.00000000e-01  4.00000000e-01  1.53500039e-09  4.00000000e-01  1.45000000e+00 
 4.10000000e-01  4.10000000e-01  4.10000000e-01  2.55945688e-09  4.10000000e-01  1.45000000e+00 
 4.20000000e-01  4.20000000e-01  4.20000000e-01  4.17975862e-09  4.20000000e-01  1.45000000e+00 
 4.30000000e-01  4.30000000e-01  4.30000000e-01  6.72881498e-09  4.30000000e-01  1.45000000e+00 
 4.40000000e-01  4.40000000e-01  4.40000000e-01  1.07322832e-08  4.40000000e-01  1.45000000e+00 
 4.50000000e-01  4.50000000e-01  4.50000000e-01  1.70235768e-08  4.50000000e-01  1.45000000e+00 
 4.60000000e-01  4.60000000e-01  4.60000000e-01  2.69308037e-08  4.60000000e-01  1.45000000e+00 
 4.70000000e-01  4.70000000e-01  4.70000000e-01  4.25824020e-08  4.70000000e-01  1.45000000e+00 
 4.80000000e-01  4.80000000e-01  4.80000000e-01  6.74029639e-08  4.80000000e-01  1.45000000e+00 
 4.90000000e-01  4.90000000e-01  4.90000000e-01  1.06889695e-07  4.90000000e-01  1.45000000e+00 
 5.00000000e-01  5.00000000e-01  5.00000000e-01  1.69727597e-07  5.00000000e-01  1.45000000e+00 
 5.10000000e-01  5.10000000e-01  5.10000000e-01  2.69121135e-07  5.10000000e-01  1.45000000e+00 
 5.20000000e-01  5.20000000e-01  5.20000000e-01  4.23810754e-07  5.20000000e-01  1.45000000e+00 
 5.30000000e-01  5.30000000e-01  5.30000000e-01  6.57793537e-07  5.30000000e-01  1.45000000e+00 
 5.40000000e-01  5.40000000e-01  5.40000000e-01  9.97931847e-07  5.40000000e-01  1.45000000e+00 
 5.50000000e-01  5.50000000e-01  5.50000000e-01  1.46987669e-06  5.50000000e-01  1.45000000e+00 
 5.60000000e-01  5.60000000e-01  5.60000000e-01  2.09414649e-06  5.60000000e-01  1.45000000e+00 
 5.70000000e-01  5.70000000e-01  5.70000000e-01  2.88417094e-06  5.70000000e-01  1.45000000e+00 
 5.80000000e-01  5.80000000e-01  5.80000000e-01  3.84664395e-06  5.80000000e-01  1.45000000e+00 
 5.90000000e-01  5.90000000e-01  5.90000000e-01  4.98324058e-06  5.90000000e-01  1.45000000e+00 
 6.00000000e-01  6.00000000e-01  6.00000000e-01  6.29256535e-06  6.00000000e-01  1.45000000e+00 
 6.10000000e-01  6.10000000e-01  6.10000000e-01  7.77169056e-06  6.10000000e-01  1.45000000e+00 
 6.20000000e-01  6.20000000e-01  6.20000000e-01  9.41713853e-06  6.20000000e-01  1.45000000e+00 
 6.30000000e-01  6.30000000e-01  6.30000000e-01  1.12254103e-05  6.30000000e-01  1.45000000e+00 
 6.40000000e-01  6.40000000e-01  6.40000000e-01  1.31932189e-05  6.40000000e-01  1.45000000e+00 
 6.50000000e-01  6.50000000e-01  6.50000000e-01  1.53175563e-05  6.50000000e-01  1.45000000e+00 
 6.60000000e-01  6.60000000e-01  6.60000000e-01  1.75956810e-05  6.60000000e-01  1.45000000e+00 
 6.70000000e-01  6.70000000e-01  6.70000000e-01  2.00250731e-05  6.70000000e-01  1.45000000e+00 
 6.80000000e-01  6.80000000e-01  6.80000000e-01  2.26033832e-05  6.80000000e-01  1.45000000e+00 
 6.90000000e-01  6.90000000e-01  6.90000000e-01  2.53283859e-05  6.90000000e-01  1.45000000e+00 
 7.00000000e-01  7.00000000e-01  7.00000000e-01  2.81979415e-05  7.00000000e-01  1.45000000e+00 
 7.10000000e-01  7.10000000e-01  7.10000000e-01  3.12099669e-05  7.10000000e-01  1.45000000e+00 
 7.20000000e-01  7.20000000e-01  7.20000000e-01  3.43624148e-05  7.20000000e-01  1.45000000e+00 
 7.30000000e-01  7.30000000e-01  7.30000000e-01  3.76532580e-05  7.30000000e-01  1.45000000e+00 
 7.40000000e-01  7.40000000e-01  7.40000000e-01  4.10804803e-05  7.40000000e-01  1.45000000e+00 
 7.50000000e-01  7.50000000e-01  7.50000000e-01  4.46420696e-05  7.50000000e-01  1.45000000e+00 
 7.60000000e-01  7.60000000e-01  7.60000000e-01  4.83360145e-05  7.60000000e-01  1.45000000e+00 
 7.70000000e-01  7.70000000e-01  7.70000000e-01  5.21603023e-05  7.70000000e-01  1.45000000e+00 
 7.80000000e-01  7.80000000e-01  7.80000000e-01  5.61129182e-05  7.80000000e-01  1.45000000e+00 
 7.90000000e-01  7.90000000e-01  7.90000000e-01  6.01918460e-05  7.90000000e-01  1.45000000e+00 
 8.00000000e-01  8.00000000e-01  8.00000000e-01  6.43950688e-05  8.00000000e-01  1.45000000e+00 
 8.10000000e-01  8.10000000e-01  8.10000000e-01  6.87205698e-05  8.10000000e-01  1.45000000e+00 
 8.20000000e-01  8.20000000e-01  8.20000000e-01  7.31663342e-05  8.20000000e-01  1.45000000e+00 
 8.30000000e-01  8.30000000e-01  8.30000000e-01  7.77303503e-05  8.30000000e-01  1.45000000e+00 
 8.40000000e-01  8.40000000e-01  8.40000000e-01  8.24106113e-05  8.40000000e-01  1.45000000e+00 
 8.50000000e-01  8.50000000e-01  8.50000000e-01  8.72051165e-05  8.50000000e-01  1.45000000e+00 
 8.60000000e-01  8.60000000e-01  8.60000000e-01  9.21118730e-05  8.60000000e-01  1.45000000e+00 
 8.70000000e-01  8.70000000e-01  8.70000000e-01  9.71288974e-05  8.70000000e-01  1.45000000e+00 
 8.80000000e-01  8.80000000e-01  8.80000000e-01  1.02254216e-04  8.80000000e-01  1.45000000e+00 
 8.90000000e-01  8.90000000e-01  8.90000000e-01  1.07485869e-04  8.90000000e-01  1.45000000e+00 
 9.00000000e-01  9.00000000e-01  9.00000000e-01  1.12821907e-04  9.00000000e-01  1.45000000e+00 
 9.10000000e-01  9.10000000e-01  9.10000000e-01  1.18260396e-04  9.10000000e-01  1.45000000e+00 
 9.20000000e-01  9.20000000e-01  9.20000000e-01  1.23799418e-04  9.20000000e-01  1.45000000e+00 
 9.30000000e-01  9.30000000e-01  9.30000000e-01  1.29437070e-04  9.30000000e-01  1.45000000e+00 
 9.40000000e-01  9.40000000e-01  9.40000000e-01  1.35171466e-04  9.40000000e-01  1.45000000e+00 
 9.50000000e-01  9.50000000e-01  9.50000000e-01  1.41000739e-04  9.50000000e-01  1.45000000e+00 
 9.60000000e-01  9.60000000e-01  9.60000000e-01  1.46923041e-04  9.60000000e-01  1.45000000e+00 
 9.70000000e-01  9.70000000e-01  9.70000000e-01  1.52936540e-04  9.70000000e-01  1.45000000e+00 
 9.80000000e-01  9.80000000e-01  9.80000000e-01  1.59039425e-04  9.80000000e-01  1.45000000e+00 
 9.90000000e-01  9.90000000e-01  9.90000000e-01  1.65229909e-04  9.90000000e-01  1.45000000e+00 
 1.00000000e+00  1.00000000e+00  1.00000000e+00  1.71506223e-04  1.00000000e+00  1.45000000e+00 
 1.01000000e+00  1.01000000e+00  1.01000000e+00  1.77866622e-04  1.01000000e+00  1.45000000e+00 
 1.02000000e+00  1.02000000e+00  1.02000000e+00  1.84309380e-04  1.02000000e+00  1.45000000e+00 
 1.03000000e+00  1.03000000e+00  1.03000000e+00  1.90832796e-04  1.03000000e+00  1.45000000e+00 
 1.04000000e+00  1.04000000e+00  1.04000000e+00  1.97435190e-04  1.04000000e+00  1.45000000e+00 
 1.05000000e+00  1.05000000e+00  1.05000000e+00  2.04114906e-04  1.05000000e+00  1.45000000e+00 
 1.06000000e+00  1.06000000e+00  1.06000000e+00  2.10870310e-04  1.06000000e+00  1.45000000e+00 
 1.07000000e+00  1.07000000e+00  1.07000000e+00  2.17699792e-04  1.07000000e+00  1.45000000e+00 
 1.08000000e+00  1.08000000e+00  1.08000000e+00  2.24601765e-04  1.08000000e+00  1.45000000e+00 
 1.09000000e+00  1.09000000e+00  1.09000000e+00  2.31574664e-04  1.09000000e+00  1.45000000e+00 
 1.10000000e+00  1.10000000e+00  1.10000000e+00  2.38616951e-04  1.10000000e+00  1.45000000e+00 
 1.11000000e+00  1.11000000e+00  1.11000000e+00  2.45727108e-04  1.11000000e+00  1.45000000e+00 
 1.12000000e+00  1.12000000e+00  1.12000000e+00  2.52903642e-04  1.12000000e+00  1.45000000e+00 
 1.13000000e+00  1.13000000e+00  1.13000000e+00  2.60145083e-04  1.13000000e+00  1.45000000e+00 
 1.14000000e+00  1.14000000e+00  1.14000000e+00  2.67449985e-04  1.14000000e+00  1.45000000e+00 
 1.15000000e+00  1.15000000e+00  1.15000000e+00  2.74816925e-04  1.15000000e+00  1.45000000e+00 
 1.16000000e+00  1.16000000e+00  1.16000000e+00  2.82244502e-04  1.16000000e+00  1.45000000e+00 
 1.17000000e+00  1.17000000e+00  1.17000000e+00  2.89731341e-04  1.17000000e+00  1.45000000e+00 
 1.18000000e+00  1.18000000e+00  1.18000000e+00  2.97276087e-04  1.18000000e+00  1.45000000e+00 
 1.19000000e+00  1.19000000e+00  1.19000000e+00  3.04877408e-04  1.19000000e+00  1.45000000e+00 
 1.20000000e+00  1.20000000e+00  1.20000000e+00  3.12533997e-04  1.20000000e+00  1.45000000e+00 
 1.21000000e+00  1.21000000e+00  1.21000000e+00  3.20244566e-04  1.21000000e+00  1.45000000e+00 
 1.22000000e+00  1.22000000e+00  1.22000000e+00  3.28007851e-04  1.22000000e+00  1.45000000e+00 
 1.23000000e+00  1.23000000e+00  1.23000000e+00  3.35822611e-04  1.23000000e+00  1.45000000e+00 
 1.24000000e+00  1.24000000e+00  1.24000000e+00  3.43687623e-04  1.24000000e+00  1.45000000e+00 
 1.25000000e+00  1.25000000e+00  1.25000000e+00  3.51601689e-04  1.25000000e+00  1.45000000e+00 
 1.26000000e+00  1.26000000e+00  1.26000000e+00  3.59563630e-04  1.26000000e+00  1.45000000e+00 
 1.27000000e+00  1.27000000e+00  1.27000000e+00  3.67572289e-04  1.27000000e+00  1.45000000e+00 
 1.28000000e+00  1.28000000e+00  1.28000000e+00  3.75626528e-04  1.28000000e+00  1.45000000e+00 
 1.29000000e+00  1.29000000e+00  1.29000000e+00  3.83725231e-04  1.29000000e+00  1.45000000e+00 
 1.30000000e+00  1.30000000e+00  1.30000000e+00  3.91867300e-04  1.30000000e+00  1.45000000e+00 
 1.31000000e+00  1.31000000e+00  1.31000000e+00  4.00051659e-04  1.31000000e+00  1.45000000e+00 
 1.32000000e+00  1.32000000e+00  1.32000000e+00  4.08277249e-04  1.32000000e+00  1.45000000e+00 
 1.33000000e+00  1.33000000e+00  1.33000000e+00  4.16543031e-04  1.33000000e+00  1.45000000e+00 
 1.34000000e+00  1.34000000e+00  1.34000000e+00  4.24847985e-04  1.34000000e+00  1.45000000e+00 
 1.35000000e+00  1.35000000e+00  1.35000000e+00  4.33191110e-04  1.35000000e+00  1.45000000e+00 
 1.36000000e+00  1.36000000e+00  1.36000000e+00  4.41571420e-04  1.36000000e+00  1.45000000e+00 
 1.37000000e+00  1.37000000e+00  1.37000000e+00  4.49987949e-04  1.37000000e+00  1.45000000e+00 
 1.38000000e+00  1.38000000e+00  1.38000000e+00  4.58439749e-04  1.38000000e+00  1.45000000e+00 
 1.39000000e+00  1.39000000e+00  1.39000000e+00  4.66925888e-04  1.39000000e+00  1.45000000e+00 
 1.40000000e+00  1.40000000e+00  1.40000000e+00  4.75445450e-04  1.40000000e+00  1.45000000e+00 
 1.41000000e+00  1.41000000e+00  1.41000000e+00  4.83997536e-04  1.41000000e+00  1.45000000e+00 
 1.42000000e+00  1.42000000e+00  1.42000000e+00  4.92581262e-04  1.42000000e+00  1.45000000e+00 
 1.43000000e+00  1.43000000e+00  1.43000000e+00  5.01195763e-04  1.43000000e+00  1.45000000e+00 
 1.44000000e+00  1.44000000e+00  1.44000000e+00  5.09840186e-04  1.44000000e+00  1.45000000e+00 
 1.45000000e+00  1.45000000e+00  1.45000000e+00  5.18513693e-04  1.45000000e+00  1.45000000e+00 
 1.46000000e+00  1.46000000e+00  1.46000000e+00  5.27215463e-04  1.46000000e+00  1.45000000e+00 
 1.47000000e+00  1.47000000e+00  1.47000000e+00  5.35944687e-04  1.47000000e+00  1.45000000e+00 
 1.48000000e+00  1.48000000e+00  1.48000000e+00  5.44700571e-04  1.48000000e+00  1.45000000e+00 
 1.49000000e+00  1.49000000e+00  1.49000000e+00  5.53482334e-04  1.49000000e+00  1.45000000e+00 
 1.50000000e+00  1.50000000e+00  1.50000000e+00  5.62289211e-04  1.50000000e+00  1.45000000e+00 
 1.51000000e+00  1.51000000e+00  1.51000000e+00  5.71120446e-04  1.51000000e+00  1.45000000e+00 
 1.52000000e+00  1.52000000e+00  1.52000000e+00  5.79975298e-04  1.52000000e+00  1.45000000e+00 
 1.53000000e+00  1.53000000e+00  1.53000000e+00  5.88853038e-04  1.53000000e+00  1.45000000e+00 
 1.54000000e+00  1.54000000e+00  1.54000000e+00  5.97752949e-04  1.54000000e+00  1.45000000e+00 
 1.55000000e+00  1.55000000e+00  1.55000000e+00  6.06674325e-04  1.55000000e+00  1.45000000e+00 
 1.56000000e+00  1.56000000e+00  1.56000000e+00  6.15616473e-04  1.56000000e+00  1.45000000e+00 
 1.57000000e+00  1.57000000e+00  1.57000000e+00  6.24578709e-04  1.57000000e+00  1.45000000e+00 
 1.58000000e+00  1.58000000e+00  1.58000000e+00  6.33560361e-04  1.58000000e+00  1.45000000e+00 
 1.59000000e+00  1.59000000e+00  1.59000000e+00  6.42560768e-04  1.59000000e+00  1.45000000e+00 
 1.60000000e+00  1.60000000e+00  1.60000000e+00  6.51579278e-04  1.60000000e+00  1.45000000e+00 
 1.61000000e+00  1.61000000e+00  1.61000000e+00  6.60615249e-04  1.61000000e+00  1.45000000e+00 
 1.62000000e+00  1.62000000e+00  1.62000000e+00  6.69668048e-04  1.62000000e+00  1.45000000e+00 
 1.63000000e+00  1.63000000e+00  1.63000000e+00  6.78737053e-04  1.63000000e+00  1.45000000e+00 
 1.64000000e+00  1.64000000e+00  1.64000000e+00  6.87821649e-04  1.64000000e+00  1.45000000e+00 
 1.65000000e+00  1.65000000e+00  1.65000000e+00  6.96921231e-04  1.65000000e+00  1.45000000e+00 
 1.66000000e+00  1.66000000e+00  1.66000000e+00  7.06035202e-04  1.66000000e+00  1.45000000e+00 
 1.67000000e+00  1.67000000e+00  1.67000000e+00  7.15162972e-04  1.67000000e+00  1.45000000e+00 
 1.68000000e+00  1.68000000e+00  1.68000000e+00  7.24303960e-04  1.68000000e+00  1.45000000e+00 
 1.69000000e+00  1.69000000e+00  1.69000000e+00  7.33457592e-04  1.69000000e+00  1.45000000e+00 
 1.70000000e+00  1.70000000e+00  1.70000000e+00  7.42623302e-04  1.70000000e+00  1.45000000e+00 
 1.71000000e+00  1.71000000e+00  1.71000000e+00  7.51800528e-04  1.71000000e+00  1.45000000e+00 
 1.72000000e+00  1.72000000e+00  1.72000000e+00  7.60988719e-04  1.72000000e+00  1.45000000e+00 
 1.73000000e+00  1.73000000e+00  1.73000000e+00  7.70187326e-04  1.73000000e+00  1.45000000e+00 
 1.74000000e+00  1.74000000e+00  1.74000000e+00  7.79395810e-04  1.74000000e+00  1.45000000e+00 
 1.75000000e+00  1.75000000e+00  1.75000000e+00  7.88613634e-04  1.75000000e+00  1.45000000e+00 
 1.76000000e+00  1.76000000e+00  1.76000000e+00  7.97840271e-04  1.76000000e+00  1.45000000e+00 
 1.77000000e+00  1.77000000e+00  1.77000000e+00  8.07075194e-04  1.77000000e+00  1.45000000e+00 
 1.78000000e+00  1.78000000e+00  1.78000000e+00  8.16317886e-04  1.78000000e+00  1.45000000e+00 
 1.79000000e+00  1.79000000e+00  1.79000000e+00  8.25567831e-04  1.79000000e+00  1.45000000e+00 
 1.80000000e+00  1.80000000e+00  1.80000000e+00  8.34824520e-04  1.80000000e+00  1.45000000e+00 
 1.81000000e+00  1.81000000e+00  1.81000000e+00  8.44087447e-04  1.81000000e+00  1.45000000e+00 
 1.82000000e+00  1.82000000e+00  1.82000000e+00  8.53356109e-04  1.82000000e+00  1.45000000e+00 
 1.83000000e+00  1.83000000e+00  1.83000000e+00  8.62630010e-04  1.83000000e+00  1.45000000e+00 
 1.84000000e+00  1.84000000e+00  1.84000000e+00  8.71908653e-04  1.84000000e+00  1.45000000e+00 
 1.85000000e+00  1.85000000e+00  1.85000000e+00  8.81191549e-04  1.85000000e+00  1.45000000e+00 
