 0.00000000e+00  0.00000000e+00  0.00000000e+00  2.23875009e-24  0.00000000e+00  7.40000000e-01 
 1.00000000e-02  1.00000000e-02  1.00000000e-02  5.45063585e-24  1.00000000e-02  7.40000000e-01 
 2.00000000e-02  2.00000000e-02  2.00000000e-02  1.32705464e-23  2.00000000e-02  7.40000000e-01 
 3.00000000e-02  3.00000000e-02  3.00000000e-02  3.23095156e-23  3.00000000e-02  7.40000000e-01 
 4.00000000e-02  4.00000000e-02  4.00000000e-02  7.86632777e-23  4.00000000e-02  7.40000000e-01 
 5.00000000e-02  5.00000000e-02  5.00000000e-02  1.91519831e-22  5.00000000e-02  7.40000000e-01 
 6.00000000e-02  6.00000000e-02  6.00000000e-02  4.66289066e-22  6.00000000e-02  7.40000000e-01 
 7.00000000e-02  7.00000000e-02  7.00000000e-02  1.13526334e-21  7.00000000e-02  7.40000000e-01 
 8.00000000e-02  8.00000000e-02  8.00000000e-02  2.76399903e-21  8.00000000e-02  7.40000000e-01 
 9.00000000e-02  9.00000000e-02  9.00000000e-02  6.72943875e-21  9.00000000e-02  7.40000000e-01 
 1.00000000e-01  1.00000000e-01  1.00000000e-01  1.63839796e-20  1.00000000e-01  7.40000000e-01 
 1.10000000e-01  1.10000000e-01  1.10000000e-01  3.98895646e-20  1.10000000e-01  7.40000000e-01 
 1.20000000e-01  1.20000000e-01  1.20000000e-01  9.71176537e-20  1.20000000e-01  7.40000000e-01 
 1.30000000e-01  1.30000000e-01  1.30000000e-01  2.36447917e-19  1.30000000e-01  7.40000000e-01 
 1.40000000e-01  1.40000000e-01  1.40000000e-01  5.75665677e-19  1.40000000e-01  7.40000000e-01 
 1.50000000e-01  1.50000000e-01  1.50000000e-01  1.40152656e-18  1.50000000e-01  7.40000000e-01 
 1.60000000e-01  1.60000000e-01  1.60000000e-01  3.41213590e-18  1.60000000e-01  7.40000000e-01 
 1.70000000e-01  1.70000000e-01  1.70000000e-01  8.30695657e-18  1.70000000e-01  7.40000000e-01 
 1.80000000e-01  1.80000000e-01  1.80000000e-01  2.02228771e-17  1.80000000e-01  7.40000000e-01 
 1.90000000e-01  1.90000000e-01  1.90000000e-01  4.92290145e-17  1.90000000e-01  7.40000000e-01 
 2.00000000e-01  2.00000000e-01  2.00000000e-01  1.19829507e-16  2.00000000e-01  7.40000000e-01 
 2.10000000e-01  2.10000000e-01  2.10000000e-01  2.91642576e-16  2.10000000e-01  7.40000000e-01 
 2.20000000e-01  2.20000000e-01  2.20000000e-01  7.09662055e-16  2.20000000e-01  7.40000000e-01 
 2.30000000e-01  2.30000000e-01  2.30000000e-01  1.72630464e-15  2.30000000e-01  7.40000000e-01 
 2.40000000e-01  2.40000000e-01  2.40000000e-01  4.19733209e-15  2.40000000e-01  7.40000000e-01 
 2.50000000e-01  2.50000000e-01  2.50000000e-01  1.01977073e-14  2.50000000e-01  7.40000000e-01 
 2.60000000e-01  2.60000000e-01  2.60000000e-01  2.47470973e-14  2.60000000e-01  7.40000000e-01 
 2.70000000e-01  2.70000000e-01  2.70000000e-01  5.99459092e-14  2.70000000e-01  7.40000000e-01 
 2.80000000e-01  2.80000000e-01  2.80000000e-01  1.44804062e-13  2.80000000e-01  7.40000000e-01 
 2.90000000e-01  2.90000000e-01  2.90000000e-01  3.48288049e-13  2.90000000e-01  7.40000000e-01 
 3.00000000e-01  3.00000000e-01  3.00000000e-01  8.32265834e-13  3.00000000e-01  7.40000000e-01 
 3.10000000e-01  3.10000000e-01  3.10000000e-01  1.96939337e-12  3.10000000e-01  7.40000000e-01 
 3.20000000e-01  3.20000000e-01  3.20000000e-01  4.59355594e-12  3.20000000e-01  7.40000000e-01 
 3.30000000e-01  3.30000000e-01  3.30000000e-01  1.04963439e-11  3.30000000e-01  7.40000000e-01 
 3.40000000e-01  3.40000000e-01  3.40000000e-01  2.33187826e-11  3.40000000e-01  7.40000000e-01 
 3.50000000e-01  3.50000000e-01  3.50000000e-01  4.99535365e-11  3.50000000e-01  7.40000000e-01 
 3.60000000e-01  3.60000000e-01  3.60000000e-01  1.02426251e-10  3.60000000e-01  7.40000000e-01 
 3.70000000e-01  3.70000000e-01  3.70000000e-01  2.00113546e-10  3.70000000e-01  7.40000000e-01 
 3.80000000e-01  3.80000000e-01  3.80000000e-01  3.72470776e-10  3.80000000e-01  7.40000000e-01 
 3.90000000e-01  3.90000000e-01  3.90000000e-01  6.63312644e-10  3.90000000e-01  7.40000000e-01 
 4.00000000e-01  4.00000000e-01  4.00000000e-01  1.13852234e-09  4.00000000e-01  7.40000000e-01 
 4.10000000e-01  4.10000000e-01  4.10000000e-01  1.89941664e-09  4.10000000e-01  7.40000000e-01 
 4.20000000e-01  4.20000000e-01  4.20000000e-01  3.10455013e-09  4.20000000e-01  7.40000000e-01 
 4.30000000e-01  4.30000000e-01  4.30000000e-01  5.00457951e-09  4.30000000e-01  7.40000000e-01 
 4.40000000e-01  4.40000000e-01  4.40000000e-01  7.99860458e-09  4.40000000e-01  7.40000000e-01 
 4.50000000e-01  4.50000000e-01  4.50000000e-01  1.27270874e-08  4.50000000e-01  7.40000000e-01 
 4.60000000e-01  4.60000000e-01  4.60000000e-01  2.02280877e-08  4.60000000e-01  7.40000000e-01 
 4.70000000e-01  4.70000000e-01  4.70000000e-01  3.22032087e-08  4.70000000e-01  7.40000000e-01 
 4.80000000e-01  4.80000000e-01  4.80000000e-01  5.14687123e-08  4.80000000e-01  7.40000000e-01 
 4.90000000e-01  4.90000000e-01  4.90000000e-01  8.26954575e-08  4.90000000e-01  7.40000000e-01 
 5.00000000e-01  5.00000000e-01  5.00000000e-01  1.33523079e-07  5.00000000e-01  7.40000000e-01 
 5.10000000e-01  5.10000000e-01  5.10000000e-01  2.15964624e-07  5.10000000e-01  7.40000000e-01 
 5.20000000e-01  5.20000000e-01  5.20000000e-01  3.47595679e-07  5.20000000e-01  7.40000000e-01 
 5.30000000e-01  5.30000000e-01  5.30000000e-01  5.51516489e-07  5.30000000e-01  7.40000000e-01 
 5.40000000e-01  5.40000000e-01  5.40000000e-01  8.54164437e-07  5.40000000e-01  7.40000000e-01 
 5.50000000e-01  5.50000000e-01  5.50000000e-01  1.28128485e-06  5.50000000e-01  7.40000000e-01 
 5.60000000e-01  5.60000000e-01  5.60000000e-01  1.85387667e-06  5.60000000e-01  7.40000000e-01 
 5.70000000e-01  5.70000000e-01  5.70000000e-01  2.58601456e-06  5.70000000e-01  7.40000000e-01 
 5.80000000e-01  5.80000000e-01  5.80000000e-01  3.48500753e-06  5.80000000e-01  7.40000000e-01 
 5.90000000e-01  5.90000000e-01  5.90000000e-01  4.55300591e-06  5.90000000e-01  7.40000000e-01 
 6.00000000e-01  6.00000000e-01  6.00000000e-01  5.78891724e-06  6.00000000e-01  7.40000000e-01 
 6.10000000e-01  6.10000000e-01  6.10000000e-01  7.18995751e-06  6.10000000e-01  7.40000000e-01 
 6.20000000e-01  6.20000000e-01  6.20000000e-01  8.75266418e-06  6.20000000e-01  7.40000000e-01 
 6.30000000e-01  6.30000000e-01  6.30000000e-01  1.04734571e-05  6.30000000e-01  7.40000000e-01 
 6.40000000e-01  6.40000000e-01  6.40000000e-01  1.23488986e-05  6.40000000e-01  7.40000000e-01 
 6.50000000e-01  6.50000000e-01  6.50000000e-01  1.43757824e-05  6.50000000e-01  7.40000000e-01 
 6.60000000e-01  6.60000000e-01  6.60000000e-01  1.65511350e-05  6.60000000e-01  7.40000000e-01 
 6.70000000e-01  6.70000000e-01  6.70000000e-01  1.88721823e-05  6.70000000e-01  7.40000000e-01 
 6.80000000e-01  6.80000000e-01  6.80000000e-01  2.13363053e-05  6.80000000e-01  7.40000000e-01 
 6.90000000e-01  6.90000000e-01  6.90000000e-01  2.39409987e-05  6.90000000e-01  7.40000000e-01 
 7.00000000e-01  7.00000000e-01  7.00000000e-01  2.66838366e-05  7.00000000e-01  7.40000000e-01 
 7.10000000e-01  7.10000000e-01  7.10000000e-01  2.95624451e-05  7.10000000e-01  7.40000000e-01 
 7.20000000e-01  7.20000000e-01  7.20000000e-01  3.25744831e-05  7.20000000e-01  7.40000000e-01 
 7.30000000e-01  7.30000000e-01  7.30000000e-01  3.57176286e-05  7.30000000e-01  7.40000000e-01 
 7.40000000e-01  7.40000000e-01  7.40000000e-01  3.89895691e-05  7.40000000e-01  7.40000000e-01 
 7.50000000e-01  7.50000000e-01  7.50000000e-01  4.23879962e-05  7.50000000e-01  7.40000000e-01 
 7.60000000e-01  7.60000000e-01  7.60000000e-01  4.59106019e-05  7.60000000e-01  7.40000000e-01 
 7.70000000e-01  7.70000000e-01  7.70000000e-01  4.95550772e-05  7.70000000e-01  7.40000000e-01 
 7.80000000e-01  7.80000000e-01  7.80000000e-01  5.33191118e-05  7.80000000e-01  7.40000000e-01 
 7.90000000e-01  7.90000000e-01  7.90000000e-01  5.72003939e-05  7.90000000e-01  7.40000000e-01 
 8.00000000e-01  8.00000000e-01  8.00000000e-01  6.11966118e-05  8.00000000e-01  7.40000000e-01 
 8.10000000e-01  8.10000000e-01  8.10000000e-01  6.53054544e-05  8.10000000e-01  7.40000000e-01 
 8.20000000e-01  8.20000000e-01  8.20000000e-01  6.95246132e-05  8.20000000e-01  7.40000000e-01 
 8.30000000e-01  8.30000000e-01  8.30000000e-01  7.38517831e-05  8.30000000e-01  7.40000000e-01 
 8.40000000e-01  8.40000000e-01  8.40000000e-01  7.82846646e-05  8.40000000e-01  7.40000000e-01 
 8.50000000e-01  8.50000000e-01  8.50000000e-01  8.28209647e-05  8.50000000e-01  7.40000000e-01 
 8.60000000e-01  8.60000000e-01  8.60000000e-01  8.74583985e-05  8.60000000e-01  7.40000000e-01 
 8.70000000e-01  8.70000000e-01  8.70000000e-01  9.21946905e-05  8.70000000e-01  7.40000000e-01 
 8.80000000e-01  8.80000000e-01  8.80000000e-01  9.70275762e-05  8.80000000e-01  7.40000000e-01 
 8.90000000e-01  8.90000000e-01  8.90000000e-01  1.01954803e-04  8.90000000e-01  7.40000000e-01 
 9.00000000e-01  9.00000000e-01  9.00000000e-01  1.06974130e-04  9.00000000e-01  7.40000000e-01 
 9.10000000e-01  9.10000000e-01  9.10000000e-01  1.12083333e-04  9.10000000e-01  7.40000000e-01 
 9.20000000e-01  9.20000000e-01  9.20000000e-01  1.17280200e-04  9.20000000e-01  7.40000000e-01 
 9.30000000e-01  9.30000000e-01  9.30000000e-01  1.22562538e-04  9.30000000e-01  7.40000000e-01 
 9.40000000e-01  9.40000000e-01  9.40000000e-01  1.27928166e-04  9.40000000e-01  7.40000000e-01 
 9.50000000e-01  9.50000000e-01  9.50000000e-01  1.33374926e-04  9.50000000e-01  7.40000000e-01 
 9.60000000e-01  9.60000000e-01  9.60000000e-01  1.38900673e-04  9.60000000e-01  7.40000000e-01 
 9.70000000e-01  9.70000000e-01  9.70000000e-01  1.44503282e-04  9.70000000e-01  7.40000000e-01 
 9.80000000e-01  9.80000000e-01  9.80000000e-01  1.50180646e-04  9.80000000e-01  7.40000000e-01 
 9.90000000e-01  9.90000000e-01  9.90000000e-01  1.55930681e-04  9.90000000e-01  7.40000000e-01 
 1.00000000e+00  1.00000000e+00  1.00000000e+00  1.61751320e-04  1.00000000e+00  7.40000000e-01 
 1.01000000e+00  1.01000000e+00  1.01000000e+00  1.67640516e-04  1.01000000e+00  7.40000000e-01 
 1.02000000e+00  1.02000000e+00  1.02000000e+00  1.73596246e-04  1.02000000e+00  7.40000000e-01 
 1.03000000e+00  1.03000000e+00  1.03000000e+00  1.79616504e-04  1.03000000e+00  7.40000000e-01 
 1.04000000e+00  1.04000000e+00  1.04000000e+00  1.85699307e-04  1.04000000e+00  7.40000000e-01 
 1.05000000e+00  1.05000000e+00  1.05000000e+00  1.91842691e-04  1.05000000e+00  7.40000000e-01 
 1.06000000e+00  1.06000000e+00  1.06000000e+00  1.98044716e-04  1.06000000e+00  7.40000000e-01 
 1.07000000e+00  1.07000000e+00  1.07000000e+00  2.04303461e-04  1.07000000e+00  7.40000000e-01 
 1.08000000e+00  1.08000000e+00  1.08000000e+00  2.10617027e-04  1.08000000e+00  7.40000000e-01 
 1.09000000e+00  1.09000000e+00  1.09000000e+00  2.16983536e-04  1.09000000e+00  7.40000000e-01 
 1.10000000e+00  1.10000000e+00  1.10000000e+00  2.23401132e-04  1.10000000e+00  7.40000000e-01 
 1.11000000e+00  1.11000000e+00  1.11000000e+00  2.29867978e-04  1.11000000e+00  7.40000000e-01 
 1.12000000e+00  1.12000000e+00  1.12000000e+00  2.36382259e-04  1.12000000e+00  7.40000000e-01 
 1.13000000e+00  1.13000000e+00  1.13000000e+00  2.42942183e-04  1.13000000e+00  7.40000000e-01 
 1.14000000e+00  1.14000000e+00  1.14000000e+00  2.49545976e-04  1.14000000e+00  7.40000000e-01 
 1.15000000e+00  1.15000000e+00  1.15000000e+00  2.56191886e-04  1.15000000e+00  7.40000000e-01 
 1.16000000e+00  1.16000000e+00  1.16000000e+00  2.62878181e-04  1.16000000e+00  7.40000000e-01 
 1.17000000e+00  1.17000000e+00  1.17000000e+00  2.69603149e-04  1.17000000e+00  7.40000000e-01 
 1.18000000e+00  1.18000000e+00  1.18000000e+00  2.76365100e-04  1.18000000e+00  7.40000000e-01 
 1.19000000e+00  1.19000000e+00  1.19000000e+00  2.83162360e-04  1.19000000e+00  7.40000000e-01 
 1.20000000e+00  1.20000000e+00  1.20000000e+00  2.89993279e-04  1.20000000e+00  7.40000000e-01 
 1.21000000e+00  1.21000000e+00  1.21000000e+00  2.96856224e-04  1.21000000e+00  7.40000000e-01 
 1.22000000e+00  1.22000000e+00  1.22000000e+00  3.03749583e-04  1.22000000e+00  7.40000000e-01 
 1.23000000e+00  1.23000000e+00  1.23000000e+00  3.10671760e-04  1.23000000e+00  7.40000000e-01 
 1.24000000e+00  1.24000000e+00  1.24000000e+00  3.17621180e-04  1.24000000e+00  7.40000000e-01 
 1.25000000e+00  1.25000000e+00  1.25000000e+00  3.24596288e-04  1.25000000e+00  7.40000000e-01 
 1.26000000e+00  1.26000000e+00  1.26000000e+00  3.31595545e-04  1.26000000e+00  7.40000000e-01 
 1.27000000e+00  1.27000000e+00  1.27000000e+00  3.38617431e-04  1.27000000e+00  7.40000000e-01 
 1.28000000e+00  1.28000000e+00  1.28000000e+00  3.45660443e-04  1.28000000e+00  7.40000000e-01 
 1.29000000e+00  1.29000000e+00  1.29000000e+00  3.52723097e-04  1.29000000e+00  7.40000000e-01 
 1.30000000e+00  1.30000000e+00  1.30000000e+00  3.59803927e-04  1.30000000e+00  7.40000000e-01 
 1.31000000e+00  1.31000000e+00  1.31000000e+00  3.66901483e-04  1.31000000e+00  7.40000000e-01 
 1.32000000e+00  1.32000000e+00  1.32000000e+00  3.74014332e-04  1.32000000e+00  7.40000000e-01 
 1.33000000e+00  1.33000000e+00  1.33000000e+00  3.81141059e-04  1.33000000e+00  7.40000000e-01 
 1.34000000e+00  1.34000000e+00  1.34000000e+00  3.88280265e-04  1.34000000e+00  7.40000000e-01 
 1.35000000e+00  1.35000000e+00  1.35000000e+00  3.95430568e-04  1.35000000e+00  7.40000000e-01 
 1.36000000e+00  1.36000000e+00  1.36000000e+00  4.02590602e-04  1.36000000e+00  7.40000000e-01 
 1.37000000e+00  1.37000000e+00  1.37000000e+00  4.09759018e-04  1.37000000e+00  7.40000000e-01 
 1.38000000e+00  1.38000000e+00  1.38000000e+00  4.16934483e-04  1.38000000e+00  7.40000000e-01 
 1.39000000e+00  1.39000000e+00  1.39000000e+00  4.24115678e-04  1.39000000e+00  7.40000000e-01 
 1.40000000e+00  1.40000000e+00  1.40000000e+00  4.31301304e-04  1.40000000e+00  7.40000000e-01 
 1.41000000e+00  1.41000000e+00  1.41000000e+00  4.38490073e-04  1.41000000e+00  7.40000000e-01 
 1.42000000e+00  1.42000000e+00  1.42000000e+00  4.45680717e-04  1.42000000e+00  7.40000000e-01 
 1.43000000e+00  1.43000000e+00  1.43000000e+00  4.52871981e-04  1.43000000e+00  7.40000000e-01 
 1.44000000e+00  1.44000000e+00  1.44000000e+00  4.60062626e-04  1.44000000e+00  7.40000000e-01 
 1.45000000e+00  1.45000000e+00  1.45000000e+00  4.67251430e-04  1.45000000e+00  7.40000000e-01 
 1.46000000e+00  1.46000000e+00  1.46000000e+00  4.74437183e-04  1.46000000e+00  7.40000000e-01 
 1.47000000e+00  1.47000000e+00  1.47000000e+00  4.81618695e-04  1.47000000e+00  7.40000000e-01 
 1.48000000e+00  1.48000000e+00  1.48000000e+00  4.88794787e-04  1.48000000e+00  7.40000000e-01 
 1.49000000e+00  1.49000000e+00  1.49000000e+00  4.95964300e-04  1.49000000e+00  7.40000000e-01 
 1.50000000e+00  1.50000000e+00  1.50000000e+00  5.03126086e-04  1.50000000e+00  7.40000000e-01 
 1.51000000e+00  1.51000000e+00  1.51000000e+00  5.10279015e-04  1.51000000e+00  7.40000000e-01 
 1.52000000e+00  1.52000000e+00  1.52000000e+00  5.17421972e-04  1.52000000e+00  7.40000000e-01 
 1.53000000e+00  1.53000000e+00  1.53000000e+00  5.24553858e-04  1.53000000e+00  7.40000000e-01 
 1.54000000e+00  1.54000000e+00  1.54000000e+00  5.31673588e-04  1.54000000e+00  7.40000000e-01 
 1.55000000e+00  1.55000000e+00  1.55000000e+00  5.38780094e-04  1.55000000e+00  7.40000000e-01 
 1.56000000e+00  1.56000000e+00  1.56000000e+00  5.45872323e-04  1.56000000e+00  7.40000000e-01 
 1.57000000e+00  1.57000000e+00  1.57000000e+00  5.52949239e-04  1.57000000e+00  7.40000000e-01 
 1.58000000e+00  1.58000000e+00  1.58000000e+00  5.60009821e-04  1.58000000e+00  7.40000000e-01 
 1.59000000e+00  1.59000000e+00  1.59000000e+00  5.67053064e-04  1.59000000e+00  7.40000000e-01 
 1.60000000e+00  1.60000000e+00  1.60000000e+00  5.74077979e-04  1.60000000e+00  7.40000000e-01 
 1.61000000e+00  1.61000000e+00  1.61000000e+00  5.81083593e-04  1.61000000e+00  7.40000000e-01 
 1.62000000e+00  1.62000000e+00  1.62000000e+00  5.88068951e-04  1.62000000e+00  7.40000000e-01 
 1.63000000e+00  1.63000000e+00  1.63000000e+00  5.95033111e-04  1.63000000e+00  7.40000000e-01 
 1.64000000e+00  1.64000000e+00  1.64000000e+00  6.01975152e-04  1.64000000e+00  7.40000000e-01 
 1.65000000e+00  1.65000000e+00  1.65000000e+00  6.08894166e-04  1.65000000e+00  7.40000000e-01 
 1.66000000e+00  1.66000000e+00  1.66000000e+00  6.15789265e-04  1.66000000e+00  7.40000000e-01 
 1.67000000e+00  1.67000000e+00  1.67000000e+00  6.22659574e-04  1.67000000e+00  7.40000000e-01 
 1.68000000e+00  1.68000000e+00  1.68000000e+00  6.29504239e-04  1.68000000e+00  7.40000000e-01 
 1.69000000e+00  1.69000000e+00  1.69000000e+00  6.36322421e-04  1.69000000e+00  7.40000000e-01 
 1.70000000e+00  1.70000000e+00  1.70000000e+00  6.43113300e-04  1.70000000e+00  7.40000000e-01 
 1.71000000e+00  1.71000000e+00  1.71000000e+00  6.49876071e-04  1.71000000e+00  7.40000000e-01 
 1.72000000e+00  1.72000000e+00  1.72000000e+00  6.56609950e-04  1.72000000e+00  7.40000000e-01 
 1.73000000e+00  1.73000000e+00  1.73000000e+00  6.63314167e-04  1.73000000e+00  7.40000000e-01 
 1.74000000e+00  1.74000000e+00  1.74000000e+00  6.69987973e-04  1.74000000e+00  7.40000000e-01 
 1.75000000e+00  1.75000000e+00  1.75000000e+00  6.76630636e-04  1.75000000e+00  7.40000000e-01 
 1.76000000e+00  1.76000000e+00  1.76000000e+00  6.83241441e-04  1.76000000e+00  7.40000000e-01 
 1.77000000e+00  1.77000000e+00  1.77000000e+00  6.89819692e-04  1.77000000e+00  7.40000000e-01 
 1.78000000e+00  1.78000000e+00  1.78000000e+00  6.96364713e-04  1.78000000e+00  7.40000000e-01 
 1.79000000e+00  1.79000000e+00  1.79000000e+00  7.02875842e-04  1.79000000e+00  7.40000000e-01 
 1.80000000e+00  1.80000000e+00  1.80000000e+00  7.09352440e-04  1.80000000e+00  7.40000000e-01 
 1.81000000e+00  1.81000000e+00  1.81000000e+00  7.15793885e-04  1.81000000e+00  7.40000000e-01 
 1.82000000e+00  1.82000000e+00  1.82000000e+00  7.22199571e-04  1.82000000e+00  7.40000000e-01 
 1.83000000e+00  1.83000000e+00  1.83000000e+00  7.28568915e-04  1.83000000e+00  7.40000000e-01 
 1.84000000e+00  1.84000000e+00  1.84000000e+00  7.34901349e-04  1.84000000e+00  7.40000000e-01 
 1.85000000e+00  1.85000000e+00  1.85000000e+00  7.41196326e-04  1.85000000e+00  7.40000000e-01 
