 0.00000000e+00  0.00000000e+00  0.00000000e+00  2.65022271e-24  0.00000000e+00  1.11000000e+00 
 1.00000000e-02  1.00000000e-02  1.00000000e-02  6.45243923e-24  1.00000000e-02  1.11000000e+00 
 2.00000000e-02  2.00000000e-02  2.00000000e-02  1.57096157e-23  2.00000000e-02  1.11000000e+00 
 3.00000000e-02  3.00000000e-02  3.00000000e-02  3.82478653e-23  3.00000000e-02  1.11000000e+00 
 4.00000000e-02  4.00000000e-02  4.00000000e-02  9.31212492e-23  4.00000000e-02  1.11000000e+00 
 5.00000000e-02  5.00000000e-02  5.00000000e-02  2.26720350e-22  5.00000000e-02  1.11000000e+00 
 6.00000000e-02  6.00000000e-02  6.00000000e-02  5.51990987e-22  6.00000000e-02  1.11000000e+00 
 7.00000000e-02  7.00000000e-02  7.00000000e-02  1.34391985e-21  7.00000000e-02  1.11000000e+00 
 8.00000000e-02  8.00000000e-02  8.00000000e-02  3.27201014e-21  8.00000000e-02  1.11000000e+00 
 9.00000000e-02  9.00000000e-02  9.00000000e-02  7.96628060e-21  9.00000000e-02  1.11000000e+00 
 1.00000000e-01  1.00000000e-01  1.00000000e-01  1.93952844e-20  1.00000000e-01  1.11000000e+00 
 1.10000000e-01  1.10000000e-01  1.10000000e-01  4.72210947e-20  1.10000000e-01  1.11000000e+00 
 1.20000000e-01  1.20000000e-01  1.20000000e-01  1.14967460e-19  1.20000000e-01  1.11000000e+00 
 1.30000000e-01  1.30000000e-01  1.30000000e-01  2.79906025e-19  1.30000000e-01  1.11000000e+00 
 1.40000000e-01  1.40000000e-01  1.40000000e-01  6.81470549e-19  1.40000000e-01  1.11000000e+00 
 1.50000000e-01  1.50000000e-01  1.50000000e-01  1.65912110e-18  1.50000000e-01  1.11000000e+00 
 1.60000000e-01  1.60000000e-01  1.60000000e-01  4.03927177e-18  1.60000000e-01  1.11000000e+00 
 1.70000000e-01  1.70000000e-01  1.70000000e-01  9.83373939e-18  1.70000000e-01  1.11000000e+00 
 1.80000000e-01  1.80000000e-01  1.80000000e-01  2.39397548e-17  1.80000000e-01  1.11000000e+00 
 1.90000000e-01  1.90000000e-01  1.90000000e-01  5.82770953e-17  1.90000000e-01  1.11000000e+00 
 2.00000000e-01  2.00000000e-01  2.00000000e-01  1.41853654e-16  2.00000000e-01  1.11000000e+00 
 2.10000000e-01  2.10000000e-01  2.10000000e-01  3.45245225e-16  2.10000000e-01  1.11000000e+00 
 2.20000000e-01  2.20000000e-01  2.20000000e-01  8.40094882e-16  2.20000000e-01  1.11000000e+00 
 2.30000000e-01  2.30000000e-01  2.30000000e-01  2.04359199e-15  2.30000000e-01  1.11000000e+00 
 2.40000000e-01  2.40000000e-01  2.40000000e-01  4.96878364e-15  2.40000000e-01  1.11000000e+00 
 2.50000000e-01  2.50000000e-01  2.50000000e-01  1.20720020e-14  2.50000000e-01  1.11000000e+00 
 2.60000000e-01  2.60000000e-01  2.60000000e-01  2.92955069e-14  2.60000000e-01  1.11000000e+00 
 2.70000000e-01  2.70000000e-01  2.70000000e-01  7.09637071e-14  2.70000000e-01  1.11000000e+00 
 2.80000000e-01  2.80000000e-01  2.80000000e-01  1.71418413e-13  2.80000000e-01  1.11000000e+00 
 2.90000000e-01  2.90000000e-01  2.90000000e-01  4.12301829e-13  2.90000000e-01  1.11000000e+00 
 3.00000000e-01  3.00000000e-01  3.00000000e-01  9.85232350e-13  3.00000000e-01  1.11000000e+00 
 3.10000000e-01  3.10000000e-01  3.10000000e-01  2.33135739e-12  3.10000000e-01  1.11000000e+00 
 3.20000000e-01  3.20000000e-01  3.20000000e-01  5.43782084e-12  3.20000000e-01  1.11000000e+00 
 3.30000000e-01  3.30000000e-01  3.30000000e-01  1.24254699e-11  3.30000000e-01  1.11000000e+00 
 3.40000000e-01  3.40000000e-01  3.40000000e-01  2.76043937e-11  3.40000000e-01  1.11000000e+00 
 3.50000000e-01  3.50000000e-01  3.50000000e-01  5.91334938e-11  3.50000000e-01  1.11000000e+00 
 3.60000000e-01  3.60000000e-01  3.60000000e-01  1.21246343e-10  3.60000000e-01  1.11000000e+00 
 3.70000000e-01  3.70000000e-01  3.70000000e-01  2.36872910e-10  3.70000000e-01  1.11000000e+00 
 3.80000000e-01  3.80000000e-01  3.80000000e-01  4.40857856e-10  3.80000000e-01  1.11000000e+00 
 3.90000000e-01  3.90000000e-01  3.90000000e-01  7.85000466e-10  3.90000000e-01  1.11000000e+00 
 4.00000000e-01  4.00000000e-01  4.00000000e-01  1.34711336e-09  4.00000000e-01  1.11000000e+00 
 4.10000000e-01  4.10000000e-01  4.10000000e-01  2.24668005e-09  4.10000000e-01  1.11000000e+00 
 4.20000000e-01  4.20000000e-01  4.20000000e-01  3.67026873e-09  4.20000000e-01  1.11000000e+00 
 4.30000000e-01  4.30000000e-01  4.30000000e-01  5.91184481e-09  4.30000000e-01  1.11000000e+00 
 4.40000000e-01  4.40000000e-01  4.40000000e-01  9.43717713e-09  4.40000000e-01  1.11000000e+00 
 4.50000000e-01  4.50000000e-01  4.50000000e-01  1.49884500e-08  4.50000000e-01  1.11000000e+00 
 4.60000000e-01  4.60000000e-01  4.60000000e-01  2.37568174e-08  4.60000000e-01  1.11000000e+00 
 4.70000000e-01  4.70000000e-01  4.70000000e-01  3.76696051e-08  4.70000000e-01  1.11000000e+00 
 4.80000000e-01  4.80000000e-01  4.80000000e-01  5.98657541e-08  4.80000000e-01  1.11000000e+00 
 4.90000000e-01  4.90000000e-01  4.90000000e-01  9.54566039e-08  4.90000000e-01  1.11000000e+00 
 5.00000000e-01  5.00000000e-01  5.00000000e-01  1.52643574e-07  5.00000000e-01  1.11000000e+00 
 5.10000000e-01  5.10000000e-01  5.10000000e-01  2.44089085e-07  5.10000000e-01  1.11000000e+00 
 5.20000000e-01  5.20000000e-01  5.20000000e-01  3.88020632e-07  5.20000000e-01  1.11000000e+00 
 5.30000000e-01  5.30000000e-01  5.30000000e-01  6.08070392e-07  5.30000000e-01  1.11000000e+00 
 5.40000000e-01  5.40000000e-01  5.40000000e-01  9.30980302e-07  5.40000000e-01  1.11000000e+00 
 5.50000000e-01  5.50000000e-01  5.50000000e-01  1.38254139e-06  5.50000000e-01  1.11000000e+00 
 5.60000000e-01  5.60000000e-01  5.60000000e-01  1.98359909e-06  5.60000000e-01  1.11000000e+00 
 5.70000000e-01  5.70000000e-01  5.70000000e-01  2.74798280e-06  5.70000000e-01  1.11000000e+00 
 5.80000000e-01  5.80000000e-01  5.80000000e-01  3.68276197e-06  5.80000000e-01  1.11000000e+00 
 5.90000000e-01  5.90000000e-01  5.90000000e-01  4.78991064e-06  5.90000000e-01  1.11000000e+00 
 6.00000000e-01  6.00000000e-01  6.00000000e-01  6.06824258e-06  6.00000000e-01  1.11000000e+00 
 6.10000000e-01  6.10000000e-01  6.10000000e-01  7.51495866e-06  6.10000000e-01  1.11000000e+00 
 6.20000000e-01  6.20000000e-01  6.20000000e-01  9.12664599e-06  6.20000000e-01  1.11000000e+00 
 6.30000000e-01  6.30000000e-01  6.30000000e-01  1.08998237e-05  6.30000000e-01  1.11000000e+00 
 6.40000000e-01  6.40000000e-01  6.40000000e-01  1.28311899e-05  6.40000000e-01  1.11000000e+00 
 6.50000000e-01  6.50000000e-01  6.50000000e-01  1.49176998e-05  6.50000000e-01  1.11000000e+00 
 6.60000000e-01  6.60000000e-01  6.60000000e-01  1.71565599e-05  6.60000000e-01  1.11000000e+00 
 6.70000000e-01  6.70000000e-01  6.70000000e-01  1.95451886e-05  6.70000000e-01  1.11000000e+00 
 6.80000000e-01  6.80000000e-01  6.80000000e-01  2.20811687e-05  6.80000000e-01  1.11000000e+00 
 6.90000000e-01  6.90000000e-01  6.90000000e-01  2.47622027e-05  6.90000000e-01  1.11000000e+00 
 7.00000000e-01  7.00000000e-01  7.00000000e-01  2.75860768e-05  7.00000000e-01  1.11000000e+00 
 7.10000000e-01  7.10000000e-01  7.10000000e-01  3.05506325e-05  7.10000000e-01  1.11000000e+00 
 7.20000000e-01  7.20000000e-01  7.20000000e-01  3.36537458e-05  7.20000000e-01  1.11000000e+00 
 7.30000000e-01  7.30000000e-01  7.30000000e-01  3.68933136e-05  7.30000000e-01  1.11000000e+00 
 7.40000000e-01  7.40000000e-01  7.40000000e-01  4.02672432e-05  7.40000000e-01  1.11000000e+00 
 7.50000000e-01  7.50000000e-01  7.50000000e-01  4.37734467e-05  7.50000000e-01  1.11000000e+00 
 7.60000000e-01  7.60000000e-01  7.60000000e-01  4.74098372e-05  7.60000000e-01  1.11000000e+00 
 7.70000000e-01  7.70000000e-01  7.70000000e-01  5.11743272e-05  7.70000000e-01  1.11000000e+00 
 7.80000000e-01  7.80000000e-01  7.80000000e-01  5.50648278e-05  7.80000000e-01  1.11000000e+00 
 7.90000000e-01  7.90000000e-01  7.90000000e-01  5.90792493e-05  7.90000000e-01  1.11000000e+00 
 8.00000000e-01  8.00000000e-01  8.00000000e-01  6.32155016e-05  8.00000000e-01  1.11000000e+00 
 8.10000000e-01  8.10000000e-01  8.10000000e-01  6.74714961e-05  8.10000000e-01  1.11000000e+00 
 8.20000000e-01  8.20000000e-01  8.20000000e-01  7.18451462e-05  8.20000000e-01  1.11000000e+00 
 8.30000000e-01  8.30000000e-01  8.30000000e-01  7.63343694e-05  8.30000000e-01  1.11000000e+00 
 8.40000000e-01  8.40000000e-01  8.40000000e-01  8.09370886e-05  8.40000000e-01  1.11000000e+00 
 8.50000000e-01  8.50000000e-01  8.50000000e-01  8.56512337e-05  8.50000000e-01  1.11000000e+00 
 8.60000000e-01  8.60000000e-01  8.60000000e-01  9.04747425e-05  8.60000000e-01  1.11000000e+00 
 8.70000000e-01  8.70000000e-01  8.70000000e-01  9.54055631e-05  8.70000000e-01  1.11000000e+00 
 8.80000000e-01  8.80000000e-01  8.80000000e-01  1.00441654e-04  8.80000000e-01  1.11000000e+00 
 8.90000000e-01  8.90000000e-01  8.90000000e-01  1.05580987e-04  8.90000000e-01  1.11000000e+00 
 9.00000000e-01  9.00000000e-01  9.00000000e-01  1.10821547e-04  9.00000000e-01  1.11000000e+00 
 9.10000000e-01  9.10000000e-01  9.10000000e-01  1.16161332e-04  9.10000000e-01  1.11000000e+00 
 9.20000000e-01  9.20000000e-01  9.20000000e-01  1.21598358e-04  9.20000000e-01  1.11000000e+00 
 9.30000000e-01  9.30000000e-01  9.30000000e-01  1.27130655e-04  9.30000000e-01  1.11000000e+00 
 9.40000000e-01  9.40000000e-01  9.40000000e-01  1.32756273e-04  9.40000000e-01  1.11000000e+00 
 9.50000000e-01  9.50000000e-01  9.50000000e-01  1.38473278e-04  9.50000000e-01  1.11000000e+00 
 9.60000000e-01  9.60000000e-01  9.60000000e-01  1.44279755e-04  9.60000000e-01  1.11000000e+00 
 9.70000000e-01  9.70000000e-01  9.70000000e-01  1.50173809e-04  9.70000000e-01  1.11000000e+00 
 9.80000000e-01  9.80000000e-01  9.80000000e-01  1.56153563e-04  9.80000000e-01  1.11000000e+00 
 9.90000000e-01  9.90000000e-01  9.90000000e-01  1.62217163e-04  9.90000000e-01  1.11000000e+00 
 1.00000000e+00  1.00000000e+00  1.00000000e+00  1.68362775e-04  1.00000000e+00  1.11000000e+00 
 1.01000000e+00  1.01000000e+00  1.01000000e+00  1.74588589e-04  1.01000000e+00  1.11000000e+00 
 1.02000000e+00  1.02000000e+00  1.02000000e+00  1.80892812e-04  1.02000000e+00  1.11000000e+00 
 1.03000000e+00  1.03000000e+00  1.03000000e+00  1.87273678e-04  1.03000000e+00  1.11000000e+00 
 1.04000000e+00  1.04000000e+00  1.04000000e+00  1.93729439e-04  1.04000000e+00  1.11000000e+00 
 1.05000000e+00  1.05000000e+00  1.05000000e+00  2.00258373e-04  1.05000000e+00  1.11000000e+00 
 1.06000000e+00  1.06000000e+00  1.06000000e+00  2.06858779e-04  1.06000000e+00  1.11000000e+00 
 1.07000000e+00  1.07000000e+00  1.07000000e+00  2.13528978e-04  1.07000000e+00  1.11000000e+00 
 1.08000000e+00  1.08000000e+00  1.08000000e+00  2.20267315e-04  1.08000000e+00  1.11000000e+00 
 1.09000000e+00  1.09000000e+00  1.09000000e+00  2.27072157e-04  1.09000000e+00  1.11000000e+00 
 1.10000000e+00  1.10000000e+00  1.10000000e+00  2.33941895e-04  1.10000000e+00  1.11000000e+00 
 1.11000000e+00  1.11000000e+00  1.11000000e+00  2.40874942e-04  1.11000000e+00  1.11000000e+00 
 1.12000000e+00  1.12000000e+00  1.12000000e+00  2.47869732e-04  1.12000000e+00  1.11000000e+00 
 1.13000000e+00  1.13000000e+00  1.13000000e+00  2.54924726e-04  1.13000000e+00  1.11000000e+00 
 1.14000000e+00  1.14000000e+00  1.14000000e+00  2.62038402e-04  1.14000000e+00  1.11000000e+00 
 1.15000000e+00  1.15000000e+00  1.15000000e+00  2.69209265e-04  1.15000000e+00  1.11000000e+00 
 1.16000000e+00  1.16000000e+00  1.16000000e+00  2.76435840e-04  1.16000000e+00  1.11000000e+00 
 1.17000000e+00  1.17000000e+00  1.17000000e+00  2.83716674e-04  1.17000000e+00  1.11000000e+00 
 1.18000000e+00  1.18000000e+00  1.18000000e+00  2.91050336e-04  1.18000000e+00  1.11000000e+00 
 1.19000000e+00  1.19000000e+00  1.19000000e+00  2.98435417e-04  1.19000000e+00  1.11000000e+00 
 1.20000000e+00  1.20000000e+00  1.20000000e+00  3.05870529e-04  1.20000000e+00  1.11000000e+00 
 1.21000000e+00  1.21000000e+00  1.21000000e+00  3.13354304e-04  1.21000000e+00  1.11000000e+00 
 1.22000000e+00  1.22000000e+00  1.22000000e+00  3.20885397e-04  1.22000000e+00  1.11000000e+00 
 1.23000000e+00  1.23000000e+00  1.23000000e+00  3.28462481e-04  1.23000000e+00  1.11000000e+00 
 1.24000000e+00  1.24000000e+00  1.24000000e+00  3.36084251e-04  1.24000000e+00  1.11000000e+00 
 1.25000000e+00  1.25000000e+00  1.25000000e+00  3.43749422e-04  1.25000000e+00  1.11000000e+00 
 1.26000000e+00  1.26000000e+00  1.26000000e+00  3.51456726e-04  1.26000000e+00  1.11000000e+00 
 1.27000000e+00  1.27000000e+00  1.27000000e+00  3.59204917e-04  1.27000000e+00  1.11000000e+00 
 1.28000000e+00  1.28000000e+00  1.28000000e+00  3.66992766e-04  1.28000000e+00  1.11000000e+00 
 1.29000000e+00  1.29000000e+00  1.29000000e+00  3.74819065e-04  1.29000000e+00  1.11000000e+00 
 1.30000000e+00  1.30000000e+00  1.30000000e+00  3.82682621e-04  1.30000000e+00  1.11000000e+00 
 1.31000000e+00  1.31000000e+00  1.31000000e+00  3.90582260e-04  1.31000000e+00  1.11000000e+00 
 1.32000000e+00  1.32000000e+00  1.32000000e+00  3.98516826e-04  1.32000000e+00  1.11000000e+00 
 1.33000000e+00  1.33000000e+00  1.33000000e+00  4.06485181e-04  1.33000000e+00  1.11000000e+00 
 1.34000000e+00  1.34000000e+00  1.34000000e+00  4.14486201e-04  1.34000000e+00  1.11000000e+00 
 1.35000000e+00  1.35000000e+00  1.35000000e+00  4.22518780e-04  1.35000000e+00  1.11000000e+00 
 1.36000000e+00  1.36000000e+00  1.36000000e+00  4.30581828e-04  1.36000000e+00  1.11000000e+00 
 1.37000000e+00  1.37000000e+00  1.37000000e+00  4.38674270e-04  1.37000000e+00  1.11000000e+00 
 1.38000000e+00  1.38000000e+00  1.38000000e+00  4.46795046e-04  1.38000000e+00  1.11000000e+00 
 1.39000000e+00  1.39000000e+00  1.39000000e+00  4.54943112e-04  1.39000000e+00  1.11000000e+00 
 1.40000000e+00  1.40000000e+00  1.40000000e+00  4.63117438e-04  1.40000000e+00  1.11000000e+00 
 1.41000000e+00  1.41000000e+00  1.41000000e+00  4.71317006e-04  1.41000000e+00  1.11000000e+00 
 1.42000000e+00  1.42000000e+00  1.42000000e+00  4.79540815e-04  1.42000000e+00  1.11000000e+00 
 1.43000000e+00  1.43000000e+00  1.43000000e+00  4.87787875e-04  1.43000000e+00  1.11000000e+00 
 1.44000000e+00  1.44000000e+00  1.44000000e+00  4.96057209e-04  1.44000000e+00  1.11000000e+00 
 1.45000000e+00  1.45000000e+00  1.45000000e+00  5.04347853e-04  1.45000000e+00  1.11000000e+00 
 1.46000000e+00  1.46000000e+00  1.46000000e+00  5.12658856e-04  1.46000000e+00  1.11000000e+00 
 1.47000000e+00  1.47000000e+00  1.47000000e+00  5.20989278e-04  1.47000000e+00  1.11000000e+00 
 1.48000000e+00  1.48000000e+00  1.48000000e+00  5.29338190e-04  1.48000000e+00  1.11000000e+00 
 1.49000000e+00  1.49000000e+00  1.49000000e+00  5.37704673e-04  1.49000000e+00  1.11000000e+00 
 1.50000000e+00  1.50000000e+00  1.50000000e+00  5.46087822e-04  1.50000000e+00  1.11000000e+00 
 1.51000000e+00  1.51000000e+00  1.51000000e+00  5.54486740e-04  1.51000000e+00  1.11000000e+00 
 1.52000000e+00  1.52000000e+00  1.52000000e+00  5.62900540e-04  1.52000000e+00  1.11000000e+00 
 1.53000000e+00  1.53000000e+00  1.53000000e+00  5.71328344e-04  1.53000000e+00  1.11000000e+00 
 1.54000000e+00  1.54000000e+00  1.54000000e+00  5.79769286e-04  1.54000000e+00  1.11000000e+00 
 1.55000000e+00  1.55000000e+00  1.55000000e+00  5.88222505e-04  1.55000000e+00  1.11000000e+00 
 1.56000000e+00  1.56000000e+00  1.56000000e+00  5.96687152e-04  1.56000000e+00  1.11000000e+00 
 1.57000000e+00  1.57000000e+00  1.57000000e+00  6.05162385e-04  1.57000000e+00  1.11000000e+00 
 1.58000000e+00  1.58000000e+00  1.58000000e+00  6.13647370e-04  1.58000000e+00  1.11000000e+00 
 1.59000000e+00  1.59000000e+00  1.59000000e+00  6.22141279e-04  1.59000000e+00  1.11000000e+00 
 1.60000000e+00  1.60000000e+00  1.60000000e+00  6.30643293e-04  1.60000000e+00  1.11000000e+00 
 1.61000000e+00  1.61000000e+00  1.61000000e+00  6.39152601e-04  1.61000000e+00  1.11000000e+00 
 1.62000000e+00  1.62000000e+00  1.62000000e+00  6.47668395e-04  1.62000000e+00  1.11000000e+00 
 1.63000000e+00  1.63000000e+00  1.63000000e+00  6.56189878e-04  1.63000000e+00  1.11000000e+00 
 1.64000000e+00  1.64000000e+00  1.64000000e+00  6.64716254e-04  1.64000000e+00  1.11000000e+00 
 1.65000000e+00  1.65000000e+00  1.65000000e+00  6.73246738e-04  1.65000000e+00  1.11000000e+00 
 1.66000000e+00  1.66000000e+00  1.66000000e+00  6.81780546e-04  1.66000000e+00  1.11000000e+00 
 1.67000000e+00  1.67000000e+00  1.67000000e+00  6.90316902e-04  1.67000000e+00  1.11000000e+00 
 1.68000000e+00  1.68000000e+00  1.68000000e+00  6.98855033e-04  1.68000000e+00  1.11000000e+00 
 1.69000000e+00  1.69000000e+00  1.69000000e+00  7.07394172e-04  1.69000000e+00  1.11000000e+00 
 1.70000000e+00  1.70000000e+00  1.70000000e+00  7.15933557e-04  1.70000000e+00  1.11000000e+00 
 1.71000000e+00  1.71000000e+00  1.71000000e+00  7.24472428e-04  1.71000000e+00  1.11000000e+00 
 1.72000000e+00  1.72000000e+00  1.72000000e+00  7.33010031e-04  1.72000000e+00  1.11000000e+00 
 1.73000000e+00  1.73000000e+00  1.73000000e+00  7.41545615e-04  1.73000000e+00  1.11000000e+00 
 1.74000000e+00  1.74000000e+00  1.74000000e+00  7.50078432e-04  1.74000000e+00  1.11000000e+00 
 1.75000000e+00  1.75000000e+00  1.75000000e+00  7.58607737e-04  1.75000000e+00  1.11000000e+00 
 1.76000000e+00  1.76000000e+00  1.76000000e+00  7.67132790e-04  1.76000000e+00  1.11000000e+00 
 1.77000000e+00  1.77000000e+00  1.77000000e+00  7.75652852e-04  1.77000000e+00  1.11000000e+00 
 1.78000000e+00  1.78000000e+00  1.78000000e+00  7.84167188e-04  1.78000000e+00  1.11000000e+00 
 1.79000000e+00  1.79000000e+00  1.79000000e+00  7.92675064e-04  1.79000000e+00  1.11000000e+00 
 1.80000000e+00  1.80000000e+00  1.80000000e+00  8.01175749e-04  1.80000000e+00  1.11000000e+00 
 1.81000000e+00  1.81000000e+00  1.81000000e+00  8.09668516e-04  1.81000000e+00  1.11000000e+00 
 1.82000000e+00  1.82000000e+00  1.82000000e+00  8.18152638e-04  1.82000000e+00  1.11000000e+00 
 1.83000000e+00  1.83000000e+00  1.83000000e+00  8.26627390e-04  1.83000000e+00  1.11000000e+00 
 1.84000000e+00  1.84000000e+00  1.84000000e+00  8.35092050e-04  1.84000000e+00  1.11000000e+00 
 1.85000000e+00  1.85000000e+00  1.85000000e+00  8.43545897e-04  1.85000000e+00  1.11000000e+00 
