 0.00000000e+00  0.00000000e+00  0.00000000e+00  3.93328224e-23  0.00000000e+00  1.45000000e+00 
 1.00000000e-02  1.00000000e-02  1.00000000e-02  7.21052352e-23  1.00000000e-02  1.45000000e+00 
 2.00000000e-02  2.00000000e-02  2.00000000e-02  1.32183893e-22  2.00000000e-02  1.45000000e+00 
 3.00000000e-02  3.00000000e-02  3.00000000e-02  2.42320515e-22  3.00000000e-02  1.45000000e+00 
 4.00000000e-02  4.00000000e-02  4.00000000e-02  4.44223919e-22  4.00000000e-02  1.45000000e+00 
 5.00000000e-02  5.00000000e-02  5.00000000e-02  8.14354814e-22  5.00000000e-02  1.45000000e+00 
 6.00000000e-02  6.00000000e-02  6.00000000e-02  1.49288157e-21  6.00000000e-02  1.45000000e+00 
 7.00000000e-02  7.00000000e-02  7.00000000e-02  2.73676222e-21  7.00000000e-02  1.45000000e+00 
 8.00000000e-02  8.00000000e-02  8.00000000e-02  5.01705379e-21  8.00000000e-02  1.45000000e+00 
 9.00000000e-02  9.00000000e-02  9.00000000e-02  9.19730242e-21  9.00000000e-02  1.45000000e+00 
 1.00000000e-01  1.00000000e-01  1.00000000e-01  1.68605662e-20  1.00000000e-01  1.45000000e+00 
 1.10000000e-01  1.10000000e-01  1.10000000e-01  3.09089200e-20  1.10000000e-01  1.45000000e+00 
 1.20000000e-01  1.20000000e-01  1.20000000e-01  5.66624699e-20  1.20000000e-01  1.45000000e+00 
 1.30000000e-01  1.30000000e-01  1.30000000e-01  1.03874071e-19  1.30000000e-01  1.45000000e+00 
 1.40000000e-01  1.40000000e-01  1.40000000e-01  1.90422729e-19  1.40000000e-01  1.45000000e+00 
 1.50000000e-01  1.50000000e-01  1.50000000e-01  3.49084353e-19  1.50000000e-01  1.45000000e+00 
 1.60000000e-01  1.60000000e-01  1.60000000e-01  6.39943953e-19  1.60000000e-01  1.45000000e+00 
 1.70000000e-01  1.70000000e-01  1.70000000e-01  1.17314972e-18  1.70000000e-01  1.45000000e+00 
 1.80000000e-01  1.80000000e-01  1.80000000e-01  2.15062586e-18  1.80000000e-01  1.45000000e+00 
 1.90000000e-01  1.90000000e-01  1.90000000e-01  3.94254069e-18  1.90000000e-01  1.45000000e+00 
 2.00000000e-01  2.00000000e-01  2.00000000e-01  7.22748776e-18  2.00000000e-01  1.45000000e+00 
 2.10000000e-01  2.10000000e-01  2.10000000e-01  1.32494654e-17  2.10000000e-01  1.45000000e+00 
 2.20000000e-01  2.20000000e-01  2.20000000e-01  2.42889695e-17  2.20000000e-01  1.45000000e+00 
 2.30000000e-01  2.30000000e-01  2.30000000e-01  4.45265941e-17  2.30000000e-01  1.45000000e+00 
 2.40000000e-01  2.40000000e-01  2.40000000e-01  8.16261650e-17  2.40000000e-01  1.45000000e+00 
 2.50000000e-01  2.50000000e-01  2.50000000e-01  1.49636889e-16  2.50000000e-01  1.45000000e+00 
 2.60000000e-01  2.60000000e-01  2.60000000e-01  2.74313440e-16  2.60000000e-01  1.45000000e+00 
 2.70000000e-01  2.70000000e-01  2.70000000e-01  5.02868387e-16  2.70000000e-01  1.45000000e+00 
 2.80000000e-01  2.80000000e-01  2.80000000e-01  9.21849450e-16  2.80000000e-01  1.45000000e+00 
 2.90000000e-01  2.90000000e-01  2.90000000e-01  1.68990980e-15  2.90000000e-01  1.45000000e+00 
 3.00000000e-01  3.00000000e-01  3.00000000e-01  3.09787686e-15  3.00000000e-01  1.45000000e+00 
 3.10000000e-01  3.10000000e-01  3.10000000e-01  5.67885594e-15  3.10000000e-01  1.45000000e+00 
 3.20000000e-01  3.20000000e-01  3.20000000e-01  1.04100362e-14  3.20000000e-01  1.45000000e+00 
 3.30000000e-01  3.30000000e-01  3.30000000e-01  1.90825510e-14  3.30000000e-01  1.45000000e+00 
 3.40000000e-01  3.40000000e-01  3.40000000e-01  3.49792815e-14  3.40000000e-01  1.45000000e+00 
 3.50000000e-01  3.50000000e-01  3.50000000e-01  6.41168464e-14  3.50000000e-01  1.45000000e+00 
 3.60000000e-01  3.60000000e-01  3.60000000e-01  1.17521026e-13  3.60000000e-01  1.45000000e+00 
 3.70000000e-01  3.70000000e-01  3.70000000e-01  2.15394616e-13  3.70000000e-01  1.45000000e+00 
 3.80000000e-01  3.80000000e-01  3.80000000e-01  3.94749349e-13  3.80000000e-01  1.45000000e+00 
 3.90000000e-01  3.90000000e-01  3.90000000e-01  7.23375452e-13  3.90000000e-01  1.45000000e+00 
 4.00000000e-01  4.00000000e-01  4.00000000e-01  1.32539787e-12  4.00000000e-01  1.45000000e+00 
 4.10000000e-01  4.10000000e-01  4.10000000e-01  2.42799529e-12  4.10000000e-01  1.45000000e+00 
 4.20000000e-01  4.20000000e-01  4.20000000e-01  4.44672213e-12  4.20000000e-01  1.45000000e+00 
 4.30000000e-01  4.30000000e-01  4.30000000e-01  8.14112263e-12  4.30000000e-01  1.45000000e+00 
 4.40000000e-01  4.40000000e-01  4.40000000e-01  1.48980341e-11  4.40000000e-01  1.45000000e+00 
 4.50000000e-01  4.50000000e-01  4.50000000e-01  2.72460980e-11  4.50000000e-01  1.45000000e+00 
 4.60000000e-01  4.60000000e-01  4.60000000e-01  4.97870988e-11  4.60000000e-01  1.45000000e+00 
 4.70000000e-01  4.70000000e-01  4.70000000e-01  9.08743469e-11  4.70000000e-01  1.45000000e+00 
 4.80000000e-01  4.80000000e-01  4.80000000e-01  1.65619289e-10  4.80000000e-01  1.45000000e+00 
 4.90000000e-01  4.90000000e-01  4.90000000e-01  3.01234339e-10  4.90000000e-01  1.45000000e+00 
 5.00000000e-01  5.00000000e-01  5.00000000e-01  5.46425477e-10  5.00000000e-01  1.45000000e+00 
 5.10000000e-01  5.10000000e-01  5.10000000e-01  9.87668220e-10  5.10000000e-01  1.45000000e+00 
 5.20000000e-01  5.20000000e-01  5.20000000e-01  1.77687673e-09  5.20000000e-01  1.45000000e+00 
 5.30000000e-01  5.30000000e-01  5.30000000e-01  3.17726665e-09  5.30000000e-01  1.45000000e+00 
 5.40000000e-01  5.40000000e-01  5.40000000e-01  5.63689969e-09  5.40000000e-01  1.45000000e+00 
 5.50000000e-01  5.50000000e-01  5.50000000e-01  9.90167777e-09  5.50000000e-01  1.45000000e+00 
 5.60000000e-01  5.60000000e-01  5.60000000e-01  1.71797769e-08  5.60000000e-01  1.45000000e+00 
 5.70000000e-01  5.70000000e-01  5.70000000e-01  2.93654771e-08  5.70000000e-01  1.45000000e+00 
 5.80000000e-01  5.80000000e-01  5.80000000e-01  4.93210219e-08  5.80000000e-01  1.45000000e+00 
 5.90000000e-01  5.90000000e-01  5.90000000e-01  8.12039660e-08  5.90000000e-01  1.45000000e+00 
 6.00000000e-01  6.00000000e-01  6.00000000e-01  1.30824791e-07  6.00000000e-01  1.45000000e+00 
 6.10000000e-01  6.10000000e-01  6.10000000e-01  2.06038438e-07  6.10000000e-01  1.45000000e+00 
 6.20000000e-01  6.20000000e-01  6.20000000e-01  3.17216258e-07  6.20000000e-01  1.45000000e+00 
 6.30000000e-01  6.30000000e-01  6.30000000e-01  4.77891525e-07  6.30000000e-01  1.45000000e+00 
 6.40000000e-01  6.40000000e-01  6.40000000e-01  7.05686656e-07  6.40000000e-01  1.45000000e+00 
 6.50000000e-01  6.50000000e-01  6.50000000e-01  1.02358706e-06  6.50000000e-01  1.45000000e+00 
 6.60000000e-01  6.60000000e-01  6.60000000e-01  1.46151955e-06  6.60000000e-01  1.45000000e+00 
 6.70000000e-01  6.70000000e-01  6.70000000e-01  2.05802405e-06  6.70000000e-01  1.45000000e+00 
 6.80000000e-01  6.80000000e-01  6.80000000e-01  2.86157380e-06  6.80000000e-01  1.45000000e+00 
 6.90000000e-01  6.90000000e-01  6.90000000e-01  3.93083298e-06  6.90000000e-01  1.45000000e+00 
 7.00000000e-01  7.00000000e-01  7.00000000e-01  5.33297061e-06  7.00000000e-01  1.45000000e+00 
 7.10000000e-01  7.10000000e-01  7.10000000e-01  7.13932320e-06  7.10000000e-01  1.45000000e+00 
 7.20000000e-01  7.20000000e-01  7.20000000e-01  9.41843171e-06  7.20000000e-01  1.45000000e+00 
 7.30000000e-01  7.30000000e-01  7.30000000e-01  1.22276525e-05  7.30000000e-01  1.45000000e+00 
 7.40000000e-01  7.40000000e-01  7.40000000e-01  1.56055441e-05  7.40000000e-01  1.45000000e+00 
 7.50000000e-01  7.50000000e-01  7.50000000e-01  1.95673008e-05  7.50000000e-01  1.45000000e+00 
 7.60000000e-01  7.60000000e-01  7.60000000e-01  2.41044317e-05  7.60000000e-01  1.45000000e+00 
 7.70000000e-01  7.70000000e-01  7.70000000e-01  2.91882950e-05  7.70000000e-01  1.45000000e+00 
 7.80000000e-01  7.80000000e-01  7.80000000e-01  3.47759364e-05  7.80000000e-01  1.45000000e+00 
 7.90000000e-01  7.90000000e-01  7.90000000e-01  4.08164181e-05  7.90000000e-01  1.45000000e+00 
 8.00000000e-01  8.00000000e-01  8.00000000e-01  4.72562952e-05  8.00000000e-01  1.45000000e+00 
 8.10000000e-01  8.10000000e-01  8.10000000e-01  5.40436110e-05  8.10000000e-01  1.45000000e+00 
 8.20000000e-01  8.20000000e-01  8.20000000e-01  6.11303649e-05  8.20000000e-01  1.45000000e+00 
 8.30000000e-01  8.30000000e-01  8.30000000e-01  6.84737292e-05  8.30000000e-01  1.45000000e+00 
 8.40000000e-01  8.40000000e-01  8.40000000e-01  7.60363868e-05  8.40000000e-01  1.45000000e+00 
 8.50000000e-01  8.50000000e-01  8.50000000e-01  8.37863258e-05  8.50000000e-01  1.45000000e+00 
 8.60000000e-01  8.60000000e-01  8.60000000e-01  9.16963514e-05  8.60000000e-01  1.45000000e+00 
 8.70000000e-01  8.70000000e-01  8.70000000e-01  9.97434818e-05  8.70000000e-01  1.45000000e+00 
 8.80000000e-01  8.80000000e-01  8.80000000e-01  1.07908334e-04  8.80000000e-01  1.45000000e+00 
 8.90000000e-01  8.90000000e-01  8.90000000e-01  1.16174553e-04  8.90000000e-01  1.45000000e+00 
 9.00000000e-01  9.00000000e-01  9.00000000e-01  1.24528308e-04  9.00000000e-01  1.45000000e+00 
 9.10000000e-01  9.10000000e-01  9.10000000e-01  1.32957861e-04  9.10000000e-01  1.45000000e+00 
 9.20000000e-01  9.20000000e-01  9.20000000e-01  1.41453210e-04  9.20000000e-01  1.45000000e+00 
 9.30000000e-01  9.30000000e-01  9.30000000e-01  1.50005789e-04  9.30000000e-01  1.45000000e+00 
 9.40000000e-01  9.40000000e-01  9.40000000e-01  1.58608228e-04  9.40000000e-01  1.45000000e+00 
 9.50000000e-01  9.50000000e-01  9.50000000e-01  1.67254152e-04  9.50000000e-01  1.45000000e+00 
 9.60000000e-01  9.60000000e-01  9.60000000e-01  1.75938020e-04  9.60000000e-01  1.45000000e+00 
 9.70000000e-01  9.70000000e-01  9.70000000e-01  1.84654992e-04  9.70000000e-01  1.45000000e+00 
 9.80000000e-01  9.80000000e-01  9.80000000e-01  1.93400823e-04  9.80000000e-01  1.45000000e+00 
 9.90000000e-01  9.90000000e-01  9.90000000e-01  2.02171778e-04  9.90000000e-01  1.45000000e+00 
 1.00000000e+00  1.00000000e+00  1.00000000e+00  2.10964551e-04  1.00000000e+00  1.45000000e+00 
 1.01000000e+00  1.01000000e+00  1.01000000e+00  2.19776214e-04  1.01000000e+00  1.45000000e+00 
 1.02000000e+00  1.02000000e+00  1.02000000e+00  2.28604156e-04  1.02000000e+00  1.45000000e+00 
 1.03000000e+00  1.03000000e+00  1.03000000e+00  2.37446052e-04  1.03000000e+00  1.45000000e+00 
 1.04000000e+00  1.04000000e+00  1.04000000e+00  2.46299817e-04  1.04000000e+00  1.45000000e+00 
 1.05000000e+00  1.05000000e+00  1.05000000e+00  2.55163586e-04  1.05000000e+00  1.45000000e+00 
 1.06000000e+00  1.06000000e+00  1.06000000e+00  2.64035678e-04  1.06000000e+00  1.45000000e+00 
 1.07000000e+00  1.07000000e+00  1.07000000e+00  2.72914582e-04  1.07000000e+00  1.45000000e+00 
 1.08000000e+00  1.08000000e+00  1.08000000e+00  2.81798937e-04  1.08000000e+00  1.45000000e+00 
 1.09000000e+00  1.09000000e+00  1.09000000e+00  2.90687511e-04  1.09000000e+00  1.45000000e+00 
 1.10000000e+00  1.10000000e+00  1.10000000e+00  2.99579190e-04  1.10000000e+00  1.45000000e+00 
 1.11000000e+00  1.11000000e+00  1.11000000e+00  3.08472968e-04  1.11000000e+00  1.45000000e+00 
 1.12000000e+00  1.12000000e+00  1.12000000e+00  3.17367932e-04  1.12000000e+00  1.45000000e+00 
 1.13000000e+00  1.13000000e+00  1.13000000e+00  3.26263252e-04  1.13000000e+00  1.45000000e+00 
 1.14000000e+00  1.14000000e+00  1.14000000e+00  3.35158177e-04  1.14000000e+00  1.45000000e+00 
 1.15000000e+00  1.15000000e+00  1.15000000e+00  3.44052026e-04  1.15000000e+00  1.45000000e+00 
 1.16000000e+00  1.16000000e+00  1.16000000e+00  3.52944177e-04  1.16000000e+00  1.45000000e+00 
 1.17000000e+00  1.17000000e+00  1.17000000e+00  3.61834067e-04  1.17000000e+00  1.45000000e+00 
 1.18000000e+00  1.18000000e+00  1.18000000e+00  3.70721184e-04  1.18000000e+00  1.45000000e+00 
 1.19000000e+00  1.19000000e+00  1.19000000e+00  3.79605063e-04  1.19000000e+00  1.45000000e+00 
 1.20000000e+00  1.20000000e+00  1.20000000e+00  3.88485279e-04  1.20000000e+00  1.45000000e+00 
 1.21000000e+00  1.21000000e+00  1.21000000e+00  3.97361448e-04  1.21000000e+00  1.45000000e+00 
 1.22000000e+00  1.22000000e+00  1.22000000e+00  4.06233221e-04  1.22000000e+00  1.45000000e+00 
 1.23000000e+00  1.23000000e+00  1.23000000e+00  4.15100280e-04  1.23000000e+00  1.45000000e+00 
 1.24000000e+00  1.24000000e+00  1.24000000e+00  4.23962337e-04  1.24000000e+00  1.45000000e+00 
 1.25000000e+00  1.25000000e+00  1.25000000e+00  4.32819131e-04  1.25000000e+00  1.45000000e+00 
 1.26000000e+00  1.26000000e+00  1.26000000e+00  4.41670425e-04  1.26000000e+00  1.45000000e+00 
 1.27000000e+00  1.27000000e+00  1.27000000e+00  4.50516004e-04  1.27000000e+00  1.45000000e+00 
 1.28000000e+00  1.28000000e+00  1.28000000e+00  4.59355676e-04  1.28000000e+00  1.45000000e+00 
 1.29000000e+00  1.29000000e+00  1.29000000e+00  4.68189264e-04  1.29000000e+00  1.45000000e+00 
 1.30000000e+00  1.30000000e+00  1.30000000e+00  4.77016612e-04  1.30000000e+00  1.45000000e+00 
 1.31000000e+00  1.31000000e+00  1.31000000e+00  4.85837579e-04  1.31000000e+00  1.45000000e+00 
 1.32000000e+00  1.32000000e+00  1.32000000e+00  4.94652036e-04  1.32000000e+00  1.45000000e+00 
 1.33000000e+00  1.33000000e+00  1.33000000e+00  5.03459872e-04  1.33000000e+00  1.45000000e+00 
 1.34000000e+00  1.34000000e+00  1.34000000e+00  5.12260984e-04  1.34000000e+00  1.45000000e+00 
 1.35000000e+00  1.35000000e+00  1.35000000e+00  5.21055283e-04  1.35000000e+00  1.45000000e+00 
 1.36000000e+00  1.36000000e+00  1.36000000e+00  5.29842690e-04  1.36000000e+00  1.45000000e+00 
 1.37000000e+00  1.37000000e+00  1.37000000e+00  5.38623135e-04  1.37000000e+00  1.45000000e+00 
 1.38000000e+00  1.38000000e+00  1.38000000e+00  5.47396556e-04  1.38000000e+00  1.45000000e+00 
 1.39000000e+00  1.39000000e+00  1.39000000e+00  5.56162902e-04  1.39000000e+00  1.45000000e+00 
 1.40000000e+00  1.40000000e+00  1.40000000e+00  5.64922128e-04  1.40000000e+00  1.45000000e+00 
 1.41000000e+00  1.41000000e+00  1.41000000e+00  5.73674193e-04  1.41000000e+00  1.45000000e+00 
 1.42000000e+00  1.42000000e+00  1.42000000e+00  5.82419068e-04  1.42000000e+00  1.45000000e+00 
 1.43000000e+00  1.43000000e+00  1.43000000e+00  5.91156724e-04  1.43000000e+00  1.45000000e+00 
 1.44000000e+00  1.44000000e+00  1.44000000e+00  5.99887142e-04  1.44000000e+00  1.45000000e+00 
 1.45000000e+00  1.45000000e+00  1.45000000e+00  6.08610305e-04  1.45000000e+00  1.45000000e+00 
 1.46000000e+00  1.46000000e+00  1.46000000e+00  6.17326202e-04  1.46000000e+00  1.45000000e+00 
 1.47000000e+00  1.47000000e+00  1.47000000e+00  6.26034825e-04  1.47000000e+00  1.45000000e+00 
 1.48000000e+00  1.48000000e+00  1.48000000e+00  6.34736170e-04  1.48000000e+00  1.45000000e+00 
 1.49000000e+00  1.49000000e+00  1.49000000e+00  6.43430237e-04  1.49000000e+00  1.45000000e+00 
 1.50000000e+00  1.50000000e+00  1.50000000e+00  6.52117028e-04  1.50000000e+00  1.45000000e+00 
 1.51000000e+00  1.51000000e+00  1.51000000e+00  6.60796550e-04  1.51000000e+00  1.45000000e+00 
 1.52000000e+00  1.52000000e+00  1.52000000e+00  6.69468811e-04  1.52000000e+00  1.45000000e+00 
 1.53000000e+00  1.53000000e+00  1.53000000e+00  6.78133821e-04  1.53000000e+00  1.45000000e+00 
 1.54000000e+00  1.54000000e+00  1.54000000e+00  6.86791593e-04  1.54000000e+00  1.45000000e+00 
 1.55000000e+00  1.55000000e+00  1.55000000e+00  6.95442142e-04  1.55000000e+00  1.45000000e+00 
 1.56000000e+00  1.56000000e+00  1.56000000e+00  7.04085484e-04  1.56000000e+00  1.45000000e+00 
 1.57000000e+00  1.57000000e+00  1.57000000e+00  7.12721636e-04  1.57000000e+00  1.45000000e+00 
 1.58000000e+00  1.58000000e+00  1.58000000e+00  7.21350619e-04  1.58000000e+00  1.45000000e+00 
 1.59000000e+00  1.59000000e+00  1.59000000e+00  7.29972452e-04  1.59000000e+00  1.45000000e+00 
 1.60000000e+00  1.60000000e+00  1.60000000e+00  7.38587158e-04  1.60000000e+00  1.45000000e+00 
 1.61000000e+00  1.61000000e+00  1.61000000e+00  7.47194759e-04  1.61000000e+00  1.45000000e+00 
 1.62000000e+00  1.62000000e+00  1.62000000e+00  7.55795278e-04  1.62000000e+00  1.45000000e+00 
 1.63000000e+00  1.63000000e+00  1.63000000e+00  7.64388740e-04  1.63000000e+00  1.45000000e+00 
 1.64000000e+00  1.64000000e+00  1.64000000e+00  7.72975168e-04  1.64000000e+00  1.45000000e+00 
 1.65000000e+00  1.65000000e+00  1.65000000e+00  7.81554589e-04  1.65000000e+00  1.45000000e+00 
 1.66000000e+00  1.66000000e+00  1.66000000e+00  7.90127028e-04  1.66000000e+00  1.45000000e+00 
 1.67000000e+00  1.67000000e+00  1.67000000e+00  7.98692510e-04  1.67000000e+00  1.45000000e+00 
 1.68000000e+00  1.68000000e+00  1.68000000e+00  8.07251063e-04  1.68000000e+00  1.45000000e+00 
 1.69000000e+00  1.69000000e+00  1.69000000e+00  8.15802711e-04  1.69000000e+00  1.45000000e+00 
 1.70000000e+00  1.70000000e+00  1.70000000e+00  8.24347482e-04  1.70000000e+00  1.45000000e+00 
 1.71000000e+00  1.71000000e+00  1.71000000e+00  8.32885402e-04  1.71000000e+00  1.45000000e+00 
 1.72000000e+00  1.72000000e+00  1.72000000e+00  8.41416498e-04  1.72000000e+00  1.45000000e+00 
 1.73000000e+00  1.73000000e+00  1.73000000e+00  8.49940795e-04  1.73000000e+00  1.45000000e+00 
 1.74000000e+00  1.74000000e+00  1.74000000e+00  8.58458320e-04  1.74000000e+00  1.45000000e+00 
 1.75000000e+00  1.75000000e+00  1.75000000e+00  8.66969098e-04  1.75000000e+00  1.45000000e+00 
 1.76000000e+00  1.76000000e+00  1.76000000e+00  8.75473156e-04  1.76000000e+00  1.45000000e+00 
 1.77000000e+00  1.77000000e+00  1.77000000e+00  8.83970519e-04  1.77000000e+00  1.45000000e+00 
 1.78000000e+00  1.78000000e+00  1.78000000e+00  8.92461212e-04  1.78000000e+00  1.45000000e+00 
 1.79000000e+00  1.79000000e+00  1.79000000e+00  9.00945259e-04  1.79000000e+00  1.45000000e+00 
 1.80000000e+00  1.80000000e+00  1.80000000e+00  9.09422686e-04  1.80000000e+00  1.45000000e+00 
 1.81000000e+00  1.81000000e+00  1.81000000e+00  9.17893515e-04  1.81000000e+00  1.45000000e+00 
 1.82000000e+00  1.82000000e+00  1.82000000e+00  9.26357771e-04  1.82000000e+00  1.45000000e+00 
 1.83000000e+00  1.83000000e+00  1.83000000e+00  9.34815477e-04  1.83000000e+00  1.45000000e+00 
 1.84000000e+00  1.84000000e+00  1.84000000e+00  9.43266655e-04  1.84000000e+00  1.45000000e+00 
 1.85000000e+00  1.85000000e+00  1.85000000e+00  9.51711327e-04  1.85000000e+00  1.45000000e+00 
