 0.00000000e+00  0.00000000e+00  0.00000000e+00  1.57686304e-23  0.00000000e+00  3.70000000e-01 
 1.00000000e-02  1.00000000e-02  1.00000000e-02  2.89126484e-23  1.00000000e-02  3.70000000e-01 
 2.00000000e-02  2.00000000e-02  2.00000000e-02  5.30129305e-23  2.00000000e-02  3.70000000e-01 
 3.00000000e-02  3.00000000e-02  3.00000000e-02  9.72021049e-23  3.00000000e-02  3.70000000e-01 
 4.00000000e-02  4.00000000e-02  4.00000000e-02  1.78225353e-22  4.00000000e-02  3.70000000e-01 
 5.00000000e-02  5.00000000e-02  5.00000000e-02  3.26785925e-22  5.00000000e-02  3.70000000e-01 
 6.00000000e-02  6.00000000e-02  6.00000000e-02  5.99179823e-22  6.00000000e-02  3.70000000e-01 
 7.00000000e-02  7.00000000e-02  7.00000000e-02  1.09862893e-21  7.00000000e-02  3.70000000e-01 
 8.00000000e-02  8.00000000e-02  8.00000000e-02  2.01439614e-21  8.00000000e-02  3.70000000e-01 
 9.00000000e-02  9.00000000e-02  9.00000000e-02  3.69350533e-21  9.00000000e-02  3.70000000e-01 
 1.00000000e-01  1.00000000e-01  1.00000000e-01  6.77224352e-21  1.00000000e-01  3.70000000e-01 
 1.10000000e-01  1.10000000e-01  1.10000000e-01  1.24172775e-20  1.10000000e-01  3.70000000e-01 
 1.20000000e-01  1.20000000e-01  1.20000000e-01  2.27677545e-20  1.20000000e-01  3.70000000e-01 
 1.30000000e-01  1.30000000e-01  1.30000000e-01  4.17459161e-20  1.30000000e-01  3.70000000e-01 
 1.40000000e-01  1.40000000e-01  1.40000000e-01  7.65434039e-20  1.40000000e-01  3.70000000e-01 
 1.50000000e-01  1.50000000e-01  1.50000000e-01  1.40346476e-19  1.50000000e-01  3.70000000e-01 
 1.60000000e-01  1.60000000e-01  1.60000000e-01  2.57332841e-19  1.60000000e-01  3.70000000e-01 
 1.70000000e-01  1.70000000e-01  1.70000000e-01  4.71833593e-19  1.70000000e-01  3.70000000e-01 
 1.80000000e-01  1.80000000e-01  1.80000000e-01  8.65132101e-19  1.80000000e-01  3.70000000e-01 
 1.90000000e-01  1.90000000e-01  1.90000000e-01  1.58626555e-18  1.90000000e-01  3.70000000e-01 
 2.00000000e-01  2.00000000e-01  2.00000000e-01  2.90850100e-18  2.00000000e-01  3.70000000e-01 
 2.10000000e-01  2.10000000e-01  2.10000000e-01  5.33288666e-18  2.10000000e-01  3.70000000e-01 
 2.20000000e-01  2.20000000e-01  2.20000000e-01  9.77811710e-18  2.20000000e-01  3.70000000e-01 
 2.30000000e-01  2.30000000e-01  2.30000000e-01  1.79286573e-17  2.30000000e-01  3.70000000e-01 
 2.40000000e-01  2.40000000e-01  2.40000000e-01  3.28730371e-17  2.40000000e-01  3.70000000e-01 
 2.50000000e-01  2.50000000e-01  2.50000000e-01  6.02741726e-17  2.50000000e-01  3.70000000e-01 
 2.60000000e-01  2.60000000e-01  2.60000000e-01  1.10515151e-16  2.60000000e-01  3.70000000e-01 
 2.70000000e-01  2.70000000e-01  2.70000000e-01  2.02633489e-16  2.70000000e-01  3.70000000e-01 
 2.80000000e-01  2.80000000e-01  2.80000000e-01  3.71534409e-16  2.80000000e-01  3.70000000e-01 
 2.90000000e-01  2.90000000e-01  2.90000000e-01  6.81215816e-16  2.90000000e-01  3.70000000e-01 
 3.00000000e-01  3.00000000e-01  3.00000000e-01  1.24901458e-15  3.00000000e-01  3.70000000e-01 
 3.10000000e-01  3.10000000e-01  3.10000000e-01  2.29005742e-15  3.10000000e-01  3.70000000e-01 
 3.20000000e-01  3.20000000e-01  3.20000000e-01  4.19874914e-15  3.20000000e-01  3.70000000e-01 
 3.30000000e-01  3.30000000e-01  3.30000000e-01  7.69814870e-15  3.30000000e-01  3.70000000e-01 
 3.40000000e-01  3.40000000e-01  3.40000000e-01  1.41137666e-14  3.40000000e-01  3.70000000e-01 
 3.50000000e-01  3.50000000e-01  3.50000000e-01  2.58753596e-14  3.50000000e-01  3.70000000e-01 
 3.60000000e-01  3.60000000e-01  3.60000000e-01  4.74364327e-14  3.60000000e-01  3.70000000e-01 
 3.70000000e-01  3.70000000e-01  3.70000000e-01  8.69587941e-14  3.70000000e-01  3.70000000e-01 
 3.80000000e-01  3.80000000e-01  3.80000000e-01  1.59397800e-13  3.80000000e-01  3.70000000e-01 
 3.90000000e-01  3.90000000e-01  3.90000000e-01  2.92150693e-13  3.90000000e-01  3.70000000e-01 
 4.00000000e-01  4.00000000e-01  4.00000000e-01  5.35391784e-13  4.00000000e-01  3.70000000e-01 
 4.10000000e-01  4.10000000e-01  4.10000000e-01  9.80969672e-13  4.10000000e-01  3.70000000e-01 
 4.20000000e-01  4.20000000e-01  4.20000000e-01  1.79692554e-12  4.20000000e-01  3.70000000e-01 
 4.30000000e-01  4.30000000e-01  4.30000000e-01  3.29046134e-12  4.30000000e-01  3.70000000e-01 
 4.40000000e-01  4.40000000e-01  4.40000000e-01  6.02259912e-12  4.40000000e-01  3.70000000e-01 
 4.50000000e-01  4.50000000e-01  4.50000000e-01  1.10164575e-11  4.50000000e-01  3.70000000e-01 
 4.60000000e-01  4.60000000e-01  4.60000000e-01  2.01343405e-11  4.60000000e-01  3.70000000e-01 
 4.70000000e-01  4.70000000e-01  4.70000000e-01  3.67574497e-11  4.70000000e-01  3.70000000e-01 
 4.80000000e-01  4.80000000e-01  4.80000000e-01  6.70038072e-11  4.80000000e-01  3.70000000e-01 
 4.90000000e-01  4.90000000e-01  4.90000000e-01  1.21893197e-10  4.90000000e-01  3.70000000e-01 
 5.00000000e-01  5.00000000e-01  5.00000000e-01  2.21154606e-10  5.00000000e-01  3.70000000e-01 
 5.10000000e-01  5.10000000e-01  5.10000000e-01  3.99827762e-10  5.10000000e-01  3.70000000e-01 
 5.20000000e-01  5.20000000e-01  5.20000000e-01  7.19496005e-10  5.20000000e-01  3.70000000e-01 
 5.30000000e-01  5.30000000e-01  5.30000000e-01  1.28693433e-09  5.30000000e-01  3.70000000e-01 
 5.40000000e-01  5.40000000e-01  5.40000000e-01  2.28409622e-09  5.40000000e-01  3.70000000e-01 
 5.50000000e-01  5.50000000e-01  5.50000000e-01  4.01442315e-09  5.50000000e-01  3.70000000e-01 
 5.60000000e-01  5.60000000e-01  5.60000000e-01  6.97089584e-09  5.60000000e-01  3.70000000e-01 
 5.70000000e-01  5.70000000e-01  5.70000000e-01  1.19304213e-08  5.70000000e-01  3.70000000e-01 
 5.80000000e-01  5.80000000e-01  5.80000000e-01  2.00770890e-08  5.80000000e-01  3.70000000e-01 
 5.90000000e-01  5.90000000e-01  5.90000000e-01  3.31555368e-08  5.90000000e-01  3.70000000e-01 
 6.00000000e-01  6.00000000e-01  6.00000000e-01  5.36599085e-08  6.00000000e-01  3.70000000e-01 
 6.10000000e-01  6.10000000e-01  6.10000000e-01  8.50792101e-08  6.10000000e-01  3.70000000e-01 
 6.20000000e-01  6.20000000e-01  6.20000000e-01  1.32247247e-07  6.20000000e-01  3.70000000e-01 
 6.30000000e-01  6.30000000e-01  6.30000000e-01  2.01876612e-07  6.30000000e-01  3.70000000e-01 
 6.40000000e-01  6.40000000e-01  6.40000000e-01  3.03376451e-07  6.40000000e-01  3.70000000e-01 
 6.50000000e-01  6.50000000e-01  6.50000000e-01  4.50047104e-07  6.50000000e-01  3.70000000e-01 
 6.60000000e-01  6.60000000e-01  6.60000000e-01  6.60693222e-07  6.60000000e-01  3.70000000e-01 
 6.70000000e-01  6.70000000e-01  6.70000000e-01  9.61570911e-07  6.70000000e-01  3.70000000e-01 
 6.80000000e-01  6.80000000e-01  6.80000000e-01  1.38834837e-06  6.80000000e-01  3.70000000e-01 
 6.90000000e-01  6.90000000e-01  6.90000000e-01  1.98741792e-06  6.90000000e-01  3.70000000e-01 
 7.00000000e-01  7.00000000e-01  7.00000000e-01  2.81557801e-06  7.00000000e-01  3.70000000e-01 
 7.10000000e-01  7.10000000e-01  7.10000000e-01  3.93709705e-06  7.10000000e-01  3.70000000e-01 
 7.20000000e-01  7.20000000e-01  7.20000000e-01  5.41779074e-06  7.20000000e-01  3.70000000e-01 
 7.30000000e-01  7.30000000e-01  7.30000000e-01  7.31697336e-06  7.30000000e-01  3.70000000e-01 
 7.40000000e-01  7.40000000e-01  7.40000000e-01  9.67937845e-06  7.40000000e-01  3.70000000e-01 
 7.50000000e-01  7.50000000e-01  7.50000000e-01  1.25295018e-05  7.50000000e-01  3.70000000e-01 
 7.60000000e-01  7.60000000e-01  7.60000000e-01  1.58699249e-05  7.60000000e-01  3.70000000e-01 
 7.70000000e-01  7.70000000e-01  7.70000000e-01  1.96835845e-05  7.70000000e-01  3.70000000e-01 
 7.80000000e-01  7.80000000e-01  7.80000000e-01  2.39386509e-05  7.80000000e-01  3.70000000e-01 
 7.90000000e-01  7.90000000e-01  7.90000000e-01  2.85942632e-05  7.90000000e-01  3.70000000e-01 
 8.00000000e-01  8.00000000e-01  8.00000000e-01  3.36057291e-05  8.00000000e-01  3.70000000e-01 
 8.10000000e-01  8.10000000e-01  8.10000000e-01  3.89284689e-05  8.10000000e-01  3.70000000e-01 
 8.20000000e-01  8.20000000e-01  8.20000000e-01  4.45205705e-05  8.20000000e-01  3.70000000e-01 
 8.30000000e-01  8.30000000e-01  8.30000000e-01  5.03441598e-05  8.30000000e-01  3.70000000e-01 
 8.40000000e-01  8.40000000e-01  8.40000000e-01  5.63659122e-05  8.40000000e-01  3.70000000e-01 
 8.50000000e-01  8.50000000e-01  8.50000000e-01  6.25570186e-05  8.50000000e-01  3.70000000e-01 
 8.60000000e-01  8.60000000e-01  8.60000000e-01  6.88928476e-05  8.60000000e-01  3.70000000e-01 
 8.70000000e-01  8.70000000e-01  8.70000000e-01  7.53524708e-05  8.70000000e-01  3.70000000e-01 
 8.80000000e-01  8.80000000e-01  8.80000000e-01  8.19181538e-05  8.80000000e-01  3.70000000e-01 
 8.90000000e-01  8.90000000e-01  8.90000000e-01  8.85748700e-05  8.90000000e-01  3.70000000e-01 
 9.00000000e-01  9.00000000e-01  9.00000000e-01  9.53098634e-05  9.00000000e-01  3.70000000e-01 
 9.10000000e-01  9.10000000e-01  9.10000000e-01  1.02112271e-04  9.10000000e-01  3.70000000e-01 
 9.20000000e-01  9.20000000e-01  9.20000000e-01  1.08972805e-04  9.20000000e-01  3.70000000e-01 
 9.30000000e-01  9.30000000e-01  9.30000000e-01  1.15883486e-04  9.30000000e-01  3.70000000e-01 
 9.40000000e-01  9.40000000e-01  9.40000000e-01  1.22837424e-04  9.40000000e-01  3.70000000e-01 
 9.50000000e-01  9.50000000e-01  9.50000000e-01  1.29828643e-04  9.50000000e-01  3.70000000e-01 
 9.60000000e-01  9.60000000e-01  9.60000000e-01  1.36851929e-04  9.60000000e-01  3.70000000e-01 
 9.70000000e-01  9.70000000e-01  9.70000000e-01  1.43902710e-04  9.70000000e-01  3.70000000e-01 
 9.80000000e-01  9.80000000e-01  9.80000000e-01  1.50976963e-04  9.80000000e-01  3.70000000e-01 
 9.90000000e-01  9.90000000e-01  9.90000000e-01  1.58071129e-04  9.90000000e-01  3.70000000e-01 
 1.00000000e+00  1.00000000e+00  1.00000000e+00  1.65182045e-04  1.00000000e+00  3.70000000e-01 
 1.01000000e+00  1.01000000e+00  1.01000000e+00  1.72306893e-04  1.01000000e+00  3.70000000e-01 
 1.02000000e+00  1.02000000e+00  1.02000000e+00  1.79443148e-04  1.02000000e+00  3.70000000e-01 
 1.03000000e+00  1.03000000e+00  1.03000000e+00  1.86588542e-04  1.03000000e+00  3.70000000e-01 
 1.04000000e+00  1.04000000e+00  1.04000000e+00  1.93741033e-04  1.04000000e+00  3.70000000e-01 
 1.05000000e+00  1.05000000e+00  1.05000000e+00  2.00898772e-04  1.05000000e+00  3.70000000e-01 
 1.06000000e+00  1.06000000e+00  1.06000000e+00  2.08060085e-04  1.06000000e+00  3.70000000e-01 
 1.07000000e+00  1.07000000e+00  1.07000000e+00  2.15223451e-04  1.07000000e+00  3.70000000e-01 
 1.08000000e+00  1.08000000e+00  1.08000000e+00  2.22387480e-04  1.08000000e+00  3.70000000e-01 
 1.09000000e+00  1.09000000e+00  1.09000000e+00  2.29550906e-04  1.09000000e+00  3.70000000e-01 
 1.10000000e+00  1.10000000e+00  1.10000000e+00  2.36712567e-04  1.10000000e+00  3.70000000e-01 
 1.11000000e+00  1.11000000e+00  1.11000000e+00  2.43871400e-04  1.11000000e+00  3.70000000e-01 
 1.12000000e+00  1.12000000e+00  1.12000000e+00  2.51026423e-04  1.12000000e+00  3.70000000e-01 
 1.13000000e+00  1.13000000e+00  1.13000000e+00  2.58176734e-04  1.13000000e+00  3.70000000e-01 
 1.14000000e+00  1.14000000e+00  1.14000000e+00  2.65321500e-04  1.14000000e+00  3.70000000e-01 
 1.15000000e+00  1.15000000e+00  1.15000000e+00  2.72459948e-04  1.15000000e+00  3.70000000e-01 
 1.16000000e+00  1.16000000e+00  1.16000000e+00  2.79591363e-04  1.16000000e+00  3.70000000e-01 
 1.17000000e+00  1.17000000e+00  1.17000000e+00  2.86715082e-04  1.17000000e+00  3.70000000e-01 
 1.18000000e+00  1.18000000e+00  1.18000000e+00  2.93830486e-04  1.18000000e+00  3.70000000e-01 
 1.19000000e+00  1.19000000e+00  1.19000000e+00  3.00936999e-04  1.19000000e+00  3.70000000e-01 
 1.20000000e+00  1.20000000e+00  1.20000000e+00  3.08034083e-04  1.20000000e+00  3.70000000e-01 
 1.21000000e+00  1.21000000e+00  1.21000000e+00  3.15121233e-04  1.21000000e+00  3.70000000e-01 
 1.22000000e+00  1.22000000e+00  1.22000000e+00  3.22197979e-04  1.22000000e+00  3.70000000e-01 
 1.23000000e+00  1.23000000e+00  1.23000000e+00  3.29263877e-04  1.23000000e+00  3.70000000e-01 
 1.24000000e+00  1.24000000e+00  1.24000000e+00  3.36318510e-04  1.24000000e+00  3.70000000e-01 
 1.25000000e+00  1.25000000e+00  1.25000000e+00  3.43361485e-04  1.25000000e+00  3.70000000e-01 
 1.26000000e+00  1.26000000e+00  1.26000000e+00  3.50392431e-04  1.26000000e+00  3.70000000e-01 
 1.27000000e+00  1.27000000e+00  1.27000000e+00  3.57410998e-04  1.27000000e+00  3.70000000e-01 
 1.28000000e+00  1.28000000e+00  1.28000000e+00  3.64416853e-04  1.28000000e+00  3.70000000e-01 
 1.29000000e+00  1.29000000e+00  1.29000000e+00  3.71409681e-04  1.29000000e+00  3.70000000e-01 
 1.30000000e+00  1.30000000e+00  1.30000000e+00  3.78389181e-04  1.30000000e+00  3.70000000e-01 
 1.31000000e+00  1.31000000e+00  1.31000000e+00  3.85355068e-04  1.31000000e+00  3.70000000e-01 
 1.32000000e+00  1.32000000e+00  1.32000000e+00  3.92307070e-04  1.32000000e+00  3.70000000e-01 
 1.33000000e+00  1.33000000e+00  1.33000000e+00  3.99244925e-04  1.33000000e+00  3.70000000e-01 
 1.34000000e+00  1.34000000e+00  1.34000000e+00  4.06168383e-04  1.34000000e+00  3.70000000e-01 
 1.35000000e+00  1.35000000e+00  1.35000000e+00  4.13077206e-04  1.35000000e+00  3.70000000e-01 
 1.36000000e+00  1.36000000e+00  1.36000000e+00  4.19971162e-04  1.36000000e+00  3.70000000e-01 
 1.37000000e+00  1.37000000e+00  1.37000000e+00  4.26850029e-04  1.37000000e+00  3.70000000e-01 
 1.38000000e+00  1.38000000e+00  1.38000000e+00  4.33713594e-04  1.38000000e+00  3.70000000e-01 
 1.39000000e+00  1.39000000e+00  1.39000000e+00  4.40561650e-04  1.39000000e+00  3.70000000e-01 
 1.40000000e+00  1.40000000e+00  1.40000000e+00  4.47393996e-04  1.40000000e+00  3.70000000e-01 
 1.41000000e+00  1.41000000e+00  1.41000000e+00  4.54210438e-04  1.41000000e+00  3.70000000e-01 
 1.42000000e+00  1.42000000e+00  1.42000000e+00  4.61010788e-04  1.42000000e+00  3.70000000e-01 
 1.43000000e+00  1.43000000e+00  1.43000000e+00  4.67794861e-04  1.43000000e+00  3.70000000e-01 
 1.44000000e+00  1.44000000e+00  1.44000000e+00  4.74562479e-04  1.44000000e+00  3.70000000e-01 
 1.45000000e+00  1.45000000e+00  1.45000000e+00  4.81313468e-04  1.45000000e+00  3.70000000e-01 
 1.46000000e+00  1.46000000e+00  1.46000000e+00  4.88047655e-04  1.46000000e+00  3.70000000e-01 
 1.47000000e+00  1.47000000e+00  1.47000000e+00  4.94764874e-04  1.47000000e+00  3.70000000e-01 
 1.48000000e+00  1.48000000e+00  1.48000000e+00  5.01464961e-04  1.48000000e+00  3.70000000e-01 
 1.49000000e+00  1.49000000e+00  1.49000000e+00  5.08147755e-04  1.49000000e+00  3.70000000e-01 
 1.50000000e+00  1.50000000e+00  1.50000000e+00  5.14813098e-04  1.50000000e+00  3.70000000e-01 
 1.51000000e+00  1.51000000e+00  1.51000000e+00  5.21460832e-04  1.51000000e+00  3.70000000e-01 
 1.52000000e+00  1.52000000e+00  1.52000000e+00  5.28090805e-04  1.52000000e+00  3.70000000e-01 
 1.53000000e+00  1.53000000e+00  1.53000000e+00  5.34702864e-04  1.53000000e+00  3.70000000e-01 
 1.54000000e+00  1.54000000e+00  1.54000000e+00  5.41296860e-04  1.54000000e+00  3.70000000e-01 
 1.55000000e+00  1.55000000e+00  1.55000000e+00  5.47872644e-04  1.55000000e+00  3.70000000e-01 
 1.56000000e+00  1.56000000e+00  1.56000000e+00  5.54430069e-04  1.56000000e+00  3.70000000e-01 
 1.57000000e+00  1.57000000e+00  1.57000000e+00  5.60968988e-04  1.57000000e+00  3.70000000e-01 
 1.58000000e+00  1.58000000e+00  1.58000000e+00  5.67489258e-04  1.58000000e+00  3.70000000e-01 
 1.59000000e+00  1.59000000e+00  1.59000000e+00  5.73990734e-04  1.59000000e+00  3.70000000e-01 
 1.60000000e+00  1.60000000e+00  1.60000000e+00  5.80473274e-04  1.60000000e+00  3.70000000e-01 
 1.61000000e+00  1.61000000e+00  1.61000000e+00  5.86936735e-04  1.61000000e+00  3.70000000e-01 
 1.62000000e+00  1.62000000e+00  1.62000000e+00  5.93380975e-04  1.62000000e+00  3.70000000e-01 
 1.63000000e+00  1.63000000e+00  1.63000000e+00  5.99805855e-04  1.63000000e+00  3.70000000e-01 
 1.64000000e+00  1.64000000e+00  1.64000000e+00  6.06211232e-04  1.64000000e+00  3.70000000e-01 
 1.65000000e+00  1.65000000e+00  1.65000000e+00  6.12596967e-04  1.65000000e+00  3.70000000e-01 
 1.66000000e+00  1.66000000e+00  1.66000000e+00  6.18962919e-04  1.66000000e+00  3.70000000e-01 
 1.67000000e+00  1.67000000e+00  1.67000000e+00  6.25308950e-04  1.67000000e+00  3.70000000e-01 
 1.68000000e+00  1.68000000e+00  1.68000000e+00  6.31634918e-04  1.68000000e+00  3.70000000e-01 
 1.69000000e+00  1.69000000e+00  1.69000000e+00  6.37940685e-04  1.69000000e+00  3.70000000e-01 
 1.70000000e+00  1.70000000e+00  1.70000000e+00  6.44226111e-04  1.70000000e+00  3.70000000e-01 
 1.71000000e+00  1.71000000e+00  1.71000000e+00  6.50491055e-04  1.71000000e+00  3.70000000e-01 
 1.72000000e+00  1.72000000e+00  1.72000000e+00  6.56735380e-04  1.72000000e+00  3.70000000e-01 
 1.73000000e+00  1.73000000e+00  1.73000000e+00  6.62958943e-04  1.73000000e+00  3.70000000e-01 
 1.74000000e+00  1.74000000e+00  1.74000000e+00  6.69161607e-04  1.74000000e+00  3.70000000e-01 
 1.75000000e+00  1.75000000e+00  1.75000000e+00  6.75343229e-04  1.75000000e+00  3.70000000e-01 
 1.76000000e+00  1.76000000e+00  1.76000000e+00  6.81503671e-04  1.76000000e+00  3.70000000e-01 
 1.77000000e+00  1.77000000e+00  1.77000000e+00  6.87642791e-04  1.77000000e+00  3.70000000e-01 
 1.78000000e+00  1.78000000e+00  1.78000000e+00  6.93760449e-04  1.78000000e+00  3.70000000e-01 
 1.79000000e+00  1.79000000e+00  1.79000000e+00  6.99856503e-04  1.79000000e+00  3.70000000e-01 
 1.80000000e+00  1.80000000e+00  1.80000000e+00  7.05930812e-04  1.80000000e+00  3.70000000e-01 
 1.81000000e+00  1.81000000e+00  1.81000000e+00  7.11983235e-04  1.81000000e+00  3.70000000e-01 
 1.82000000e+00  1.82000000e+00  1.82000000e+00  7.18013630e-04  1.82000000e+00  3.70000000e-01 
 1.83000000e+00  1.83000000e+00  1.83000000e+00  7.24021854e-04  1.83000000e+00  3.70000000e-01 
 1.84000000e+00  1.84000000e+00  1.84000000e+00  7.30007764e-04  1.84000000e+00  3.70000000e-01 
 1.85000000e+00  1.85000000e+00  1.85000000e+00  7.35971220e-04  1.85000000e+00  3.70000000e-01 
