 0.00000000e+00  0.00000000e+00  0.00000000e+00  1.80719971e-24  0.00000000e+00  1.00000000e-02 
 1.00000000e-02  1.00000000e-02  1.00000000e-02  3.31380762e-24  1.00000000e-02  1.00000000e-02 
 2.00000000e-02  2.00000000e-02  2.00000000e-02  6.07643160e-24  2.00000000e-02  1.00000000e-02 
 3.00000000e-02  3.00000000e-02  3.00000000e-02  1.11421723e-23  3.00000000e-02  1.00000000e-02 
 4.00000000e-02  4.00000000e-02  4.00000000e-02  2.04310719e-23  4.00000000e-02  1.00000000e-02 
 5.00000000e-02  5.00000000e-02  5.00000000e-02  3.74638450e-23  5.00000000e-02  1.00000000e-02 
 6.00000000e-02  6.00000000e-02  6.00000000e-02  6.86963405e-23  6.00000000e-02  1.00000000e-02 
 7.00000000e-02  7.00000000e-02  7.00000000e-02  1.25966438e-22  7.00000000e-02  1.00000000e-02 
 8.00000000e-02  8.00000000e-02  8.00000000e-02  2.30980910e-22  8.00000000e-02  1.00000000e-02 
 9.00000000e-02  9.00000000e-02  9.00000000e-02  4.23542822e-22  9.00000000e-02  1.00000000e-02 
 1.00000000e-01  1.00000000e-01  1.00000000e-01  7.76637853e-22  1.00000000e-01  1.00000000e-02 
 1.10000000e-01  1.10000000e-01  1.10000000e-01  1.42409765e-21  1.10000000e-01  1.00000000e-02 
 1.20000000e-01  1.20000000e-01  1.20000000e-01  2.61132530e-21  1.20000000e-01  1.00000000e-02 
 1.30000000e-01  1.30000000e-01  1.30000000e-01  4.78830894e-21  1.30000000e-01  1.00000000e-02 
 1.40000000e-01  1.40000000e-01  1.40000000e-01  8.78017819e-21  1.40000000e-01  1.00000000e-02 
 1.50000000e-01  1.50000000e-01  1.50000000e-01  1.60999477e-20  1.50000000e-01  1.00000000e-02 
 1.60000000e-01  1.60000000e-01  1.60000000e-01  2.95219853e-20  1.60000000e-01  1.00000000e-02 
 1.70000000e-01  1.70000000e-01  1.70000000e-01  5.41335612e-20  1.70000000e-01  1.00000000e-02 
 1.80000000e-01  1.80000000e-01  1.80000000e-01  9.92630370e-20  1.80000000e-01  1.00000000e-02 
 1.90000000e-01  1.90000000e-01  1.90000000e-01  1.82015518e-19  1.90000000e-01  1.00000000e-02 
 2.00000000e-01  2.00000000e-01  2.00000000e-01  3.33756041e-19  2.00000000e-01  1.00000000e-02 
 2.10000000e-01  2.10000000e-01  2.10000000e-01  6.11997524e-19  2.10000000e-01  1.00000000e-02 
 2.20000000e-01  2.20000000e-01  2.20000000e-01  1.12219916e-18  2.20000000e-01  1.00000000e-02 
 2.30000000e-01  2.30000000e-01  2.30000000e-01  2.05773699e-18  2.30000000e-01  1.00000000e-02 
 2.40000000e-01  2.40000000e-01  2.40000000e-01  3.77319562e-18  2.40000000e-01  1.00000000e-02 
 2.50000000e-01  2.50000000e-01  2.50000000e-01  6.91875805e-18  2.50000000e-01  1.00000000e-02 
 2.60000000e-01  2.60000000e-01  2.60000000e-01  1.26866250e-17  2.60000000e-01  1.00000000e-02 
 2.70000000e-01  2.70000000e-01  2.70000000e-01  2.32628488e-17  2.70000000e-01  1.00000000e-02 
 2.80000000e-01  2.80000000e-01  2.80000000e-01  4.26558021e-17  2.80000000e-01  1.00000000e-02 
 2.90000000e-01  2.90000000e-01  2.90000000e-01  7.82152056e-17  2.90000000e-01  1.00000000e-02 
 3.00000000e-01  3.00000000e-01  3.00000000e-01  1.43417245e-16  3.00000000e-01  1.00000000e-02 
 3.10000000e-01  3.10000000e-01  3.10000000e-01  2.62970867e-16  3.10000000e-01  1.00000000e-02 
 3.20000000e-01  3.20000000e-01  3.20000000e-01  4.82179336e-16  3.20000000e-01  1.00000000e-02 
 3.30000000e-01  3.30000000e-01  3.30000000e-01  8.84101986e-16  3.30000000e-01  1.00000000e-02 
 3.40000000e-01  3.40000000e-01  3.40000000e-01  1.62101267e-15  3.40000000e-01  1.00000000e-02 
 3.50000000e-01  3.50000000e-01  3.50000000e-01  2.97205800e-15  3.50000000e-01  1.00000000e-02 
 3.60000000e-01  3.60000000e-01  3.60000000e-01  5.44891863e-15  3.60000000e-01  1.00000000e-02 
 3.70000000e-01  3.70000000e-01  3.70000000e-01  9.98939597e-15  3.70000000e-01  1.00000000e-02 
 3.80000000e-01  3.80000000e-01  3.80000000e-01  1.83119869e-14  3.80000000e-01  1.00000000e-02 
 3.90000000e-01  3.90000000e-01  3.90000000e-01  3.35650658e-14  3.90000000e-01  1.00000000e-02 
 4.00000000e-01  4.00000000e-01  4.00000000e-01  6.15148167e-14  4.00000000e-01  1.00000000e-02 
 4.10000000e-01  4.10000000e-01  4.10000000e-01  1.12717431e-13  4.10000000e-01  1.00000000e-02 
 4.20000000e-01  4.20000000e-01  4.20000000e-01  2.06487175e-13  4.20000000e-01  1.00000000e-02 
 4.30000000e-01  4.30000000e-01  4.30000000e-01  3.78135407e-13  4.30000000e-01  1.00000000e-02 
 4.40000000e-01  4.40000000e-01  4.40000000e-01  6.92153070e-13  4.40000000e-01  1.00000000e-02 
 4.50000000e-01  4.50000000e-01  4.50000000e-01  1.26615816e-12  4.50000000e-01  1.00000000e-02 
 4.60000000e-01  4.60000000e-01  4.60000000e-01  2.31425655e-12  4.60000000e-01  1.00000000e-02 
 4.70000000e-01  4.70000000e-01  4.70000000e-01  4.22520805e-12  4.70000000e-01  1.00000000e-02 
 4.80000000e-01  4.80000000e-01  4.80000000e-01  7.70250228e-12  4.80000000e-01  1.00000000e-02 
 4.90000000e-01  4.90000000e-01  4.90000000e-01  1.40133923e-11  4.90000000e-01  1.00000000e-02 
 5.00000000e-01  5.00000000e-01  5.00000000e-01  2.54269690e-11  5.00000000e-01  1.00000000e-02 
 5.10000000e-01  5.10000000e-01  5.10000000e-01  4.59740120e-11  5.10000000e-01  1.00000000e-02 
 5.20000000e-01  5.20000000e-01  5.20000000e-01  8.27407766e-11  5.20000000e-01  1.00000000e-02 
 5.30000000e-01  5.30000000e-01  5.30000000e-01  1.48019406e-10  5.30000000e-01  1.00000000e-02 
 5.40000000e-01  5.40000000e-01  5.40000000e-01  2.62773430e-10  5.40000000e-01  1.00000000e-02 
 5.50000000e-01  5.50000000e-01  5.50000000e-01  4.62011358e-10  5.50000000e-01  1.00000000e-02 
 5.60000000e-01  5.60000000e-01  5.60000000e-01  8.02743357e-10  5.60000000e-01  1.00000000e-02 
 5.70000000e-01  5.70000000e-01  5.70000000e-01  1.37517511e-09  5.70000000e-01  1.00000000e-02 
 5.80000000e-01  5.80000000e-01  5.80000000e-01  2.31770987e-09  5.80000000e-01  1.00000000e-02 
 5.90000000e-01  5.90000000e-01  5.90000000e-01  3.83645844e-09  5.90000000e-01  1.00000000e-02 
 6.00000000e-01  6.00000000e-01  6.00000000e-01  6.23086169e-09  6.00000000e-01  1.00000000e-02 
 6.10000000e-01  6.10000000e-01  6.10000000e-01  9.92927987e-09  6.10000000e-01  1.00000000e-02 
 6.20000000e-01  6.20000000e-01  6.20000000e-01  1.55419015e-08  6.20000000e-01  1.00000000e-02 
 6.30000000e-01  6.30000000e-01  6.30000000e-01  2.39417488e-08  6.30000000e-01  1.00000000e-02 
 6.40000000e-01  6.40000000e-01  6.40000000e-01  3.63854818e-08  6.40000000e-01  1.00000000e-02 
 6.50000000e-01  6.50000000e-01  6.50000000e-01  5.46809994e-08  6.50000000e-01  1.00000000e-02 
 6.60000000e-01  6.60000000e-01  6.60000000e-01  8.13944916e-08  6.60000000e-01  1.00000000e-02 
 6.70000000e-01  6.70000000e-01  6.70000000e-01  1.20061176e-07  6.70000000e-01  1.00000000e-02 
 6.80000000e-01  6.80000000e-01  6.80000000e-01  1.75321300e-07  6.80000000e-01  1.00000000e-02 
 6.90000000e-01  6.90000000e-01  6.90000000e-01  2.52860794e-07  6.90000000e-01  1.00000000e-02 
 7.00000000e-01  7.00000000e-01  7.00000000e-01  3.59031903e-07  7.00000000e-01  1.00000000e-02 
 7.10000000e-01  7.10000000e-01  7.10000000e-01  5.00108723e-07  7.10000000e-01  1.00000000e-02 
 7.20000000e-01  7.20000000e-01  7.20000000e-01  6.81299713e-07  7.20000000e-01  1.00000000e-02 
 7.30000000e-01  7.30000000e-01  7.30000000e-01  9.05810001e-07  7.30000000e-01  1.00000000e-02 
 7.40000000e-01  7.40000000e-01  7.40000000e-01  1.17428655e-06  7.40000000e-01  1.00000000e-02 
 7.50000000e-01  7.50000000e-01  7.50000000e-01  1.48482974e-06  7.50000000e-01  1.00000000e-02 
 7.60000000e-01  7.60000000e-01  7.60000000e-01  1.83350958e-06  7.60000000e-01  1.00000000e-02 
 7.70000000e-01  7.70000000e-01  7.70000000e-01  2.21514675e-06  7.70000000e-01  1.00000000e-02 
 7.80000000e-01  7.80000000e-01  7.80000000e-01  2.62409447e-06  7.80000000e-01  1.00000000e-02 
 7.90000000e-01  7.90000000e-01  7.90000000e-01  3.05484779e-06  7.90000000e-01  1.00000000e-02 
 8.00000000e-01  8.00000000e-01  8.00000000e-01  3.50242407e-06  8.00000000e-01  1.00000000e-02 
 8.10000000e-01  8.10000000e-01  8.10000000e-01  3.96254018e-06  8.10000000e-01  1.00000000e-02 
 8.20000000e-01  8.20000000e-01  8.20000000e-01  4.43164562e-06  8.20000000e-01  1.00000000e-02 
 8.30000000e-01  8.30000000e-01  8.30000000e-01  4.90687110e-06  8.30000000e-01  1.00000000e-02 
 8.40000000e-01  8.40000000e-01  8.40000000e-01  5.38593797e-06  8.40000000e-01  1.00000000e-02 
 8.50000000e-01  8.50000000e-01  8.50000000e-01  5.86705732e-06  8.50000000e-01  1.00000000e-02 
 8.60000000e-01  8.60000000e-01  8.60000000e-01  6.34883446e-06  8.60000000e-01  1.00000000e-02 
 8.70000000e-01  8.70000000e-01  8.70000000e-01  6.83018596e-06  8.70000000e-01  1.00000000e-02 
 8.80000000e-01  8.80000000e-01  8.80000000e-01  7.31027095e-06  8.80000000e-01  1.00000000e-02 
 8.90000000e-01  8.90000000e-01  8.90000000e-01  7.78843621e-06  8.90000000e-01  1.00000000e-02 
 9.00000000e-01  9.00000000e-01  9.00000000e-01  8.26417302e-06  9.00000000e-01  1.00000000e-02 
 9.10000000e-01  9.10000000e-01  9.10000000e-01  8.73708387e-06  9.10000000e-01  1.00000000e-02 
 9.20000000e-01  9.20000000e-01  9.20000000e-01  9.20685686e-06  9.20000000e-01  1.00000000e-02 
 9.30000000e-01  9.30000000e-01  9.30000000e-01  9.67324626e-06  9.30000000e-01  1.00000000e-02 
 9.40000000e-01  9.40000000e-01  9.40000000e-01  1.01360576e-05  9.40000000e-01  1.00000000e-02 
 9.50000000e-01  9.50000000e-01  9.50000000e-01  1.05951366e-05  9.50000000e-01  1.00000000e-02 
 9.60000000e-01  9.60000000e-01  9.60000000e-01  1.10503603e-05  9.60000000e-01  1.00000000e-02 
 9.70000000e-01  9.70000000e-01  9.70000000e-01  1.15016304e-05  9.70000000e-01  1.00000000e-02 
 9.80000000e-01  9.80000000e-01  9.80000000e-01  1.19488691e-05  9.80000000e-01  1.00000000e-02 
 9.90000000e-01  9.90000000e-01  9.90000000e-01  1.23920141e-05  9.90000000e-01  1.00000000e-02 
 1.00000000e+00  1.00000000e+00  1.00000000e+00  1.28310165e-05  1.00000000e+00  1.00000000e-02 
 1.01000000e+00  1.01000000e+00  1.01000000e+00  1.32658380e-05  1.01000000e+00  1.00000000e-02 
 1.02000000e+00  1.02000000e+00  1.02000000e+00  1.36964493e-05  1.02000000e+00  1.00000000e-02 
 1.03000000e+00  1.03000000e+00  1.03000000e+00  1.41228286e-05  1.03000000e+00  1.00000000e-02 
 1.04000000e+00  1.04000000e+00  1.04000000e+00  1.45449601e-05  1.04000000e+00  1.00000000e-02 
 1.05000000e+00  1.05000000e+00  1.05000000e+00  1.49628336e-05  1.05000000e+00  1.00000000e-02 
 1.06000000e+00  1.06000000e+00  1.06000000e+00  1.53764437e-05  1.06000000e+00  1.00000000e-02 
 1.07000000e+00  1.07000000e+00  1.07000000e+00  1.57857887e-05  1.07000000e+00  1.00000000e-02 
 1.08000000e+00  1.08000000e+00  1.08000000e+00  1.61908705e-05  1.08000000e+00  1.00000000e-02 
 1.09000000e+00  1.09000000e+00  1.09000000e+00  1.65916942e-05  1.09000000e+00  1.00000000e-02 
 1.10000000e+00  1.10000000e+00  1.10000000e+00  1.69882674e-05  1.10000000e+00  1.00000000e-02 
 1.11000000e+00  1.11000000e+00  1.11000000e+00  1.73806004e-05  1.11000000e+00  1.00000000e-02 
 1.12000000e+00  1.12000000e+00  1.12000000e+00  1.77687053e-05  1.12000000e+00  1.00000000e-02 
 1.13000000e+00  1.13000000e+00  1.13000000e+00  1.81525964e-05  1.13000000e+00  1.00000000e-02 
 1.14000000e+00  1.14000000e+00  1.14000000e+00  1.85322898e-05  1.14000000e+00  1.00000000e-02 
 1.15000000e+00  1.15000000e+00  1.15000000e+00  1.89078028e-05  1.15000000e+00  1.00000000e-02 
 1.16000000e+00  1.16000000e+00  1.16000000e+00  1.92791544e-05  1.16000000e+00  1.00000000e-02 
 1.17000000e+00  1.17000000e+00  1.17000000e+00  1.96463648e-05  1.17000000e+00  1.00000000e-02 
 1.18000000e+00  1.18000000e+00  1.18000000e+00  2.00094554e-05  1.18000000e+00  1.00000000e-02 
 1.19000000e+00  1.19000000e+00  1.19000000e+00  2.03684486e-05  1.19000000e+00  1.00000000e-02 
 1.20000000e+00  1.20000000e+00  1.20000000e+00  2.07233677e-05  1.20000000e+00  1.00000000e-02 
 1.21000000e+00  1.21000000e+00  1.21000000e+00  2.10742371e-05  1.21000000e+00  1.00000000e-02 
 1.22000000e+00  1.22000000e+00  1.22000000e+00  2.14210817e-05  1.22000000e+00  1.00000000e-02 
 1.23000000e+00  1.23000000e+00  1.23000000e+00  2.17639273e-05  1.23000000e+00  1.00000000e-02 
 1.24000000e+00  1.24000000e+00  1.24000000e+00  2.21028003e-05  1.24000000e+00  1.00000000e-02 
 1.25000000e+00  1.25000000e+00  1.25000000e+00  2.24377277e-05  1.25000000e+00  1.00000000e-02 
 1.26000000e+00  1.26000000e+00  1.26000000e+00  2.27687370e-05  1.26000000e+00  1.00000000e-02 
 1.27000000e+00  1.27000000e+00  1.27000000e+00  2.30958563e-05  1.27000000e+00  1.00000000e-02 
 1.28000000e+00  1.28000000e+00  1.28000000e+00  2.34191139e-05  1.28000000e+00  1.00000000e-02 
 1.29000000e+00  1.29000000e+00  1.29000000e+00  2.37385388e-05  1.29000000e+00  1.00000000e-02 
 1.30000000e+00  1.30000000e+00  1.30000000e+00  2.40541601e-05  1.30000000e+00  1.00000000e-02 
 1.31000000e+00  1.31000000e+00  1.31000000e+00  2.43660074e-05  1.31000000e+00  1.00000000e-02 
 1.32000000e+00  1.32000000e+00  1.32000000e+00  2.46741105e-05  1.32000000e+00  1.00000000e-02 
 1.33000000e+00  1.33000000e+00  1.33000000e+00  2.49784994e-05  1.33000000e+00  1.00000000e-02 
 1.34000000e+00  1.34000000e+00  1.34000000e+00  2.52792044e-05  1.34000000e+00  1.00000000e-02 
 1.35000000e+00  1.35000000e+00  1.35000000e+00  2.55762560e-05  1.35000000e+00  1.00000000e-02 
 1.36000000e+00  1.36000000e+00  1.36000000e+00  2.58696848e-05  1.36000000e+00  1.00000000e-02 
 1.37000000e+00  1.37000000e+00  1.37000000e+00  2.61595215e-05  1.37000000e+00  1.00000000e-02 
 1.38000000e+00  1.38000000e+00  1.38000000e+00  2.64457971e-05  1.38000000e+00  1.00000000e-02 
 1.39000000e+00  1.39000000e+00  1.39000000e+00  2.67285426e-05  1.39000000e+00  1.00000000e-02 
 1.40000000e+00  1.40000000e+00  1.40000000e+00  2.70077889e-05  1.40000000e+00  1.00000000e-02 
 1.41000000e+00  1.41000000e+00  1.41000000e+00  2.72835672e-05  1.41000000e+00  1.00000000e-02 
 1.42000000e+00  1.42000000e+00  1.42000000e+00  2.75559086e-05  1.42000000e+00  1.00000000e-02 
 1.43000000e+00  1.43000000e+00  1.43000000e+00  2.78248444e-05  1.43000000e+00  1.00000000e-02 
 1.44000000e+00  1.44000000e+00  1.44000000e+00  2.80904055e-05  1.44000000e+00  1.00000000e-02 
 1.45000000e+00  1.45000000e+00  1.45000000e+00  2.83526233e-05  1.45000000e+00  1.00000000e-02 
 1.46000000e+00  1.46000000e+00  1.46000000e+00  2.86115288e-05  1.46000000e+00  1.00000000e-02 
 1.47000000e+00  1.47000000e+00  1.47000000e+00  2.88671531e-05  1.47000000e+00  1.00000000e-02 
 1.48000000e+00  1.48000000e+00  1.48000000e+00  2.91195273e-05  1.48000000e+00  1.00000000e-02 
 1.49000000e+00  1.49000000e+00  1.49000000e+00  2.93686823e-05  1.49000000e+00  1.00000000e-02 
 1.50000000e+00  1.50000000e+00  1.50000000e+00  2.96146489e-05  1.50000000e+00  1.00000000e-02 
 1.51000000e+00  1.51000000e+00  1.51000000e+00  2.98574581e-05  1.51000000e+00  1.00000000e-02 
 1.52000000e+00  1.52000000e+00  1.52000000e+00  3.00971405e-05  1.52000000e+00  1.00000000e-02 
 1.53000000e+00  1.53000000e+00  1.53000000e+00  3.03337268e-05  1.53000000e+00  1.00000000e-02 
 1.54000000e+00  1.54000000e+00  1.54000000e+00  3.05672473e-05  1.54000000e+00  1.00000000e-02 
 1.55000000e+00  1.55000000e+00  1.55000000e+00  3.07977326e-05  1.55000000e+00  1.00000000e-02 
 1.56000000e+00  1.56000000e+00  1.56000000e+00  3.10252127e-05  1.56000000e+00  1.00000000e-02 
 1.57000000e+00  1.57000000e+00  1.57000000e+00  3.12497179e-05  1.57000000e+00  1.00000000e-02 
 1.58000000e+00  1.58000000e+00  1.58000000e+00  3.14712781e-05  1.58000000e+00  1.00000000e-02 
 1.59000000e+00  1.59000000e+00  1.59000000e+00  3.16899231e-05  1.59000000e+00  1.00000000e-02 
 1.60000000e+00  1.60000000e+00  1.60000000e+00  3.19056826e-05  1.60000000e+00  1.00000000e-02 
 1.61000000e+00  1.61000000e+00  1.61000000e+00  3.21185860e-05  1.61000000e+00  1.00000000e-02 
 1.62000000e+00  1.62000000e+00  1.62000000e+00  3.23286627e-05  1.62000000e+00  1.00000000e-02 
 1.63000000e+00  1.63000000e+00  1.63000000e+00  3.25359418e-05  1.63000000e+00  1.00000000e-02 
 1.64000000e+00  1.64000000e+00  1.64000000e+00  3.27404523e-05  1.64000000e+00  1.00000000e-02 
 1.65000000e+00  1.65000000e+00  1.65000000e+00  3.29422230e-05  1.65000000e+00  1.00000000e-02 
 1.66000000e+00  1.66000000e+00  1.66000000e+00  3.31412825e-05  1.66000000e+00  1.00000000e-02 
 1.67000000e+00  1.67000000e+00  1.67000000e+00  3.33376593e-05  1.67000000e+00  1.00000000e-02 
 1.68000000e+00  1.68000000e+00  1.68000000e+00  3.35313815e-05  1.68000000e+00  1.00000000e-02 
 1.69000000e+00  1.69000000e+00  1.69000000e+00  3.37224772e-05  1.69000000e+00  1.00000000e-02 
 1.70000000e+00  1.70000000e+00  1.70000000e+00  3.39109742e-05  1.70000000e+00  1.00000000e-02 
 1.71000000e+00  1.71000000e+00  1.71000000e+00  3.40969003e-05  1.71000000e+00  1.00000000e-02 
 1.72000000e+00  1.72000000e+00  1.72000000e+00  3.42802827e-05  1.72000000e+00  1.00000000e-02 
 1.73000000e+00  1.73000000e+00  1.73000000e+00  3.44611488e-05  1.73000000e+00  1.00000000e-02 
 1.74000000e+00  1.74000000e+00  1.74000000e+00  3.46395256e-05  1.74000000e+00  1.00000000e-02 
 1.75000000e+00  1.75000000e+00  1.75000000e+00  3.48154398e-05  1.75000000e+00  1.00000000e-02 
 1.76000000e+00  1.76000000e+00  1.76000000e+00  3.49889182e-05  1.76000000e+00  1.00000000e-02 
 1.77000000e+00  1.77000000e+00  1.77000000e+00  3.51599870e-05  1.77000000e+00  1.00000000e-02 
 1.78000000e+00  1.78000000e+00  1.78000000e+00  3.53286724e-05  1.78000000e+00  1.00000000e-02 
 1.79000000e+00  1.79000000e+00  1.79000000e+00  3.54950005e-05  1.79000000e+00  1.00000000e-02 
 1.80000000e+00  1.80000000e+00  1.80000000e+00  3.56589970e-05  1.80000000e+00  1.00000000e-02 
 1.81000000e+00  1.81000000e+00  1.81000000e+00  3.58206874e-05  1.81000000e+00  1.00000000e-02 
 1.82000000e+00  1.82000000e+00  1.82000000e+00  3.59800970e-05  1.82000000e+00  1.00000000e-02 
 1.83000000e+00  1.83000000e+00  1.83000000e+00  3.61372509e-05  1.83000000e+00  1.00000000e-02 
 1.84000000e+00  1.84000000e+00  1.84000000e+00  3.62921740e-05  1.84000000e+00  1.00000000e-02 
 1.85000000e+00  1.85000000e+00  1.85000000e+00  3.64448909e-05  1.85000000e+00  1.00000000e-02 
