 0.00000000e+00  0.00000000e+00  0.00000000e+00  4.82802713e-23  0.00000000e+00  1.85000000e+00 
 1.00000000e-02  1.00000000e-02  1.00000000e-02  8.85016001e-23  1.00000000e-02  1.85000000e+00 
 2.00000000e-02  2.00000000e-02  2.00000000e-02  1.62230455e-22  2.00000000e-02  1.85000000e+00 
 3.00000000e-02  3.00000000e-02  3.00000000e-02  2.97381305e-22  3.00000000e-02  1.85000000e+00 
 4.00000000e-02  4.00000000e-02  4.00000000e-02  5.45123581e-22  4.00000000e-02  1.85000000e+00 
 5.00000000e-02  5.00000000e-02  5.00000000e-02  9.99254920e-22  5.00000000e-02  1.85000000e+00 
 6.00000000e-02  6.00000000e-02  6.00000000e-02  1.83171370e-21  6.00000000e-02  1.85000000e+00 
 7.00000000e-02  7.00000000e-02  7.00000000e-02  3.35767659e-21  7.00000000e-02  1.85000000e+00 
 8.00000000e-02  8.00000000e-02  8.00000000e-02  6.15488803e-21  8.00000000e-02  1.85000000e+00 
 9.00000000e-02  9.00000000e-02  9.00000000e-02  1.12823989e-20  9.00000000e-02  1.85000000e+00 
 1.00000000e-01  1.00000000e-01  1.00000000e-01  2.06815329e-20  1.00000000e-01  1.85000000e+00 
 1.10000000e-01  1.10000000e-01  1.10000000e-01  3.79108917e-20  1.10000000e-01  1.85000000e+00 
 1.20000000e-01  1.20000000e-01  1.20000000e-01  6.94936719e-20  1.20000000e-01  1.85000000e+00 
 1.30000000e-01  1.30000000e-01  1.30000000e-01  1.27387408e-19  1.30000000e-01  1.85000000e+00 
 1.40000000e-01  1.40000000e-01  1.40000000e-01  2.33511202e-19  1.40000000e-01  1.85000000e+00 
 1.50000000e-01  1.50000000e-01  1.50000000e-01  4.28044486e-19  1.50000000e-01  1.85000000e+00 
 1.60000000e-01  1.60000000e-01  1.60000000e-01  7.84639291e-19  1.60000000e-01  1.85000000e+00 
 1.70000000e-01  1.70000000e-01  1.70000000e-01  1.43830550e-18  1.70000000e-01  1.85000000e+00 
 1.80000000e-01  1.80000000e-01  1.80000000e-01  2.63652659e-18  1.80000000e-01  1.85000000e+00 
 1.90000000e-01  1.90000000e-01  1.90000000e-01  4.83295849e-18  1.90000000e-01  1.85000000e+00 
 2.00000000e-01  2.00000000e-01  2.00000000e-01  8.85918630e-18  2.00000000e-01  1.85000000e+00 
 2.10000000e-01  2.10000000e-01  2.10000000e-01  1.62395658e-17  2.10000000e-01  1.85000000e+00 
 2.20000000e-01  2.20000000e-01  2.20000000e-01  2.97683482e-17  2.20000000e-01  1.85000000e+00 
 2.30000000e-01  2.30000000e-01  2.30000000e-01  5.45675823e-17  2.30000000e-01  1.85000000e+00 
 2.40000000e-01  2.40000000e-01  2.40000000e-01  1.00026303e-16  2.40000000e-01  1.85000000e+00 
 2.50000000e-01  2.50000000e-01  2.50000000e-01  1.83355137e-16  2.50000000e-01  1.85000000e+00 
 2.60000000e-01  2.60000000e-01  2.60000000e-01  3.36101991e-16  2.60000000e-01  1.85000000e+00 
 2.70000000e-01  2.70000000e-01  2.70000000e-01  6.16095334e-16  2.70000000e-01  1.85000000e+00 
 2.80000000e-01  2.80000000e-01  2.80000000e-01  1.12933600e-15  2.80000000e-01  1.85000000e+00 
 2.90000000e-01  2.90000000e-01  2.90000000e-01  2.07012362e-15  2.90000000e-01  1.85000000e+00 
 3.00000000e-01  3.00000000e-01  3.00000000e-01  3.79460426e-15  3.00000000e-01  1.85000000e+00 
 3.10000000e-01  3.10000000e-01  3.10000000e-01  6.95557075e-15  3.10000000e-01  1.85000000e+00 
 3.20000000e-01  3.20000000e-01  3.20000000e-01  1.27495172e-14  3.20000000e-01  1.85000000e+00 
 3.30000000e-01  3.30000000e-01  3.30000000e-01  2.33693972e-14  3.30000000e-01  1.85000000e+00 
 3.40000000e-01  3.40000000e-01  3.40000000e-01  4.28342865e-14  3.40000000e-01  1.85000000e+00 
 3.50000000e-01  3.50000000e-01  3.50000000e-01  7.85095301e-14  3.50000000e-01  1.85000000e+00 
 3.60000000e-01  3.60000000e-01  3.60000000e-01  1.43891576e-13  3.60000000e-01  1.85000000e+00 
 3.70000000e-01  3.70000000e-01  3.70000000e-01  2.63708543e-13  3.70000000e-01  1.85000000e+00 
 3.80000000e-01  3.80000000e-01  3.80000000e-01  4.83259426e-13  3.80000000e-01  1.85000000e+00 
 3.90000000e-01  3.90000000e-01  3.90000000e-01  8.85507472e-13  3.90000000e-01  1.85000000e+00 
 4.00000000e-01  4.00000000e-01  4.00000000e-01  1.62234897e-12  4.00000000e-01  1.85000000e+00 
 4.10000000e-01  4.10000000e-01  4.10000000e-01  2.97177131e-12  4.10000000e-01  1.85000000e+00 
 4.20000000e-01  4.20000000e-01  4.20000000e-01  5.44223225e-12  4.20000000e-01  1.85000000e+00 
 4.30000000e-01  4.30000000e-01  4.30000000e-01  9.96301771e-12  4.30000000e-01  1.85000000e+00 
 4.40000000e-01  4.40000000e-01  4.40000000e-01  1.82307732e-11  4.40000000e-01  1.85000000e+00 
 4.50000000e-01  4.50000000e-01  4.50000000e-01  3.33387993e-11  4.50000000e-01  1.85000000e+00 
 4.60000000e-01  4.60000000e-01  4.60000000e-01  6.09160820e-11  4.60000000e-01  1.85000000e+00 
 4.70000000e-01  4.70000000e-01  4.70000000e-01  1.11179808e-10  4.70000000e-01  1.85000000e+00 
 4.80000000e-01  4.80000000e-01  4.80000000e-01  2.02611897e-10  4.80000000e-01  1.85000000e+00 
 4.90000000e-01  4.90000000e-01  4.90000000e-01  3.68491744e-10  4.90000000e-01  1.85000000e+00 
 5.00000000e-01  5.00000000e-01  5.00000000e-01  6.68379548e-10  5.00000000e-01  1.85000000e+00 
 5.10000000e-01  5.10000000e-01  5.10000000e-01  1.20801279e-09  5.10000000e-01  1.85000000e+00 
 5.20000000e-01  5.20000000e-01  5.20000000e-01  2.17312455e-09  5.20000000e-01  1.85000000e+00 
 5.30000000e-01  5.30000000e-01  5.30000000e-01  3.88548471e-09  5.30000000e-01  1.85000000e+00 
 5.40000000e-01  5.40000000e-01  5.40000000e-01  6.89272804e-09  5.40000000e-01  1.85000000e+00 
 5.50000000e-01  5.50000000e-01  5.50000000e-01  1.21062615e-08  5.50000000e-01  1.85000000e+00 
 5.60000000e-01  5.60000000e-01  5.60000000e-01  2.10016668e-08  5.60000000e-01  1.85000000e+00 
 5.70000000e-01  5.70000000e-01  5.70000000e-01  3.58907344e-08  5.70000000e-01  1.85000000e+00 
 5.80000000e-01  5.80000000e-01  5.80000000e-01  6.02621292e-08  5.80000000e-01  1.85000000e+00 
 5.90000000e-01  5.90000000e-01  5.90000000e-01  9.91726209e-08  5.90000000e-01  1.85000000e+00 
 6.00000000e-01  6.00000000e-01  6.00000000e-01  1.59665212e-07  6.00000000e-01  1.85000000e+00 
 6.10000000e-01  6.10000000e-01  6.10000000e-01  2.51210188e-07  6.10000000e-01  1.85000000e+00 
 6.20000000e-01  6.20000000e-01  6.20000000e-01  3.86213054e-07  6.20000000e-01  1.85000000e+00 
 6.30000000e-01  6.30000000e-01  6.30000000e-01  5.80684848e-07  6.30000000e-01  1.85000000e+00 
 6.40000000e-01  6.40000000e-01  6.40000000e-01  8.55182131e-07  6.40000000e-01  1.85000000e+00 
 6.50000000e-01  6.50000000e-01  6.50000000e-01  1.23606572e-06  6.50000000e-01  1.85000000e+00 
 6.60000000e-01  6.60000000e-01  6.60000000e-01  1.75699878e-06  6.60000000e-01  1.85000000e+00 
 6.70000000e-01  6.70000000e-01  6.70000000e-01  2.46042089e-06  6.70000000e-01  1.85000000e+00 
 6.80000000e-01  6.80000000e-01  6.80000000e-01  3.39850912e-06  6.80000000e-01  1.85000000e+00 
 6.90000000e-01  6.90000000e-01  6.90000000e-01  4.63291316e-06  6.90000000e-01  1.85000000e+00 
 7.00000000e-01  7.00000000e-01  7.00000000e-01  6.23245840e-06  7.00000000e-01  1.85000000e+00 
 7.10000000e-01  7.10000000e-01  7.10000000e-01  8.26827091e-06  7.10000000e-01  1.85000000e+00 
 7.20000000e-01  7.20000000e-01  7.20000000e-01  1.08065526e-05  7.20000000e-01  1.85000000e+00 
 7.30000000e-01  7.30000000e-01  7.30000000e-01  1.39003526e-05  7.30000000e-01  1.85000000e+00 
 7.40000000e-01  7.40000000e-01  7.40000000e-01  1.75825298e-05  7.40000000e-01  1.85000000e+00 
 7.50000000e-01  7.50000000e-01  7.50000000e-01  2.18620051e-05  7.50000000e-01  1.85000000e+00 
 7.60000000e-01  7.60000000e-01  7.60000000e-01  2.67242477e-05  7.60000000e-01  1.85000000e+00 
 7.70000000e-01  7.70000000e-01  7.70000000e-01  3.21354050e-05  7.70000000e-01  1.85000000e+00 
 7.80000000e-01  7.80000000e-01  7.80000000e-01  3.80484397e-05  7.80000000e-01  1.85000000e+00 
 7.90000000e-01  7.90000000e-01  7.90000000e-01  4.44094978e-05  7.90000000e-01  1.85000000e+00 
 8.00000000e-01  8.00000000e-01  8.00000000e-01  5.11632541e-05  8.00000000e-01  1.85000000e+00 
 8.10000000e-01  8.10000000e-01  8.10000000e-01  5.82566984e-05  8.10000000e-01  1.85000000e+00 
 8.20000000e-01  8.20000000e-01  8.20000000e-01  6.56413869e-05  8.20000000e-01  1.85000000e+00 
 8.30000000e-01  8.30000000e-01  8.30000000e-01  7.32744684e-05  8.30000000e-01  1.85000000e+00 
 8.40000000e-01  8.40000000e-01  8.40000000e-01  8.11188707e-05  8.40000000e-01  1.85000000e+00 
 8.50000000e-01  8.50000000e-01  8.50000000e-01  8.91429861e-05  8.50000000e-01  1.85000000e+00 
 8.60000000e-01  8.60000000e-01  8.60000000e-01  9.73201052e-05  8.60000000e-01  1.85000000e+00 
 8.70000000e-01  8.70000000e-01  8.70000000e-01  1.05627763e-04  8.70000000e-01  1.85000000e+00 
 8.80000000e-01  8.80000000e-01  8.80000000e-01  1.14047091e-04  8.80000000e-01  1.85000000e+00 
 8.90000000e-01  8.90000000e-01  8.90000000e-01  1.22562230e-04  8.90000000e-01  1.85000000e+00 
 9.00000000e-01  9.00000000e-01  9.00000000e-01  1.31159812e-04  9.00000000e-01  1.85000000e+00 
 9.10000000e-01  9.10000000e-01  9.10000000e-01  1.39828527e-04  9.10000000e-01  1.85000000e+00 
 9.20000000e-01  9.20000000e-01  9.20000000e-01  1.48558764e-04  9.20000000e-01  1.85000000e+00 
 9.30000000e-01  9.30000000e-01  9.30000000e-01  1.57342312e-04  9.30000000e-01  1.85000000e+00 
 9.40000000e-01  9.40000000e-01  9.40000000e-01  1.66172121e-04  9.40000000e-01  1.85000000e+00 
 9.50000000e-01  9.50000000e-01  9.50000000e-01  1.75042105e-04  9.50000000e-01  1.85000000e+00 
 9.60000000e-01  9.60000000e-01  9.60000000e-01  1.83946984e-04  9.60000000e-01  1.85000000e+00 
 9.70000000e-01  9.70000000e-01  9.70000000e-01  1.92882152e-04  9.70000000e-01  1.85000000e+00 
 9.80000000e-01  9.80000000e-01  9.80000000e-01  2.01843577e-04  9.80000000e-01  1.85000000e+00 
 9.90000000e-01  9.90000000e-01  9.90000000e-01  2.10827711e-04  9.90000000e-01  1.85000000e+00 
 1.00000000e+00  1.00000000e+00  1.00000000e+00  2.19831426e-04  1.00000000e+00  1.85000000e+00 
 1.01000000e+00  1.01000000e+00  1.01000000e+00  2.28851946e-04  1.01000000e+00  1.85000000e+00 
 1.02000000e+00  1.02000000e+00  1.02000000e+00  2.37886806e-04  1.02000000e+00  1.85000000e+00 
 1.03000000e+00  1.03000000e+00  1.03000000e+00  2.46933808e-04  1.03000000e+00  1.85000000e+00 
 1.04000000e+00  1.04000000e+00  1.04000000e+00  2.55990988e-04  1.04000000e+00  1.85000000e+00 
 1.05000000e+00  1.05000000e+00  1.05000000e+00  2.65056587e-04  1.05000000e+00  1.85000000e+00 
 1.06000000e+00  1.06000000e+00  1.06000000e+00  2.74129026e-04  1.06000000e+00  1.85000000e+00 
 1.07000000e+00  1.07000000e+00  1.07000000e+00  2.83206886e-04  1.07000000e+00  1.85000000e+00 
 1.08000000e+00  1.08000000e+00  1.08000000e+00  2.92288888e-04  1.08000000e+00  1.85000000e+00 
 1.09000000e+00  1.09000000e+00  1.09000000e+00  3.01373882e-04  1.09000000e+00  1.85000000e+00 
 1.10000000e+00  1.10000000e+00  1.10000000e+00  3.10460826e-04  1.10000000e+00  1.85000000e+00 
 1.11000000e+00  1.11000000e+00  1.11000000e+00  3.19548781e-04  1.11000000e+00  1.85000000e+00 
 1.12000000e+00  1.12000000e+00  1.12000000e+00  3.28636898e-04  1.12000000e+00  1.85000000e+00 
 1.13000000e+00  1.13000000e+00  1.13000000e+00  3.37724408e-04  1.13000000e+00  1.85000000e+00 
 1.14000000e+00  1.14000000e+00  1.14000000e+00  3.46810615e-04  1.14000000e+00  1.85000000e+00 
 1.15000000e+00  1.15000000e+00  1.15000000e+00  3.55894890e-04  1.15000000e+00  1.85000000e+00 
 1.16000000e+00  1.16000000e+00  1.16000000e+00  3.64976661e-04  1.16000000e+00  1.85000000e+00 
 1.17000000e+00  1.17000000e+00  1.17000000e+00  3.74055412e-04  1.17000000e+00  1.85000000e+00 
 1.18000000e+00  1.18000000e+00  1.18000000e+00  3.83130674e-04  1.18000000e+00  1.85000000e+00 
 1.19000000e+00  1.19000000e+00  1.19000000e+00  3.92202026e-04  1.19000000e+00  1.85000000e+00 
 1.20000000e+00  1.20000000e+00  1.20000000e+00  4.01269082e-04  1.20000000e+00  1.85000000e+00 
 1.21000000e+00  1.21000000e+00  1.21000000e+00  4.10331496e-04  1.21000000e+00  1.85000000e+00 
 1.22000000e+00  1.22000000e+00  1.22000000e+00  4.19388956e-04  1.22000000e+00  1.85000000e+00 
 1.23000000e+00  1.23000000e+00  1.23000000e+00  4.28441178e-04  1.23000000e+00  1.85000000e+00 
 1.24000000e+00  1.24000000e+00  1.24000000e+00  4.37487908e-04  1.24000000e+00  1.85000000e+00 
 1.25000000e+00  1.25000000e+00  1.25000000e+00  4.46528915e-04  1.25000000e+00  1.85000000e+00 
 1.26000000e+00  1.26000000e+00  1.26000000e+00  4.55563995e-04  1.26000000e+00  1.85000000e+00 
 1.27000000e+00  1.27000000e+00  1.27000000e+00  4.64592961e-04  1.27000000e+00  1.85000000e+00 
 1.28000000e+00  1.28000000e+00  1.28000000e+00  4.73615649e-04  1.28000000e+00  1.85000000e+00 
 1.29000000e+00  1.29000000e+00  1.29000000e+00  4.82631912e-04  1.29000000e+00  1.85000000e+00 
 1.30000000e+00  1.30000000e+00  1.30000000e+00  4.91641617e-04  1.30000000e+00  1.85000000e+00 
 1.31000000e+00  1.31000000e+00  1.31000000e+00  5.00644650e-04  1.31000000e+00  1.85000000e+00 
 1.32000000e+00  1.32000000e+00  1.32000000e+00  5.09640907e-04  1.32000000e+00  1.85000000e+00 
 1.33000000e+00  1.33000000e+00  1.33000000e+00  5.18630299e-04  1.33000000e+00  1.85000000e+00 
 1.34000000e+00  1.34000000e+00  1.34000000e+00  5.27612748e-04  1.34000000e+00  1.85000000e+00 
 1.35000000e+00  1.35000000e+00  1.35000000e+00  5.36588187e-04  1.35000000e+00  1.85000000e+00 
 1.36000000e+00  1.36000000e+00  1.36000000e+00  5.45556559e-04  1.36000000e+00  1.85000000e+00 
 1.37000000e+00  1.37000000e+00  1.37000000e+00  5.54517813e-04  1.37000000e+00  1.85000000e+00 
 1.38000000e+00  1.38000000e+00  1.38000000e+00  5.63471912e-04  1.38000000e+00  1.85000000e+00 
 1.39000000e+00  1.39000000e+00  1.39000000e+00  5.72418821e-04  1.39000000e+00  1.85000000e+00 
 1.40000000e+00  1.40000000e+00  1.40000000e+00  5.81358514e-04  1.40000000e+00  1.85000000e+00 
 1.41000000e+00  1.41000000e+00  1.41000000e+00  5.90290974e-04  1.41000000e+00  1.85000000e+00 
 1.42000000e+00  1.42000000e+00  1.42000000e+00  5.99216185e-04  1.42000000e+00  1.85000000e+00 
 1.43000000e+00  1.43000000e+00  1.43000000e+00  6.08134140e-04  1.43000000e+00  1.85000000e+00 
 1.44000000e+00  1.44000000e+00  1.44000000e+00  6.17044835e-04  1.44000000e+00  1.85000000e+00 
 1.45000000e+00  1.45000000e+00  1.45000000e+00  6.25948271e-04  1.45000000e+00  1.85000000e+00 
 1.46000000e+00  1.46000000e+00  1.46000000e+00  6.34844455e-04  1.46000000e+00  1.85000000e+00 
 1.47000000e+00  1.47000000e+00  1.47000000e+00  6.43733394e-04  1.47000000e+00  1.85000000e+00 
 1.48000000e+00  1.48000000e+00  1.48000000e+00  6.52615102e-04  1.48000000e+00  1.85000000e+00 
 1.49000000e+00  1.49000000e+00  1.49000000e+00  6.61489593e-04  1.49000000e+00  1.85000000e+00 
 1.50000000e+00  1.50000000e+00  1.50000000e+00  6.70356886e-04  1.50000000e+00  1.85000000e+00 
 1.51000000e+00  1.51000000e+00  1.51000000e+00  6.79217002e-04  1.51000000e+00  1.85000000e+00 
 1.52000000e+00  1.52000000e+00  1.52000000e+00  6.88069964e-04  1.52000000e+00  1.85000000e+00 
 1.53000000e+00  1.53000000e+00  1.53000000e+00  6.96915797e-04  1.53000000e+00  1.85000000e+00 
 1.54000000e+00  1.54000000e+00  1.54000000e+00  7.05754528e-04  1.54000000e+00  1.85000000e+00 
 1.55000000e+00  1.55000000e+00  1.55000000e+00  7.14586185e-04  1.55000000e+00  1.85000000e+00 
 1.56000000e+00  1.56000000e+00  1.56000000e+00  7.23410800e-04  1.56000000e+00  1.85000000e+00 
 1.57000000e+00  1.57000000e+00  1.57000000e+00  7.32228403e-04  1.57000000e+00  1.85000000e+00 
 1.58000000e+00  1.58000000e+00  1.58000000e+00  7.41039028e-04  1.58000000e+00  1.85000000e+00 
 1.59000000e+00  1.59000000e+00  1.59000000e+00  7.49842706e-04  1.59000000e+00  1.85000000e+00 
 1.60000000e+00  1.60000000e+00  1.60000000e+00  7.58639474e-04  1.60000000e+00  1.85000000e+00 
 1.61000000e+00  1.61000000e+00  1.61000000e+00  7.67429367e-04  1.61000000e+00  1.85000000e+00 
 1.62000000e+00  1.62000000e+00  1.62000000e+00  7.76212419e-04  1.62000000e+00  1.85000000e+00 
 1.63000000e+00  1.63000000e+00  1.63000000e+00  7.84988668e-04  1.63000000e+00  1.85000000e+00 
 1.64000000e+00  1.64000000e+00  1.64000000e+00  7.93758150e-04  1.64000000e+00  1.85000000e+00 
 1.65000000e+00  1.65000000e+00  1.65000000e+00  8.02520902e-04  1.65000000e+00  1.85000000e+00 
 1.66000000e+00  1.66000000e+00  1.66000000e+00  8.11276962e-04  1.66000000e+00  1.85000000e+00 
 1.67000000e+00  1.67000000e+00  1.67000000e+00  8.20026366e-04  1.67000000e+00  1.85000000e+00 
 1.68000000e+00  1.68000000e+00  1.68000000e+00  8.28769153e-04  1.68000000e+00  1.85000000e+00 
 1.69000000e+00  1.69000000e+00  1.69000000e+00  8.37505360e-04  1.69000000e+00  1.85000000e+00 
 1.70000000e+00  1.70000000e+00  1.70000000e+00  8.46235024e-04  1.70000000e+00  1.85000000e+00 
 1.71000000e+00  1.71000000e+00  1.71000000e+00  8.54958182e-04  1.71000000e+00  1.85000000e+00 
 1.72000000e+00  1.72000000e+00  1.72000000e+00  8.63674872e-04  1.72000000e+00  1.85000000e+00 
 1.73000000e+00  1.73000000e+00  1.73000000e+00  8.72385130e-04  1.73000000e+00  1.85000000e+00 
 1.74000000e+00  1.74000000e+00  1.74000000e+00  8.81088993e-04  1.74000000e+00  1.85000000e+00 
 1.75000000e+00  1.75000000e+00  1.75000000e+00  8.89786497e-04  1.75000000e+00  1.85000000e+00 
 1.76000000e+00  1.76000000e+00  1.76000000e+00  8.98477678e-04  1.76000000e+00  1.85000000e+00 
 1.77000000e+00  1.77000000e+00  1.77000000e+00  9.07162571e-04  1.77000000e+00  1.85000000e+00 
 1.78000000e+00  1.78000000e+00  1.78000000e+00  9.15841211e-04  1.78000000e+00  1.85000000e+00 
 1.79000000e+00  1.79000000e+00  1.79000000e+00  9.24513634e-04  1.79000000e+00  1.85000000e+00 
 1.80000000e+00  1.80000000e+00  1.80000000e+00  9.33179872e-04  1.80000000e+00  1.85000000e+00 
 1.81000000e+00  1.81000000e+00  1.81000000e+00  9.41839959e-04  1.81000000e+00  1.85000000e+00 
 1.82000000e+00  1.82000000e+00  1.82000000e+00  9.50493928e-04  1.82000000e+00  1.85000000e+00 
 1.83000000e+00  1.83000000e+00  1.83000000e+00  9.59141812e-04  1.83000000e+00  1.85000000e+00 
 1.84000000e+00  1.84000000e+00  1.84000000e+00  9.67783643e-04  1.84000000e+00  1.85000000e+00 
 1.85000000e+00  1.85000000e+00  1.85000000e+00  9.76419451e-04  1.85000000e+00  1.85000000e+00 
