 0.00000000e+00  0.00000000e+00  0.00000000e+00  4.43608114e-22  0.00000000e+00  1.11000000e+00 
 1.00000000e-02  1.00000000e-02  1.00000000e-02  8.61540317e-22  1.00000000e-02  1.11000000e+00 
 2.00000000e-02  2.00000000e-02  2.00000000e-02  1.67321489e-21  2.00000000e-02  1.11000000e+00 
 3.00000000e-02  3.00000000e-02  3.00000000e-02  3.24958464e-21  3.00000000e-02  1.11000000e+00 
 4.00000000e-02  4.00000000e-02  4.00000000e-02  6.31108374e-21  4.00000000e-02  1.11000000e+00 
 5.00000000e-02  5.00000000e-02  5.00000000e-02  1.22568825e-20  5.00000000e-02  1.11000000e+00 
 6.00000000e-02  6.00000000e-02  6.00000000e-02  2.38043366e-20  6.00000000e-02  1.11000000e+00 
 7.00000000e-02  7.00000000e-02  7.00000000e-02  4.62308745e-20  7.00000000e-02  1.11000000e+00 
 8.00000000e-02  8.00000000e-02  8.00000000e-02  8.97858906e-20  8.00000000e-02  1.11000000e+00 
 9.00000000e-02  9.00000000e-02  9.00000000e-02  1.74374921e-19  9.00000000e-02  1.11000000e+00 
 1.00000000e-01  1.00000000e-01  1.00000000e-01  3.38656848e-19  1.00000000e-01  1.11000000e+00 
 1.10000000e-01  1.10000000e-01  1.10000000e-01  6.57711725e-19  1.10000000e-01  1.11000000e+00 
 1.20000000e-01  1.20000000e-01  1.20000000e-01  1.27735362e-18  1.20000000e-01  1.11000000e+00 
 1.30000000e-01  1.30000000e-01  1.30000000e-01  2.48076985e-18  1.30000000e-01  1.11000000e+00 
 1.40000000e-01  1.40000000e-01  1.40000000e-01  4.81794110e-18  1.40000000e-01  1.11000000e+00 
 1.50000000e-01  1.50000000e-01  1.50000000e-01  9.35698761e-18  1.50000000e-01  1.11000000e+00 
 1.60000000e-01  1.60000000e-01  1.60000000e-01  1.81723045e-17  1.60000000e-01  1.11000000e+00 
 1.70000000e-01  1.70000000e-01  1.70000000e-01  3.52925544e-17  1.70000000e-01  1.11000000e+00 
 1.80000000e-01  1.80000000e-01  1.80000000e-01  6.85417171e-17  1.80000000e-01  1.11000000e+00 
 1.90000000e-01  1.90000000e-01  1.90000000e-01  1.33114447e-16  1.90000000e-01  1.11000000e+00 
 2.00000000e-01  2.00000000e-01  2.00000000e-01  2.58519362e-16  2.00000000e-01  1.11000000e+00 
 2.10000000e-01  2.10000000e-01  2.10000000e-01  5.02062411e-16  2.10000000e-01  1.11000000e+00 
 2.20000000e-01  2.20000000e-01  2.20000000e-01  9.75029625e-16  2.20000000e-01  1.11000000e+00 
 2.30000000e-01  2.30000000e-01  2.30000000e-01  1.89352744e-15  2.30000000e-01  1.11000000e+00 
 2.40000000e-01  2.40000000e-01  2.40000000e-01  3.67719451e-15  2.40000000e-01  1.11000000e+00 
 2.50000000e-01  2.50000000e-01  2.50000000e-01  7.14084079e-15  2.50000000e-01  1.11000000e+00 
 2.60000000e-01  2.60000000e-01  2.60000000e-01  1.38664415e-14  2.60000000e-01  1.11000000e+00 
 2.70000000e-01  2.70000000e-01  2.70000000e-01  2.69250746e-14  2.70000000e-01  1.11000000e+00 
 2.80000000e-01  2.80000000e-01  2.80000000e-01  5.22776040e-14  2.80000000e-01  1.11000000e+00 
 2.90000000e-01  2.90000000e-01  2.90000000e-01  1.01491176e-13  2.90000000e-01  1.11000000e+00 
 3.00000000e-01  3.00000000e-01  3.00000000e-01  1.97004724e-13  3.00000000e-01  1.11000000e+00 
 3.10000000e-01  3.10000000e-01  3.10000000e-01  3.82327501e-13  3.10000000e-01  1.11000000e+00 
 3.20000000e-01  3.20000000e-01  3.20000000e-01  7.41771194e-13  3.20000000e-01  1.11000000e+00 
 3.30000000e-01  3.30000000e-01  3.30000000e-01  1.43857096e-12  3.30000000e-01  1.11000000e+00 
 3.40000000e-01  3.40000000e-01  3.40000000e-01  2.78838084e-12  3.40000000e-01  1.11000000e+00 
 3.50000000e-01  3.50000000e-01  3.50000000e-01  5.40056329e-12  3.50000000e-01  1.11000000e+00 
 3.60000000e-01  3.60000000e-01  3.60000000e-01  1.04487282e-11  3.60000000e-01  1.11000000e+00 
 3.70000000e-01  3.70000000e-01  3.70000000e-01  2.01859029e-11  3.70000000e-01  1.11000000e+00 
 3.80000000e-01  3.80000000e-01  3.80000000e-01  3.89180619e-11  3.80000000e-01  1.11000000e+00 
 3.90000000e-01  3.90000000e-01  3.90000000e-01  7.48245041e-11  3.90000000e-01  1.11000000e+00 
 4.00000000e-01  4.00000000e-01  4.00000000e-01  1.43312619e-10  4.00000000e-01  1.11000000e+00 
 4.10000000e-01  4.10000000e-01  4.10000000e-01  2.73078588e-10  4.10000000e-01  1.11000000e+00 
 4.20000000e-01  4.20000000e-01  4.20000000e-01  5.16764442e-10  4.20000000e-01  1.11000000e+00 
 4.30000000e-01  4.30000000e-01  4.30000000e-01  9.69027266e-10  4.30000000e-01  1.11000000e+00 
 4.40000000e-01  4.40000000e-01  4.40000000e-01  1.79573085e-09  4.40000000e-01  1.11000000e+00 
 4.50000000e-01  4.50000000e-01  4.50000000e-01  3.27823830e-09  4.50000000e-01  1.11000000e+00 
 4.60000000e-01  4.60000000e-01  4.60000000e-01  5.87553680e-09  4.60000000e-01  1.11000000e+00 
 4.70000000e-01  4.70000000e-01  4.70000000e-01  1.03037088e-08  4.70000000e-01  1.11000000e+00 
 4.80000000e-01  4.80000000e-01  4.80000000e-01  1.76286405e-08  4.80000000e-01  1.11000000e+00 
 4.90000000e-01  4.90000000e-01  4.90000000e-01  2.93684863e-08  4.90000000e-01  1.11000000e+00 
 5.00000000e-01  5.00000000e-01  5.00000000e-01  4.76125836e-08  5.00000000e-01  1.11000000e+00 
 5.10000000e-01  5.10000000e-01  5.10000000e-01  7.51826898e-08  5.10000000e-01  1.11000000e+00 
 5.20000000e-01  5.20000000e-01  5.20000000e-01  1.15881240e-07  5.20000000e-01  1.11000000e+00 
 5.30000000e-01  5.30000000e-01  5.30000000e-01  1.74879605e-07  5.30000000e-01  1.11000000e+00 
 5.40000000e-01  5.40000000e-01  5.40000000e-01  2.59297136e-07  5.40000000e-01  1.11000000e+00 
 5.50000000e-01  5.50000000e-01  5.50000000e-01  3.79016725e-07  5.50000000e-01  1.11000000e+00 
 5.60000000e-01  5.60000000e-01  5.60000000e-01  5.47773926e-07  5.60000000e-01  1.11000000e+00 
 5.70000000e-01  5.70000000e-01  5.70000000e-01  7.84523834e-07  5.70000000e-01  1.11000000e+00 
 5.80000000e-01  5.80000000e-01  5.80000000e-01  1.11499302e-06  5.80000000e-01  1.11000000e+00 
 5.90000000e-01  5.90000000e-01  5.90000000e-01  1.57312229e-06  5.90000000e-01  1.11000000e+00 
 6.00000000e-01  6.00000000e-01  6.00000000e-01  2.20180554e-06  6.00000000e-01  1.11000000e+00 
 6.10000000e-01  6.10000000e-01  6.10000000e-01  3.05206301e-06  6.10000000e-01  1.11000000e+00 
 6.20000000e-01  6.20000000e-01  6.20000000e-01  4.17985235e-06  6.20000000e-01  1.11000000e+00 
 6.30000000e-01  6.30000000e-01  6.30000000e-01  5.64041057e-06  6.30000000e-01  1.11000000e+00 
 6.40000000e-01  6.40000000e-01  6.40000000e-01  7.48122318e-06  6.40000000e-01  1.11000000e+00 
 6.50000000e-01  6.50000000e-01  6.50000000e-01  9.73570691e-06  6.50000000e-01  1.11000000e+00 
 6.60000000e-01  6.60000000e-01  6.60000000e-01  1.24196333e-05  6.60000000e-01  1.11000000e+00 
 6.70000000e-01  6.70000000e-01  6.70000000e-01  1.55311417e-05  6.70000000e-01  1.11000000e+00 
 6.80000000e-01  6.80000000e-01  6.80000000e-01  1.90537221e-05  6.80000000e-01  1.11000000e+00 
 6.90000000e-01  6.90000000e-01  6.90000000e-01  2.29607061e-05  6.90000000e-01  1.11000000e+00 
 7.00000000e-01  7.00000000e-01  7.00000000e-01  2.72198313e-05  7.00000000e-01  1.11000000e+00 
 7.10000000e-01  7.10000000e-01  7.10000000e-01  3.17969791e-05  7.10000000e-01  1.11000000e+00 
 7.20000000e-01  7.20000000e-01  7.20000000e-01  3.66587783e-05  7.20000000e-01  1.11000000e+00 
 7.30000000e-01  7.30000000e-01  7.30000000e-01  4.17741539e-05  7.30000000e-01  1.11000000e+00 
 7.40000000e-01  7.40000000e-01  7.40000000e-01  4.71150700e-05  7.40000000e-01  1.11000000e+00 
 7.50000000e-01  7.50000000e-01  7.50000000e-01  5.26567348e-05  7.50000000e-01  1.11000000e+00 
 7.60000000e-01  7.60000000e-01  7.60000000e-01  5.83774894e-05  7.60000000e-01  1.11000000e+00 
 7.70000000e-01  7.70000000e-01  7.70000000e-01  6.42585345e-05  7.70000000e-01  1.11000000e+00 
 7.80000000e-01  7.80000000e-01  7.80000000e-01  7.02835944e-05  7.80000000e-01  1.11000000e+00 
 7.90000000e-01  7.90000000e-01  7.90000000e-01  7.64385755e-05  7.90000000e-01  1.11000000e+00 
 8.00000000e-01  8.00000000e-01  8.00000000e-01  8.27112477e-05  8.00000000e-01  1.11000000e+00 
 8.10000000e-01  8.10000000e-01  8.10000000e-01  8.90909635e-05  8.10000000e-01  1.11000000e+00 
 8.20000000e-01  8.20000000e-01  8.20000000e-01  9.55684150e-05  8.20000000e-01  1.11000000e+00 
 8.30000000e-01  8.30000000e-01  8.30000000e-01  1.02135430e-04  8.30000000e-01  1.11000000e+00 
 8.40000000e-01  8.40000000e-01  8.40000000e-01  1.08784798e-04  8.40000000e-01  1.11000000e+00 
 8.50000000e-01  8.50000000e-01  8.50000000e-01  1.15510133e-04  8.50000000e-01  1.11000000e+00 
 8.60000000e-01  8.60000000e-01  8.60000000e-01  1.22305749e-04  8.60000000e-01  1.11000000e+00 
 8.70000000e-01  8.70000000e-01  8.70000000e-01  1.29166567e-04  8.70000000e-01  1.11000000e+00 
 8.80000000e-01  8.80000000e-01  8.80000000e-01  1.36088028e-04  8.80000000e-01  1.11000000e+00 
 8.90000000e-01  8.90000000e-01  8.90000000e-01  1.43066029e-04  8.90000000e-01  1.11000000e+00 
 9.00000000e-01  9.00000000e-01  9.00000000e-01  1.50096861e-04  9.00000000e-01  1.11000000e+00 
 9.10000000e-01  9.10000000e-01  9.10000000e-01  1.57177164e-04  9.10000000e-01  1.11000000e+00 
 9.20000000e-01  9.20000000e-01  9.20000000e-01  1.64303883e-04  9.20000000e-01  1.11000000e+00 
 9.30000000e-01  9.30000000e-01  9.30000000e-01  1.71474236e-04  9.30000000e-01  1.11000000e+00 
 9.40000000e-01  9.40000000e-01  9.40000000e-01  1.78685679e-04  9.40000000e-01  1.11000000e+00 
 9.50000000e-01  9.50000000e-01  9.50000000e-01  1.85935884e-04  9.50000000e-01  1.11000000e+00 
 9.60000000e-01  9.60000000e-01  9.60000000e-01  1.93222714e-04  9.60000000e-01  1.11000000e+00 
 9.70000000e-01  9.70000000e-01  9.70000000e-01  2.00544201e-04  9.70000000e-01  1.11000000e+00 
 9.80000000e-01  9.80000000e-01  9.80000000e-01  2.07898536e-04  9.80000000e-01  1.11000000e+00 
 9.90000000e-01  9.90000000e-01  9.90000000e-01  2.15284046e-04  9.90000000e-01  1.11000000e+00 
 1.00000000e+00  1.00000000e+00  1.00000000e+00  2.22699188e-04  1.00000000e+00  1.11000000e+00 
 1.01000000e+00  1.01000000e+00  1.01000000e+00  2.30142532e-04  1.01000000e+00  1.11000000e+00 
 1.02000000e+00  1.02000000e+00  1.02000000e+00  2.37612752e-04  1.02000000e+00  1.11000000e+00 
 1.03000000e+00  1.03000000e+00  1.03000000e+00  2.45108616e-04  1.03000000e+00  1.11000000e+00 
 1.04000000e+00  1.04000000e+00  1.04000000e+00  2.52628980e-04  1.04000000e+00  1.11000000e+00 
 1.05000000e+00  1.05000000e+00  1.05000000e+00  2.60172778e-04  1.05000000e+00  1.11000000e+00 
 1.06000000e+00  1.06000000e+00  1.06000000e+00  2.67739015e-04  1.06000000e+00  1.11000000e+00 
 1.07000000e+00  1.07000000e+00  1.07000000e+00  2.75326764e-04  1.07000000e+00  1.11000000e+00 
 1.08000000e+00  1.08000000e+00  1.08000000e+00  2.82935158e-04  1.08000000e+00  1.11000000e+00 
 1.09000000e+00  1.09000000e+00  1.09000000e+00  2.90563387e-04  1.09000000e+00  1.11000000e+00 
 1.10000000e+00  1.10000000e+00  1.10000000e+00  2.98210691e-04  1.10000000e+00  1.11000000e+00 
 1.11000000e+00  1.11000000e+00  1.11000000e+00  3.05876358e-04  1.11000000e+00  1.11000000e+00 
 1.12000000e+00  1.12000000e+00  1.12000000e+00  3.13559721e-04  1.12000000e+00  1.11000000e+00 
 1.13000000e+00  1.13000000e+00  1.13000000e+00  3.21260153e-04  1.13000000e+00  1.11000000e+00 
 1.14000000e+00  1.14000000e+00  1.14000000e+00  3.28977065e-04  1.14000000e+00  1.11000000e+00 
 1.15000000e+00  1.15000000e+00  1.15000000e+00  3.36709903e-04  1.15000000e+00  1.11000000e+00 
 1.16000000e+00  1.16000000e+00  1.16000000e+00  3.44458144e-04  1.16000000e+00  1.11000000e+00 
 1.17000000e+00  1.17000000e+00  1.17000000e+00  3.52221298e-04  1.17000000e+00  1.11000000e+00 
 1.18000000e+00  1.18000000e+00  1.18000000e+00  3.59998900e-04  1.18000000e+00  1.11000000e+00 
 1.19000000e+00  1.19000000e+00  1.19000000e+00  3.67790514e-04  1.19000000e+00  1.11000000e+00 
 1.20000000e+00  1.20000000e+00  1.20000000e+00  3.75595727e-04  1.20000000e+00  1.11000000e+00 
 1.21000000e+00  1.21000000e+00  1.21000000e+00  3.83414149e-04  1.21000000e+00  1.11000000e+00 
 1.22000000e+00  1.22000000e+00  1.22000000e+00  3.91245412e-04  1.22000000e+00  1.11000000e+00 
 1.23000000e+00  1.23000000e+00  1.23000000e+00  3.99089167e-04  1.23000000e+00  1.11000000e+00 
 1.24000000e+00  1.24000000e+00  1.24000000e+00  4.06945084e-04  1.24000000e+00  1.11000000e+00 
 1.25000000e+00  1.25000000e+00  1.25000000e+00  4.14812852e-04  1.25000000e+00  1.11000000e+00 
 1.26000000e+00  1.26000000e+00  1.26000000e+00  4.22692174e-04  1.26000000e+00  1.11000000e+00 
 1.27000000e+00  1.27000000e+00  1.27000000e+00  4.30582770e-04  1.27000000e+00  1.11000000e+00 
 1.28000000e+00  1.28000000e+00  1.28000000e+00  4.38484375e-04  1.28000000e+00  1.11000000e+00 
 1.29000000e+00  1.29000000e+00  1.29000000e+00  4.46396737e-04  1.29000000e+00  1.11000000e+00 
 1.30000000e+00  1.30000000e+00  1.30000000e+00  4.54319616e-04  1.30000000e+00  1.11000000e+00 
 1.31000000e+00  1.31000000e+00  1.31000000e+00  4.62252787e-04  1.31000000e+00  1.11000000e+00 
 1.32000000e+00  1.32000000e+00  1.32000000e+00  4.70196034e-04  1.32000000e+00  1.11000000e+00 
 1.33000000e+00  1.33000000e+00  1.33000000e+00  4.78149151e-04  1.33000000e+00  1.11000000e+00 
 1.34000000e+00  1.34000000e+00  1.34000000e+00  4.86111946e-04  1.34000000e+00  1.11000000e+00 
 1.35000000e+00  1.35000000e+00  1.35000000e+00  4.94084233e-04  1.35000000e+00  1.11000000e+00 
 1.36000000e+00  1.36000000e+00  1.36000000e+00  5.02065836e-04  1.36000000e+00  1.11000000e+00 
 1.37000000e+00  1.37000000e+00  1.37000000e+00  5.10056590e-04  1.37000000e+00  1.11000000e+00 
 1.38000000e+00  1.38000000e+00  1.38000000e+00  5.18056335e-04  1.38000000e+00  1.11000000e+00 
 1.39000000e+00  1.39000000e+00  1.39000000e+00  5.26064921e-04  1.39000000e+00  1.11000000e+00 
 1.40000000e+00  1.40000000e+00  1.40000000e+00  5.34082205e-04  1.40000000e+00  1.11000000e+00 
 1.41000000e+00  1.41000000e+00  1.41000000e+00  5.42108049e-04  1.41000000e+00  1.11000000e+00 
 1.42000000e+00  1.42000000e+00  1.42000000e+00  5.50142324e-04  1.42000000e+00  1.11000000e+00 
 1.43000000e+00  1.43000000e+00  1.43000000e+00  5.58184906e-04  1.43000000e+00  1.11000000e+00 
 1.44000000e+00  1.44000000e+00  1.44000000e+00  5.66235679e-04  1.44000000e+00  1.11000000e+00 
 1.45000000e+00  1.45000000e+00  1.45000000e+00  5.74294530e-04  1.45000000e+00  1.11000000e+00 
 1.46000000e+00  1.46000000e+00  1.46000000e+00  5.82361353e-04  1.46000000e+00  1.11000000e+00 
 1.47000000e+00  1.47000000e+00  1.47000000e+00  5.90436047e-04  1.47000000e+00  1.11000000e+00 
 1.48000000e+00  1.48000000e+00  1.48000000e+00  5.98518515e-04  1.48000000e+00  1.11000000e+00 
 1.49000000e+00  1.49000000e+00  1.49000000e+00  6.06608665e-04  1.49000000e+00  1.11000000e+00 
 1.50000000e+00  1.50000000e+00  1.50000000e+00  6.14706412e-04  1.50000000e+00  1.11000000e+00 
 1.51000000e+00  1.51000000e+00  1.51000000e+00  6.22811671e-04  1.51000000e+00  1.11000000e+00 
 1.52000000e+00  1.52000000e+00  1.52000000e+00  6.30924364e-04  1.52000000e+00  1.11000000e+00 
 1.53000000e+00  1.53000000e+00  1.53000000e+00  6.39044416e-04  1.53000000e+00  1.11000000e+00 
 1.54000000e+00  1.54000000e+00  1.54000000e+00  6.47171756e-04  1.54000000e+00  1.11000000e+00 
 1.55000000e+00  1.55000000e+00  1.55000000e+00  6.55306316e-04  1.55000000e+00  1.11000000e+00 
 1.56000000e+00  1.56000000e+00  1.56000000e+00  6.63448031e-04  1.56000000e+00  1.11000000e+00 
 1.57000000e+00  1.57000000e+00  1.57000000e+00  6.71596841e-04  1.57000000e+00  1.11000000e+00 
 1.58000000e+00  1.58000000e+00  1.58000000e+00  6.79752687e-04  1.58000000e+00  1.11000000e+00 
 1.59000000e+00  1.59000000e+00  1.59000000e+00  6.87915514e-04  1.59000000e+00  1.11000000e+00 
 1.60000000e+00  1.60000000e+00  1.60000000e+00  6.96085270e-04  1.60000000e+00  1.11000000e+00 
 1.61000000e+00  1.61000000e+00  1.61000000e+00  7.04261905e-04  1.61000000e+00  1.11000000e+00 
 1.62000000e+00  1.62000000e+00  1.62000000e+00  7.12445373e-04  1.62000000e+00  1.11000000e+00 
 1.63000000e+00  1.63000000e+00  1.63000000e+00  7.20635628e-04  1.63000000e+00  1.11000000e+00 
 1.64000000e+00  1.64000000e+00  1.64000000e+00  7.28832629e-04  1.64000000e+00  1.11000000e+00 
 1.65000000e+00  1.65000000e+00  1.65000000e+00  7.37036335e-04  1.65000000e+00  1.11000000e+00 
 1.66000000e+00  1.66000000e+00  1.66000000e+00  7.45246708e-04  1.66000000e+00  1.11000000e+00 
 1.67000000e+00  1.67000000e+00  1.67000000e+00  7.53463714e-04  1.67000000e+00  1.11000000e+00 
 1.68000000e+00  1.68000000e+00  1.68000000e+00  7.61687318e-04  1.68000000e+00  1.11000000e+00 
 1.69000000e+00  1.69000000e+00  1.69000000e+00  7.69917488e-04  1.69000000e+00  1.11000000e+00 
 1.70000000e+00  1.70000000e+00  1.70000000e+00  7.78154194e-04  1.70000000e+00  1.11000000e+00 
 1.71000000e+00  1.71000000e+00  1.71000000e+00  7.86397408e-04  1.71000000e+00  1.11000000e+00 
 1.72000000e+00  1.72000000e+00  1.72000000e+00  7.94647104e-04  1.72000000e+00  1.11000000e+00 
 1.73000000e+00  1.73000000e+00  1.73000000e+00  8.02903256e-04  1.73000000e+00  1.11000000e+00 
 1.74000000e+00  1.74000000e+00  1.74000000e+00  8.11165841e-04  1.74000000e+00  1.11000000e+00 
 1.75000000e+00  1.75000000e+00  1.75000000e+00  8.19434836e-04  1.75000000e+00  1.11000000e+00 
 1.76000000e+00  1.76000000e+00  1.76000000e+00  8.27710222e-04  1.76000000e+00  1.11000000e+00 
 1.77000000e+00  1.77000000e+00  1.77000000e+00  8.35991980e-04  1.77000000e+00  1.11000000e+00 
 1.78000000e+00  1.78000000e+00  1.78000000e+00  8.44280090e-04  1.78000000e+00  1.11000000e+00 
 1.79000000e+00  1.79000000e+00  1.79000000e+00  8.52574537e-04  1.79000000e+00  1.11000000e+00 
 1.80000000e+00  1.80000000e+00  1.80000000e+00  8.60875305e-04  1.80000000e+00  1.11000000e+00 
 1.81000000e+00  1.81000000e+00  1.81000000e+00  8.69182379e-04  1.81000000e+00  1.11000000e+00 
 1.82000000e+00  1.82000000e+00  1.82000000e+00  8.77495747e-04  1.82000000e+00  1.11000000e+00 
 1.83000000e+00  1.83000000e+00  1.83000000e+00  8.85815396e-04  1.83000000e+00  1.11000000e+00 
 1.84000000e+00  1.84000000e+00  1.84000000e+00  8.94141315e-04  1.84000000e+00  1.11000000e+00 
 1.85000000e+00  1.85000000e+00  1.85000000e+00  9.02473494e-04  1.85000000e+00  1.11000000e+00 
