 0.00000000e+00  0.00000000e+00  0.00000000e+00  2.35245295e-22  0.00000000e+00  3.70000000e-01 
 1.00000000e-02  1.00000000e-02  1.00000000e-02  4.56876053e-22  1.00000000e-02  3.70000000e-01 
 2.00000000e-02  2.00000000e-02  2.00000000e-02  8.87311035e-22  2.00000000e-02  3.70000000e-01 
 3.00000000e-02  3.00000000e-02  3.00000000e-02  1.72326998e-21  3.00000000e-02  3.70000000e-01 
 4.00000000e-02  4.00000000e-02  4.00000000e-02  3.34680764e-21  4.00000000e-02  3.70000000e-01 
 5.00000000e-02  5.00000000e-02  5.00000000e-02  6.49992219e-21  5.00000000e-02  3.70000000e-01 
 6.00000000e-02  6.00000000e-02  6.00000000e-02  1.26236677e-20  6.00000000e-02  3.70000000e-01 
 7.00000000e-02  7.00000000e-02  7.00000000e-02  2.45167512e-20  7.00000000e-02  3.70000000e-01 
 8.00000000e-02  8.00000000e-02  8.00000000e-02  4.76146110e-20  8.00000000e-02  3.70000000e-01 
 9.00000000e-02  9.00000000e-02  9.00000000e-02  9.24735441e-20  9.00000000e-02  3.70000000e-01 
 1.00000000e-01  1.00000000e-01  1.00000000e-01  1.79595180e-19  1.00000000e-01  3.70000000e-01 
 1.10000000e-01  1.10000000e-01  1.10000000e-01  3.48796193e-19  1.10000000e-01  3.70000000e-01 
 1.20000000e-01  1.20000000e-01  1.20000000e-01  6.77405362e-19  1.20000000e-01  3.70000000e-01 
 1.30000000e-01  1.30000000e-01  1.30000000e-01  1.31560434e-18  1.30000000e-01  3.70000000e-01 
 1.40000000e-01  1.40000000e-01  1.40000000e-01  2.55506318e-18  1.40000000e-01  3.70000000e-01 
 1.50000000e-01  1.50000000e-01  1.50000000e-01  4.96223751e-18  1.50000000e-01  3.70000000e-01 
 1.60000000e-01  1.60000000e-01  1.60000000e-01  9.63724351e-18  1.60000000e-01  3.70000000e-01 
 1.70000000e-01  1.70000000e-01  1.70000000e-01  1.87166128e-17  1.70000000e-01  3.70000000e-01 
 1.80000000e-01  1.80000000e-01  1.80000000e-01  3.63496706e-17  1.80000000e-01  3.70000000e-01 
 1.90000000e-01  1.90000000e-01  1.90000000e-01  7.05946889e-17  1.90000000e-01  3.70000000e-01 
 2.00000000e-01  2.00000000e-01  2.00000000e-01  1.37101197e-16  2.00000000e-01  3.70000000e-01 
 2.10000000e-01  2.10000000e-01  2.10000000e-01  2.66260789e-16  2.10000000e-01  3.70000000e-01 
 2.20000000e-01  2.20000000e-01  2.20000000e-01  5.17092994e-16  2.20000000e-01  3.70000000e-01 
 2.30000000e-01  2.30000000e-01  2.30000000e-01  1.00420824e-15  2.30000000e-01  3.70000000e-01 
 2.40000000e-01  2.40000000e-01  2.40000000e-01  1.95015943e-15  2.40000000e-01  3.70000000e-01 
 2.50000000e-01  2.50000000e-01  2.50000000e-01  3.78707757e-15  2.50000000e-01  3.70000000e-01 
 2.60000000e-01  2.60000000e-01  2.60000000e-01  7.35395913e-15  2.60000000e-01  3.70000000e-01 
 2.70000000e-01  2.70000000e-01  2.70000000e-01  1.42795473e-14  2.70000000e-01  3.70000000e-01 
 2.80000000e-01  2.80000000e-01  2.80000000e-01  2.77251904e-14  2.80000000e-01  3.70000000e-01 
 2.90000000e-01  2.90000000e-01  2.90000000e-01  5.38255515e-14  2.90000000e-01  3.70000000e-01 
 3.00000000e-01  3.00000000e-01  3.00000000e-01  1.04481208e-13  3.00000000e-01  3.70000000e-01 
 3.10000000e-01  3.10000000e-01  3.10000000e-01  2.02767539e-13  3.10000000e-01  3.70000000e-01 
 3.20000000e-01  3.20000000e-01  3.20000000e-01  3.93399873e-13  3.20000000e-01  3.70000000e-01 
 3.30000000e-01  3.30000000e-01  3.30000000e-01  7.62951482e-13  3.30000000e-01  3.70000000e-01 
 3.40000000e-01  3.40000000e-01  3.40000000e-01  1.47883303e-12  3.40000000e-01  3.70000000e-01 
 3.50000000e-01  3.50000000e-01  3.50000000e-01  2.86422816e-12  3.50000000e-01  3.70000000e-01 
 3.60000000e-01  3.60000000e-01  3.60000000e-01  5.54158032e-12  3.60000000e-01  3.70000000e-01 
 3.70000000e-01  3.70000000e-01  3.70000000e-01  1.07058294e-11  3.70000000e-01  3.70000000e-01 
 3.80000000e-01  3.80000000e-01  3.80000000e-01  2.06407678e-11  3.80000000e-01  3.70000000e-01 
 3.90000000e-01  3.90000000e-01  3.90000000e-01  3.96846058e-11  3.90000000e-01  3.70000000e-01 
 4.00000000e-01  4.00000000e-01  4.00000000e-01  7.60095714e-11  4.00000000e-01  3.70000000e-01 
 4.10000000e-01  4.10000000e-01  4.10000000e-01  1.44837489e-10  4.10000000e-01  3.70000000e-01 
 4.20000000e-01  4.20000000e-01  4.20000000e-01  2.74095963e-10  4.20000000e-01  3.70000000e-01 
 4.30000000e-01  4.30000000e-01  4.30000000e-01  5.14015093e-10  4.30000000e-01  3.70000000e-01 
 4.40000000e-01  4.40000000e-01  4.40000000e-01  9.52652792e-10  4.40000000e-01  3.70000000e-01 
 4.50000000e-01  4.50000000e-01  4.50000000e-01  1.73951785e-09  4.50000000e-01  3.70000000e-01 
 4.60000000e-01  4.60000000e-01  4.60000000e-01  3.11889822e-09  4.60000000e-01  3.70000000e-01 
 4.70000000e-01  4.70000000e-01  4.70000000e-01  5.47302627e-09  4.70000000e-01  3.70000000e-01 
 4.80000000e-01  4.80000000e-01  4.80000000e-01  9.37375791e-09  4.80000000e-01  3.70000000e-01 
 4.90000000e-01  4.90000000e-01  4.90000000e-01  1.56426146e-08  4.90000000e-01  3.70000000e-01 
 5.00000000e-01  5.00000000e-01  5.00000000e-01  2.54258207e-08  5.00000000e-01  3.70000000e-01 
 5.10000000e-01  5.10000000e-01  5.10000000e-01  4.03034409e-08  5.10000000e-01  3.70000000e-01 
 5.20000000e-01  5.20000000e-01  5.20000000e-01  6.24657049e-08  5.20000000e-01  3.70000000e-01 
 5.30000000e-01  5.30000000e-01  5.30000000e-01  9.50009717e-08  5.30000000e-01  3.70000000e-01 
 5.40000000e-01  5.40000000e-01  5.40000000e-01  1.42349859e-07  5.40000000e-01  3.70000000e-01 
 5.50000000e-01  5.50000000e-01  5.50000000e-01  2.10992899e-07  5.50000000e-01  3.70000000e-01 
 5.60000000e-01  5.60000000e-01  5.60000000e-01  3.10450777e-07  5.60000000e-01  3.70000000e-01 
 5.70000000e-01  5.70000000e-01  5.70000000e-01  4.54664108e-07  5.70000000e-01  3.70000000e-01 
 5.80000000e-01  5.80000000e-01  5.80000000e-01  6.63737575e-07  5.80000000e-01  3.70000000e-01 
 5.90000000e-01  5.90000000e-01  5.90000000e-01  9.65822570e-07  5.90000000e-01  3.70000000e-01 
 6.00000000e-01  6.00000000e-01  6.00000000e-01  1.39855330e-06  6.00000000e-01  3.70000000e-01 
 6.10000000e-01  6.10000000e-01  6.10000000e-01  2.00906663e-06  6.10000000e-01  3.70000000e-01 
 6.20000000e-01  6.20000000e-01  6.20000000e-01  2.85156499e-06  6.20000000e-01  3.70000000e-01 
 6.30000000e-01  6.30000000e-01  6.30000000e-01  3.98201959e-06  6.30000000e-01  3.70000000e-01 
 6.40000000e-01  6.40000000e-01  6.40000000e-01  5.45093197e-06  6.40000000e-01  3.70000000e-01 
 6.50000000e-01  6.50000000e-01  6.50000000e-01  7.29631189e-06  6.50000000e-01  3.70000000e-01 
 6.60000000e-01  6.60000000e-01  6.60000000e-01  9.53918312e-06  6.60000000e-01  3.70000000e-01 
 6.70000000e-01  6.70000000e-01  6.70000000e-01  1.21827834e-05  6.70000000e-01  3.70000000e-01 
 6.80000000e-01  6.80000000e-01  6.80000000e-01  1.52150259e-05  6.80000000e-01  3.70000000e-01 
 6.90000000e-01  6.90000000e-01  6.90000000e-01  1.86127789e-05  6.90000000e-01  3.70000000e-01 
 7.00000000e-01  7.00000000e-01  7.00000000e-01  2.23464411e-05  7.00000000e-01  3.70000000e-01 
 7.10000000e-01  7.10000000e-01  7.10000000e-01  2.63838104e-05  7.10000000e-01  3.70000000e-01 
 7.20000000e-01  7.20000000e-01  7.20000000e-01  3.06928522e-05  7.20000000e-01  3.70000000e-01 
 7.30000000e-01  7.30000000e-01  7.30000000e-01  3.52434041e-05  7.30000000e-01  3.70000000e-01 
 7.40000000e-01  7.40000000e-01  7.40000000e-01  4.00080454e-05  7.40000000e-01  3.70000000e-01 
 7.50000000e-01  7.50000000e-01  7.50000000e-01  4.49623988e-05  7.50000000e-01  3.70000000e-01 
 7.60000000e-01  7.60000000e-01  7.60000000e-01  5.00850869e-05  7.60000000e-01  3.70000000e-01 
 7.70000000e-01  7.70000000e-01  7.70000000e-01  5.53575065e-05  7.70000000e-01  3.70000000e-01 
 7.80000000e-01  7.80000000e-01  7.80000000e-01  6.07635244e-05  7.80000000e-01  3.70000000e-01 
 7.90000000e-01  7.90000000e-01  7.90000000e-01  6.62891559e-05  7.90000000e-01  3.70000000e-01 
 8.00000000e-01  8.00000000e-01  8.00000000e-01  7.19222603e-05  8.00000000e-01  3.70000000e-01 
 8.10000000e-01  8.10000000e-01  8.10000000e-01  7.76522670e-05  8.10000000e-01  3.70000000e-01 
 8.20000000e-01  8.20000000e-01  8.20000000e-01  8.34699382e-05  8.20000000e-01  3.70000000e-01 
 8.30000000e-01  8.30000000e-01  8.30000000e-01  8.93671662e-05  8.30000000e-01  3.70000000e-01 
 8.40000000e-01  8.40000000e-01  8.40000000e-01  9.53368042e-05  8.40000000e-01  3.70000000e-01 
 8.50000000e-01  8.50000000e-01  8.50000000e-01  1.01372523e-04  8.50000000e-01  3.70000000e-01 
 8.60000000e-01  8.60000000e-01  8.60000000e-01  1.07468695e-04  8.60000000e-01  3.70000000e-01 
 8.70000000e-01  8.70000000e-01  8.70000000e-01  1.13620291e-04  8.70000000e-01  3.70000000e-01 
 8.80000000e-01  8.80000000e-01  8.80000000e-01  1.19822803e-04  8.80000000e-01  3.70000000e-01 
 8.90000000e-01  8.90000000e-01  8.90000000e-01  1.26072172e-04  8.90000000e-01  3.70000000e-01 
 9.00000000e-01  9.00000000e-01  9.00000000e-01  1.32364730e-04  9.00000000e-01  3.70000000e-01 
 9.10000000e-01  9.10000000e-01  9.10000000e-01  1.38697152e-04  9.10000000e-01  3.70000000e-01 
 9.20000000e-01  9.20000000e-01  9.20000000e-01  1.45066415e-04  9.20000000e-01  3.70000000e-01 
 9.30000000e-01  9.30000000e-01  9.30000000e-01  1.51469759e-04  9.30000000e-01  3.70000000e-01 
 9.40000000e-01  9.40000000e-01  9.40000000e-01  1.57904661e-04  9.40000000e-01  3.70000000e-01 
 9.50000000e-01  9.50000000e-01  9.50000000e-01  1.64368806e-04  9.50000000e-01  3.70000000e-01 
 9.60000000e-01  9.60000000e-01  9.60000000e-01  1.70860065e-04  9.60000000e-01  3.70000000e-01 
 9.70000000e-01  9.70000000e-01  9.70000000e-01  1.77376475e-04  9.70000000e-01  3.70000000e-01 
 9.80000000e-01  9.80000000e-01  9.80000000e-01  1.83916219e-04  9.80000000e-01  3.70000000e-01 
 9.90000000e-01  9.90000000e-01  9.90000000e-01  1.90477620e-04  9.90000000e-01  3.70000000e-01 
 1.00000000e+00  1.00000000e+00  1.00000000e+00  1.97059118e-04  1.00000000e+00  3.70000000e-01 
 1.01000000e+00  1.01000000e+00  1.01000000e+00  2.03659263e-04  1.01000000e+00  3.70000000e-01 
 1.02000000e+00  1.02000000e+00  1.02000000e+00  2.10276704e-04  1.02000000e+00  3.70000000e-01 
 1.03000000e+00  1.03000000e+00  1.03000000e+00  2.16910180e-04  1.03000000e+00  3.70000000e-01 
 1.04000000e+00  1.04000000e+00  1.04000000e+00  2.23558509e-04  1.04000000e+00  3.70000000e-01 
 1.05000000e+00  1.05000000e+00  1.05000000e+00  2.30220586e-04  1.05000000e+00  3.70000000e-01 
 1.06000000e+00  1.06000000e+00  1.06000000e+00  2.36895371e-04  1.06000000e+00  3.70000000e-01 
 1.07000000e+00  1.07000000e+00  1.07000000e+00  2.43581886e-04  1.07000000e+00  3.70000000e-01 
 1.08000000e+00  1.08000000e+00  1.08000000e+00  2.50279211e-04  1.08000000e+00  3.70000000e-01 
 1.09000000e+00  1.09000000e+00  1.09000000e+00  2.56986476e-04  1.09000000e+00  3.70000000e-01 
 1.10000000e+00  1.10000000e+00  1.10000000e+00  2.63702858e-04  1.10000000e+00  3.70000000e-01 
 1.11000000e+00  1.11000000e+00  1.11000000e+00  2.70427577e-04  1.11000000e+00  3.70000000e-01 
 1.12000000e+00  1.12000000e+00  1.12000000e+00  2.77159896e-04  1.12000000e+00  3.70000000e-01 
 1.13000000e+00  1.13000000e+00  1.13000000e+00  2.83899112e-04  1.13000000e+00  3.70000000e-01 
 1.14000000e+00  1.14000000e+00  1.14000000e+00  2.90644555e-04  1.14000000e+00  3.70000000e-01 
 1.15000000e+00  1.15000000e+00  1.15000000e+00  2.97395588e-04  1.15000000e+00  3.70000000e-01 
 1.16000000e+00  1.16000000e+00  1.16000000e+00  3.04151604e-04  1.16000000e+00  3.70000000e-01 
 1.17000000e+00  1.17000000e+00  1.17000000e+00  3.10912019e-04  1.17000000e+00  3.70000000e-01 
 1.18000000e+00  1.18000000e+00  1.18000000e+00  3.17676277e-04  1.18000000e+00  3.70000000e-01 
 1.19000000e+00  1.19000000e+00  1.19000000e+00  3.24443842e-04  1.19000000e+00  3.70000000e-01 
 1.20000000e+00  1.20000000e+00  1.20000000e+00  3.31214202e-04  1.20000000e+00  3.70000000e-01 
 1.21000000e+00  1.21000000e+00  1.21000000e+00  3.37986862e-04  1.21000000e+00  3.70000000e-01 
 1.22000000e+00  1.22000000e+00  1.22000000e+00  3.44761346e-04  1.22000000e+00  3.70000000e-01 
 1.23000000e+00  1.23000000e+00  1.23000000e+00  3.51537195e-04  1.23000000e+00  3.70000000e-01 
 1.24000000e+00  1.24000000e+00  1.24000000e+00  3.58313966e-04  1.24000000e+00  3.70000000e-01 
 1.25000000e+00  1.25000000e+00  1.25000000e+00  3.65091229e-04  1.25000000e+00  3.70000000e-01 
 1.26000000e+00  1.26000000e+00  1.26000000e+00  3.71868569e-04  1.26000000e+00  3.70000000e-01 
 1.27000000e+00  1.27000000e+00  1.27000000e+00  3.78645583e-04  1.27000000e+00  3.70000000e-01 
 1.28000000e+00  1.28000000e+00  1.28000000e+00  3.85421880e-04  1.28000000e+00  3.70000000e-01 
 1.29000000e+00  1.29000000e+00  1.29000000e+00  3.92197078e-04  1.29000000e+00  3.70000000e-01 
 1.30000000e+00  1.30000000e+00  1.30000000e+00  3.98970806e-04  1.30000000e+00  3.70000000e-01 
 1.31000000e+00  1.31000000e+00  1.31000000e+00  4.05742705e-04  1.31000000e+00  3.70000000e-01 
 1.32000000e+00  1.32000000e+00  1.32000000e+00  4.12512420e-04  1.32000000e+00  3.70000000e-01 
 1.33000000e+00  1.33000000e+00  1.33000000e+00  4.19279607e-04  1.33000000e+00  3.70000000e-01 
 1.34000000e+00  1.34000000e+00  1.34000000e+00  4.26043930e-04  1.34000000e+00  3.70000000e-01 
 1.35000000e+00  1.35000000e+00  1.35000000e+00  4.32805056e-04  1.35000000e+00  3.70000000e-01 
 1.36000000e+00  1.36000000e+00  1.36000000e+00  4.39562664e-04  1.36000000e+00  3.70000000e-01 
 1.37000000e+00  1.37000000e+00  1.37000000e+00  4.46316434e-04  1.37000000e+00  3.70000000e-01 
 1.38000000e+00  1.38000000e+00  1.38000000e+00  4.53066055e-04  1.38000000e+00  3.70000000e-01 
 1.39000000e+00  1.39000000e+00  1.39000000e+00  4.59811220e-04  1.39000000e+00  3.70000000e-01 
 1.40000000e+00  1.40000000e+00  1.40000000e+00  4.66551625e-04  1.40000000e+00  3.70000000e-01 
 1.41000000e+00  1.41000000e+00  1.41000000e+00  4.73286973e-04  1.41000000e+00  3.70000000e-01 
 1.42000000e+00  1.42000000e+00  1.42000000e+00  4.80016969e-04  1.42000000e+00  3.70000000e-01 
 1.43000000e+00  1.43000000e+00  1.43000000e+00  4.86741324e-04  1.43000000e+00  3.70000000e-01 
 1.44000000e+00  1.44000000e+00  1.44000000e+00  4.93459751e-04  1.44000000e+00  3.70000000e-01 
 1.45000000e+00  1.45000000e+00  1.45000000e+00  5.00171965e-04  1.45000000e+00  3.70000000e-01 
 1.46000000e+00  1.46000000e+00  1.46000000e+00  5.06877685e-04  1.46000000e+00  3.70000000e-01 
 1.47000000e+00  1.47000000e+00  1.47000000e+00  5.13576635e-04  1.47000000e+00  3.70000000e-01 
 1.48000000e+00  1.48000000e+00  1.48000000e+00  5.20268537e-04  1.48000000e+00  3.70000000e-01 
 1.49000000e+00  1.49000000e+00  1.49000000e+00  5.26953119e-04  1.49000000e+00  3.70000000e-01 
 1.50000000e+00  1.50000000e+00  1.50000000e+00  5.33630108e-04  1.50000000e+00  3.70000000e-01 
 1.51000000e+00  1.51000000e+00  1.51000000e+00  5.40299235e-04  1.51000000e+00  3.70000000e-01 
 1.52000000e+00  1.52000000e+00  1.52000000e+00  5.46960232e-04  1.52000000e+00  3.70000000e-01 
 1.53000000e+00  1.53000000e+00  1.53000000e+00  5.53612831e-04  1.53000000e+00  3.70000000e-01 
 1.54000000e+00  1.54000000e+00  1.54000000e+00  5.60256769e-04  1.54000000e+00  3.70000000e-01 
 1.55000000e+00  1.55000000e+00  1.55000000e+00  5.66891780e-04  1.55000000e+00  3.70000000e-01 
 1.56000000e+00  1.56000000e+00  1.56000000e+00  5.73517600e-04  1.56000000e+00  3.70000000e-01 
 1.57000000e+00  1.57000000e+00  1.57000000e+00  5.80133969e-04  1.57000000e+00  3.70000000e-01 
 1.58000000e+00  1.58000000e+00  1.58000000e+00  5.86740624e-04  1.58000000e+00  3.70000000e-01 
 1.59000000e+00  1.59000000e+00  1.59000000e+00  5.93337303e-04  1.59000000e+00  3.70000000e-01 
 1.60000000e+00  1.60000000e+00  1.60000000e+00  5.99923748e-04  1.60000000e+00  3.70000000e-01 
 1.61000000e+00  1.61000000e+00  1.61000000e+00  6.06499697e-04  1.61000000e+00  3.70000000e-01 
 1.62000000e+00  1.62000000e+00  1.62000000e+00  6.13064891e-04  1.62000000e+00  3.70000000e-01 
 1.63000000e+00  1.63000000e+00  1.63000000e+00  6.19619070e-04  1.63000000e+00  3.70000000e-01 
 1.64000000e+00  1.64000000e+00  1.64000000e+00  6.26161976e-04  1.64000000e+00  3.70000000e-01 
 1.65000000e+00  1.65000000e+00  1.65000000e+00  6.32693349e-04  1.65000000e+00  3.70000000e-01 
 1.66000000e+00  1.66000000e+00  1.66000000e+00  6.39212930e-04  1.66000000e+00  3.70000000e-01 
 1.67000000e+00  1.67000000e+00  1.67000000e+00  6.45720460e-04  1.67000000e+00  3.70000000e-01 
 1.68000000e+00  1.68000000e+00  1.68000000e+00  6.52215680e-04  1.68000000e+00  3.70000000e-01 
 1.69000000e+00  1.69000000e+00  1.69000000e+00  6.58698330e-04  1.69000000e+00  3.70000000e-01 
 1.70000000e+00  1.70000000e+00  1.70000000e+00  6.65168151e-04  1.70000000e+00  3.70000000e-01 
 1.71000000e+00  1.71000000e+00  1.71000000e+00  6.71624884e-04  1.71000000e+00  3.70000000e-01 
 1.72000000e+00  1.72000000e+00  1.72000000e+00  6.78068267e-04  1.72000000e+00  3.70000000e-01 
 1.73000000e+00  1.73000000e+00  1.73000000e+00  6.84498042e-04  1.73000000e+00  3.70000000e-01 
 1.74000000e+00  1.74000000e+00  1.74000000e+00  6.90913947e-04  1.74000000e+00  3.70000000e-01 
 1.75000000e+00  1.75000000e+00  1.75000000e+00  6.97315722e-04  1.75000000e+00  3.70000000e-01 
 1.76000000e+00  1.76000000e+00  1.76000000e+00  7.03703106e-04  1.76000000e+00  3.70000000e-01 
 1.77000000e+00  1.77000000e+00  1.77000000e+00  7.10075836e-04  1.77000000e+00  3.70000000e-01 
 1.78000000e+00  1.78000000e+00  1.78000000e+00  7.16433652e-04  1.78000000e+00  3.70000000e-01 
 1.79000000e+00  1.79000000e+00  1.79000000e+00  7.22776290e-04  1.79000000e+00  3.70000000e-01 
 1.80000000e+00  1.80000000e+00  1.80000000e+00  7.29103489e-04  1.80000000e+00  3.70000000e-01 
 1.81000000e+00  1.81000000e+00  1.81000000e+00  7.35414984e-04  1.81000000e+00  3.70000000e-01 
 1.82000000e+00  1.82000000e+00  1.82000000e+00  7.41710515e-04  1.82000000e+00  3.70000000e-01 
 1.83000000e+00  1.83000000e+00  1.83000000e+00  7.47989815e-04  1.83000000e+00  3.70000000e-01 
 1.84000000e+00  1.84000000e+00  1.84000000e+00  7.54252622e-04  1.84000000e+00  3.70000000e-01 
 1.85000000e+00  1.85000000e+00  1.85000000e+00  7.60498672e-04  1.85000000e+00  3.70000000e-01 
