 0.00000000e+00  0.00000000e+00  0.00000000e+00  5.38333303e-22  0.00000000e+00  1.45000000e+00 
 1.00000000e-02  1.00000000e-02  1.00000000e-02  1.04550663e-21  1.00000000e-02  1.45000000e+00 
 2.00000000e-02  2.00000000e-02  2.00000000e-02  2.03049678e-21  2.00000000e-02  1.45000000e+00 
 3.00000000e-02  3.00000000e-02  3.00000000e-02  3.94346318e-21  3.00000000e-02  1.45000000e+00 
 4.00000000e-02  4.00000000e-02  4.00000000e-02  7.65866851e-21  4.00000000e-02  1.45000000e+00 
 5.00000000e-02  5.00000000e-02  5.00000000e-02  1.48740333e-20  5.00000000e-02  1.45000000e+00 
 6.00000000e-02  6.00000000e-02  6.00000000e-02  2.88871163e-20  6.00000000e-02  1.45000000e+00 
 7.00000000e-02  7.00000000e-02  7.00000000e-02  5.61021622e-20  7.00000000e-02  1.45000000e+00 
 8.00000000e-02  8.00000000e-02  8.00000000e-02  1.08956960e-19  8.00000000e-02  1.45000000e+00 
 9.00000000e-02  9.00000000e-02  9.00000000e-02  2.11607124e-19  9.00000000e-02  1.45000000e+00 
 1.00000000e-01  1.00000000e-01  1.00000000e-01  4.10965641e-19  1.00000000e-01  1.45000000e+00 
 1.10000000e-01  1.10000000e-01  1.10000000e-01  7.98142839e-19  1.10000000e-01  1.45000000e+00 
 1.20000000e-01  1.20000000e-01  1.20000000e-01  1.55008519e-18  1.20000000e-01  1.45000000e+00 
 1.30000000e-01  1.30000000e-01  1.30000000e-01  3.01044213e-18  1.30000000e-01  1.45000000e+00 
 1.40000000e-01  1.40000000e-01  1.40000000e-01  5.84661750e-18  1.40000000e-01  1.45000000e+00 
 1.50000000e-01  1.50000000e-01  1.50000000e-01  1.13547777e-17  1.50000000e-01  1.45000000e+00 
 1.60000000e-01  1.60000000e-01  1.60000000e-01  2.20522026e-17  1.60000000e-01  1.45000000e+00 
 1.70000000e-01  1.70000000e-01  1.70000000e-01  4.28276700e-17  1.70000000e-01  1.45000000e+00 
 1.80000000e-01  1.80000000e-01  1.80000000e-01  8.31755576e-17  1.80000000e-01  1.45000000e+00 
 1.90000000e-01  1.90000000e-01  1.90000000e-01  1.61534511e-16  1.90000000e-01  1.45000000e+00 
 2.00000000e-01  2.00000000e-01  2.00000000e-01  3.13713053e-16  2.00000000e-01  1.45000000e+00 
 2.10000000e-01  2.10000000e-01  2.10000000e-01  6.09251501e-16  2.10000000e-01  1.45000000e+00 
 2.20000000e-01  2.20000000e-01  2.20000000e-01  1.18319438e-15  2.20000000e-01  1.45000000e+00 
 2.30000000e-01  2.30000000e-01  2.30000000e-01  2.29778440e-15  2.30000000e-01  1.45000000e+00 
 2.40000000e-01  2.40000000e-01  2.40000000e-01  4.46224758e-15  2.40000000e-01  1.45000000e+00 
 2.50000000e-01  2.50000000e-01  2.50000000e-01  8.66534374e-15  2.50000000e-01  1.45000000e+00 
 2.60000000e-01  2.60000000e-01  2.60000000e-01  1.68267738e-14  2.60000000e-01  1.45000000e+00 
 2.70000000e-01  2.70000000e-01  2.70000000e-01  3.26732347e-14  2.70000000e-01  1.45000000e+00 
 2.80000000e-01  2.80000000e-01  2.80000000e-01  6.34381161e-14  2.80000000e-01  1.45000000e+00 
 2.90000000e-01  2.90000000e-01  2.90000000e-01  1.23157900e-13  2.90000000e-01  1.45000000e+00 
 3.00000000e-01  3.00000000e-01  3.00000000e-01  2.39061705e-13  3.00000000e-01  1.45000000e+00 
 3.10000000e-01  3.10000000e-01  3.10000000e-01  4.63946919e-13  3.10000000e-01  1.45000000e+00 
 3.20000000e-01  3.20000000e-01  3.20000000e-01  9.00123502e-13  3.20000000e-01  1.45000000e+00 
 3.30000000e-01  3.30000000e-01  3.30000000e-01  1.74567263e-12  3.30000000e-01  1.45000000e+00 
 3.40000000e-01  3.40000000e-01  3.40000000e-01  3.38363083e-12  3.40000000e-01  1.45000000e+00 
 3.50000000e-01  3.50000000e-01  3.50000000e-01  6.55343954e-12  3.50000000e-01  1.45000000e+00 
 3.60000000e-01  3.60000000e-01  3.60000000e-01  1.26792333e-11  3.60000000e-01  1.45000000e+00 
 3.70000000e-01  3.70000000e-01  3.70000000e-01  2.44949752e-11  3.70000000e-01  1.45000000e+00 
 3.80000000e-01  3.80000000e-01  3.80000000e-01  4.72257843e-11  3.80000000e-01  1.45000000e+00 
 3.90000000e-01  3.90000000e-01  3.90000000e-01  9.07968439e-11  3.90000000e-01  1.45000000e+00 
 4.00000000e-01  4.00000000e-01  4.00000000e-01  1.73904111e-10  4.00000000e-01  1.45000000e+00 
 4.10000000e-01  4.10000000e-01  4.10000000e-01  3.31368167e-10  4.10000000e-01  1.45000000e+00 
 4.20000000e-01  4.20000000e-01  4.20000000e-01  6.27064190e-10  4.20000000e-01  1.45000000e+00 
 4.30000000e-01  4.30000000e-01  4.30000000e-01  1.17584181e-09  4.30000000e-01  1.45000000e+00 
 4.40000000e-01  4.40000000e-01  4.40000000e-01  2.17892750e-09  4.40000000e-01  1.45000000e+00 
 4.50000000e-01  4.50000000e-01  4.50000000e-01  3.97760929e-09  4.50000000e-01  1.45000000e+00 
 4.60000000e-01  4.60000000e-01  4.60000000e-01  7.12844250e-09  4.60000000e-01  1.45000000e+00 
 4.70000000e-01  4.70000000e-01  4.70000000e-01  1.24992025e-08  4.70000000e-01  1.45000000e+00 
 4.80000000e-01  4.80000000e-01  4.80000000e-01  2.13801911e-08  4.80000000e-01  1.45000000e+00 
 4.90000000e-01  4.90000000e-01  4.90000000e-01  3.56058695e-08  4.90000000e-01  1.45000000e+00 
 5.00000000e-01  5.00000000e-01  5.00000000e-01  5.76934705e-08  5.00000000e-01  1.45000000e+00 
 5.10000000e-01  5.10000000e-01  5.10000000e-01  9.10274299e-08  5.10000000e-01  1.45000000e+00 
 5.20000000e-01  5.20000000e-01  5.20000000e-01  1.40139399e-07  5.20000000e-01  1.45000000e+00 
 5.30000000e-01  5.30000000e-01  5.30000000e-01  2.11140307e-07  5.30000000e-01  1.45000000e+00 
 5.40000000e-01  5.40000000e-01  5.40000000e-01  3.12352883e-07  5.40000000e-01  1.45000000e+00 
 5.50000000e-01  5.50000000e-01  5.50000000e-01  4.55179297e-07  5.50000000e-01  1.45000000e+00 
 5.60000000e-01  5.60000000e-01  5.60000000e-01  6.55219920e-07  5.60000000e-01  1.45000000e+00 
 5.70000000e-01  5.70000000e-01  5.70000000e-01  9.33615923e-07  5.70000000e-01  1.45000000e+00 
 5.80000000e-01  5.80000000e-01  5.80000000e-01  1.31848408e-06  5.80000000e-01  1.45000000e+00 
 5.90000000e-01  5.90000000e-01  5.90000000e-01  1.84611521e-06  5.90000000e-01  1.45000000e+00 
 6.00000000e-01  6.00000000e-01  6.00000000e-01  2.56133740e-06  6.00000000e-01  1.45000000e+00 
 6.10000000e-01  6.10000000e-01  6.10000000e-01  3.51624038e-06  6.10000000e-01  1.45000000e+00 
 6.20000000e-01  6.20000000e-01  6.20000000e-01  4.76659658e-06  6.20000000e-01  1.45000000e+00 
 6.30000000e-01  6.30000000e-01  6.30000000e-01  6.36603708e-06  6.30000000e-01  1.45000000e+00 
 6.40000000e-01  6.40000000e-01  6.40000000e-01  8.35918435e-06  6.40000000e-01  1.45000000e+00 
 6.50000000e-01  6.50000000e-01  6.50000000e-01  1.07757941e-05  6.50000000e-01  1.45000000e+00 
 6.60000000e-01  6.60000000e-01  6.60000000e-01  1.36277691e-05  6.60000000e-01  1.45000000e+00 
 6.70000000e-01  6.70000000e-01  6.70000000e-01  1.69096955e-05  6.70000000e-01  1.45000000e+00 
 6.80000000e-01  6.80000000e-01  6.80000000e-01  2.06021588e-05  6.80000000e-01  1.45000000e+00 
 6.90000000e-01  6.90000000e-01  6.90000000e-01  2.46763542e-05  6.90000000e-01  1.45000000e+00 
 7.00000000e-01  7.00000000e-01  7.00000000e-01  2.90986122e-05  7.00000000e-01  1.45000000e+00 
 7.10000000e-01  7.10000000e-01  7.10000000e-01  3.38340117e-05  7.10000000e-01  1.45000000e+00 
 7.20000000e-01  7.20000000e-01  7.20000000e-01  3.88488350e-05  7.20000000e-01  1.45000000e+00 
 7.30000000e-01  7.30000000e-01  7.30000000e-01  4.41119773e-05  7.30000000e-01  1.45000000e+00 
 7.40000000e-01  7.40000000e-01  7.40000000e-01  4.95955779e-05  7.40000000e-01  1.45000000e+00 
 7.50000000e-01  7.50000000e-01  7.50000000e-01  5.52751414e-05  7.50000000e-01  1.45000000e+00 
 7.60000000e-01  7.60000000e-01  7.60000000e-01  6.11293684e-05  7.60000000e-01  1.45000000e+00 
 7.70000000e-01  7.70000000e-01  7.70000000e-01  6.71398427e-05  7.70000000e-01  1.45000000e+00 
 7.80000000e-01  7.80000000e-01  7.80000000e-01  7.32906714e-05  7.80000000e-01  1.45000000e+00 
 7.90000000e-01  7.90000000e-01  7.90000000e-01  7.95681279e-05  7.90000000e-01  1.45000000e+00 
 8.00000000e-01  8.00000000e-01  8.00000000e-01  8.59603264e-05  8.00000000e-01  1.45000000e+00 
 8.10000000e-01  8.10000000e-01  8.10000000e-01  9.24569361e-05  8.10000000e-01  1.45000000e+00 
 8.20000000e-01  8.20000000e-01  8.20000000e-01  9.90489383e-05  8.20000000e-01  1.45000000e+00 
 8.30000000e-01  8.30000000e-01  8.30000000e-01  1.05728422e-04  8.30000000e-01  1.45000000e+00 
 8.40000000e-01  8.40000000e-01  8.40000000e-01  1.12488413e-04  8.40000000e-01  1.45000000e+00 
 8.50000000e-01  8.50000000e-01  8.50000000e-01  1.19322735e-04  8.50000000e-01  1.45000000e+00 
 8.60000000e-01  8.60000000e-01  8.60000000e-01  1.26225894e-04  8.60000000e-01  1.45000000e+00 
 8.70000000e-01  8.70000000e-01  8.70000000e-01  1.33192979e-04  8.70000000e-01  1.45000000e+00 
 8.80000000e-01  8.80000000e-01  8.80000000e-01  1.40219584e-04  8.80000000e-01  1.45000000e+00 
 8.90000000e-01  8.90000000e-01  8.90000000e-01  1.47301743e-04  8.90000000e-01  1.45000000e+00 
 9.00000000e-01  9.00000000e-01  9.00000000e-01  1.54435869e-04  9.00000000e-01  1.45000000e+00 
 9.10000000e-01  9.10000000e-01  9.10000000e-01  1.61618712e-04  9.10000000e-01  1.45000000e+00 
 9.20000000e-01  9.20000000e-01  9.20000000e-01  1.68847317e-04  9.20000000e-01  1.45000000e+00 
 9.30000000e-01  9.30000000e-01  9.30000000e-01  1.76118991e-04  9.30000000e-01  1.45000000e+00 
 9.40000000e-01  9.40000000e-01  9.40000000e-01  1.83431270e-04  9.40000000e-01  1.45000000e+00 
 9.50000000e-01  9.50000000e-01  9.50000000e-01  1.90781899e-04  9.50000000e-01  1.45000000e+00 
 9.60000000e-01  9.60000000e-01  9.60000000e-01  1.98168808e-04  9.60000000e-01  1.45000000e+00 
 9.70000000e-01  9.70000000e-01  9.70000000e-01  2.05590089e-04  9.70000000e-01  1.45000000e+00 
 9.80000000e-01  9.80000000e-01  9.80000000e-01  2.13043987e-04  9.80000000e-01  1.45000000e+00 
 9.90000000e-01  9.90000000e-01  9.90000000e-01  2.20528880e-04  9.90000000e-01  1.45000000e+00 
 1.00000000e+00  1.00000000e+00  1.00000000e+00  2.28043271e-04  1.00000000e+00  1.45000000e+00 
 1.01000000e+00  1.01000000e+00  1.01000000e+00  2.35585771e-04  1.01000000e+00  1.45000000e+00 
 1.02000000e+00  1.02000000e+00  1.02000000e+00  2.43155093e-04  1.02000000e+00  1.45000000e+00 
 1.03000000e+00  1.03000000e+00  1.03000000e+00  2.50750041e-04  1.03000000e+00  1.45000000e+00 
 1.04000000e+00  1.04000000e+00  1.04000000e+00  2.58369504e-04  1.04000000e+00  1.45000000e+00 
 1.05000000e+00  1.05000000e+00  1.05000000e+00  2.66012444e-04  1.05000000e+00  1.45000000e+00 
 1.06000000e+00  1.06000000e+00  1.06000000e+00  2.73677898e-04  1.06000000e+00  1.45000000e+00 
 1.07000000e+00  1.07000000e+00  1.07000000e+00  2.81364962e-04  1.07000000e+00  1.45000000e+00 
 1.08000000e+00  1.08000000e+00  1.08000000e+00  2.89072796e-04  1.08000000e+00  1.45000000e+00 
 1.09000000e+00  1.09000000e+00  1.09000000e+00  2.96800611e-04  1.09000000e+00  1.45000000e+00 
 1.10000000e+00  1.10000000e+00  1.10000000e+00  3.04547669e-04  1.10000000e+00  1.45000000e+00 
 1.11000000e+00  1.11000000e+00  1.11000000e+00  3.12313280e-04  1.11000000e+00  1.45000000e+00 
 1.12000000e+00  1.12000000e+00  1.12000000e+00  3.20096793e-04  1.12000000e+00  1.45000000e+00 
 1.13000000e+00  1.13000000e+00  1.13000000e+00  3.27897602e-04  1.13000000e+00  1.45000000e+00 
 1.14000000e+00  1.14000000e+00  1.14000000e+00  3.35715132e-04  1.14000000e+00  1.45000000e+00 
 1.15000000e+00  1.15000000e+00  1.15000000e+00  3.43548846e-04  1.15000000e+00  1.45000000e+00 
 1.16000000e+00  1.16000000e+00  1.16000000e+00  3.51398238e-04  1.16000000e+00  1.45000000e+00 
 1.17000000e+00  1.17000000e+00  1.17000000e+00  3.59262831e-04  1.17000000e+00  1.45000000e+00 
 1.18000000e+00  1.18000000e+00  1.18000000e+00  3.67142175e-04  1.18000000e+00  1.45000000e+00 
 1.19000000e+00  1.19000000e+00  1.19000000e+00  3.75035846e-04  1.19000000e+00  1.45000000e+00 
 1.20000000e+00  1.20000000e+00  1.20000000e+00  3.82943445e-04  1.20000000e+00  1.45000000e+00 
 1.21000000e+00  1.21000000e+00  1.21000000e+00  3.90864595e-04  1.21000000e+00  1.45000000e+00 
 1.22000000e+00  1.22000000e+00  1.22000000e+00  3.98798938e-04  1.22000000e+00  1.45000000e+00 
 1.23000000e+00  1.23000000e+00  1.23000000e+00  4.06746138e-04  1.23000000e+00  1.45000000e+00 
 1.24000000e+00  1.24000000e+00  1.24000000e+00  4.14705876e-04  1.24000000e+00  1.45000000e+00 
 1.25000000e+00  1.25000000e+00  1.25000000e+00  4.22677851e-04  1.25000000e+00  1.45000000e+00 
 1.26000000e+00  1.26000000e+00  1.26000000e+00  4.30661777e-04  1.26000000e+00  1.45000000e+00 
 1.27000000e+00  1.27000000e+00  1.27000000e+00  4.38657386e-04  1.27000000e+00  1.45000000e+00 
 1.28000000e+00  1.28000000e+00  1.28000000e+00  4.46664421e-04  1.28000000e+00  1.45000000e+00 
 1.29000000e+00  1.29000000e+00  1.29000000e+00  4.54682640e-04  1.29000000e+00  1.45000000e+00 
 1.30000000e+00  1.30000000e+00  1.30000000e+00  4.62711814e-04  1.30000000e+00  1.45000000e+00 
 1.31000000e+00  1.31000000e+00  1.31000000e+00  4.70751726e-04  1.31000000e+00  1.45000000e+00 
 1.32000000e+00  1.32000000e+00  1.32000000e+00  4.78802169e-04  1.32000000e+00  1.45000000e+00 
 1.33000000e+00  1.33000000e+00  1.33000000e+00  4.86862949e-04  1.33000000e+00  1.45000000e+00 
 1.34000000e+00  1.34000000e+00  1.34000000e+00  4.94933879e-04  1.34000000e+00  1.45000000e+00 
 1.35000000e+00  1.35000000e+00  1.35000000e+00  5.03014785e-04  1.35000000e+00  1.45000000e+00 
 1.36000000e+00  1.36000000e+00  1.36000000e+00  5.11105500e-04  1.36000000e+00  1.45000000e+00 
 1.37000000e+00  1.37000000e+00  1.37000000e+00  5.19205865e-04  1.37000000e+00  1.45000000e+00 
 1.38000000e+00  1.38000000e+00  1.38000000e+00  5.27315730e-04  1.38000000e+00  1.45000000e+00 
 1.39000000e+00  1.39000000e+00  1.39000000e+00  5.35434955e-04  1.39000000e+00  1.45000000e+00 
 1.40000000e+00  1.40000000e+00  1.40000000e+00  5.43563402e-04  1.40000000e+00  1.45000000e+00 
 1.41000000e+00  1.41000000e+00  1.41000000e+00  5.51700946e-04  1.41000000e+00  1.45000000e+00 
 1.42000000e+00  1.42000000e+00  1.42000000e+00  5.59847463e-04  1.42000000e+00  1.45000000e+00 
 1.43000000e+00  1.43000000e+00  1.43000000e+00  5.68002840e-04  1.43000000e+00  1.45000000e+00 
 1.44000000e+00  1.44000000e+00  1.44000000e+00  5.76166967e-04  1.44000000e+00  1.45000000e+00 
 1.45000000e+00  1.45000000e+00  1.45000000e+00  5.84339741e-04  1.45000000e+00  1.45000000e+00 
 1.46000000e+00  1.46000000e+00  1.46000000e+00  5.92521064e-04  1.46000000e+00  1.45000000e+00 
 1.47000000e+00  1.47000000e+00  1.47000000e+00  6.00710842e-04  1.47000000e+00  1.45000000e+00 
 1.48000000e+00  1.48000000e+00  1.48000000e+00  6.08908988e-04  1.48000000e+00  1.45000000e+00 
 1.49000000e+00  1.49000000e+00  1.49000000e+00  6.17115419e-04  1.49000000e+00  1.45000000e+00 
 1.50000000e+00  1.50000000e+00  1.50000000e+00  6.25330056e-04  1.50000000e+00  1.45000000e+00 
 1.51000000e+00  1.51000000e+00  1.51000000e+00  6.33552825e-04  1.51000000e+00  1.45000000e+00 
 1.52000000e+00  1.52000000e+00  1.52000000e+00  6.41783654e-04  1.52000000e+00  1.45000000e+00 
 1.53000000e+00  1.53000000e+00  1.53000000e+00  6.50022478e-04  1.53000000e+00  1.45000000e+00 
 1.54000000e+00  1.54000000e+00  1.54000000e+00  6.58269235e-04  1.54000000e+00  1.45000000e+00 
 1.55000000e+00  1.55000000e+00  1.55000000e+00  6.66523863e-04  1.55000000e+00  1.45000000e+00 
 1.56000000e+00  1.56000000e+00  1.56000000e+00  6.74786309e-04  1.56000000e+00  1.45000000e+00 
 1.57000000e+00  1.57000000e+00  1.57000000e+00  6.83056518e-04  1.57000000e+00  1.45000000e+00 
 1.58000000e+00  1.58000000e+00  1.58000000e+00  6.91334443e-04  1.58000000e+00  1.45000000e+00 
 1.59000000e+00  1.59000000e+00  1.59000000e+00  6.99620036e-04  1.59000000e+00  1.45000000e+00 
 1.60000000e+00  1.60000000e+00  1.60000000e+00  7.07913254e-04  1.60000000e+00  1.45000000e+00 
 1.61000000e+00  1.61000000e+00  1.61000000e+00  7.16214056e-04  1.61000000e+00  1.45000000e+00 
 1.62000000e+00  1.62000000e+00  1.62000000e+00  7.24522404e-04  1.62000000e+00  1.45000000e+00 
 1.63000000e+00  1.63000000e+00  1.63000000e+00  7.32838262e-04  1.63000000e+00  1.45000000e+00 
 1.64000000e+00  1.64000000e+00  1.64000000e+00  7.41161598e-04  1.64000000e+00  1.45000000e+00 
 1.65000000e+00  1.65000000e+00  1.65000000e+00  7.49492380e-04  1.65000000e+00  1.45000000e+00 
 1.66000000e+00  1.66000000e+00  1.66000000e+00  7.57830579e-04  1.66000000e+00  1.45000000e+00 
 1.67000000e+00  1.67000000e+00  1.67000000e+00  7.66176169e-04  1.67000000e+00  1.45000000e+00 
 1.68000000e+00  1.68000000e+00  1.68000000e+00  7.74529126e-04  1.68000000e+00  1.45000000e+00 
 1.69000000e+00  1.69000000e+00  1.69000000e+00  7.82889427e-04  1.69000000e+00  1.45000000e+00 
 1.70000000e+00  1.70000000e+00  1.70000000e+00  7.91257052e-04  1.70000000e+00  1.45000000e+00 
 1.71000000e+00  1.71000000e+00  1.71000000e+00  7.99631982e-04  1.71000000e+00  1.45000000e+00 
 1.72000000e+00  1.72000000e+00  1.72000000e+00  8.08014200e-04  1.72000000e+00  1.45000000e+00 
 1.73000000e+00  1.73000000e+00  1.73000000e+00  8.16403690e-04  1.73000000e+00  1.45000000e+00 
 1.74000000e+00  1.74000000e+00  1.74000000e+00  8.24800440e-04  1.74000000e+00  1.45000000e+00 
 1.75000000e+00  1.75000000e+00  1.75000000e+00  8.33204437e-04  1.75000000e+00  1.45000000e+00 
 1.76000000e+00  1.76000000e+00  1.76000000e+00  8.41615670e-04  1.76000000e+00  1.45000000e+00 
 1.77000000e+00  1.77000000e+00  1.77000000e+00  8.50034131e-04  1.77000000e+00  1.45000000e+00 
 1.78000000e+00  1.78000000e+00  1.78000000e+00  8.58459811e-04  1.78000000e+00  1.45000000e+00 
 1.79000000e+00  1.79000000e+00  1.79000000e+00  8.66892705e-04  1.79000000e+00  1.45000000e+00 
 1.80000000e+00  1.80000000e+00  1.80000000e+00  8.75332807e-04  1.80000000e+00  1.45000000e+00 
 1.81000000e+00  1.81000000e+00  1.81000000e+00  8.83780113e-04  1.81000000e+00  1.45000000e+00 
 1.82000000e+00  1.82000000e+00  1.82000000e+00  8.92234622e-04  1.82000000e+00  1.45000000e+00 
 1.83000000e+00  1.83000000e+00  1.83000000e+00  9.00696331e-04  1.83000000e+00  1.45000000e+00 
 1.84000000e+00  1.84000000e+00  1.84000000e+00  9.09165241e-04  1.84000000e+00  1.45000000e+00 
 1.85000000e+00  1.85000000e+00  1.85000000e+00  9.17641351e-04  1.85000000e+00  1.45000000e+00 
