 0.00000000e+00  0.00000000e+00  0.00000000e+00  6.49715633e-22  0.00000000e+00  1.85000000e+00 
 1.00000000e-02  1.00000000e-02  1.00000000e-02  1.26182206e-21  1.00000000e-02  1.85000000e+00 
 2.00000000e-02  2.00000000e-02  2.00000000e-02  2.45060266e-21  2.00000000e-02  1.85000000e+00 
 3.00000000e-02  3.00000000e-02  3.00000000e-02  4.75935043e-21  3.00000000e-02  1.85000000e+00 
 4.00000000e-02  4.00000000e-02  4.00000000e-02  9.24320179e-21  4.00000000e-02  1.85000000e+00 
 5.00000000e-02  5.00000000e-02  5.00000000e-02  1.79513532e-20  5.00000000e-02  1.85000000e+00 
 6.00000000e-02  6.00000000e-02  6.00000000e-02  3.48635743e-20  6.00000000e-02  1.85000000e+00 
 7.00000000e-02  7.00000000e-02  7.00000000e-02  6.77090323e-20  7.00000000e-02  1.85000000e+00 
 8.00000000e-02  8.00000000e-02  8.00000000e-02  1.31498638e-19  8.00000000e-02  1.85000000e+00 
 9.00000000e-02  9.00000000e-02  9.00000000e-02  2.55385272e-19  9.00000000e-02  1.85000000e+00 
 1.00000000e-01  1.00000000e-01  1.00000000e-01  4.95987066e-19  1.00000000e-01  1.85000000e+00 
 1.10000000e-01  1.10000000e-01  1.10000000e-01  9.63262688e-19  1.10000000e-01  1.85000000e+00 
 1.20000000e-01  1.20000000e-01  1.20000000e-01  1.87076381e-18  1.20000000e-01  1.85000000e+00 
 1.30000000e-01  1.30000000e-01  1.30000000e-01  3.63323054e-18  1.30000000e-01  1.85000000e+00 
 1.40000000e-01  1.40000000e-01  1.40000000e-01  7.05613096e-18  1.40000000e-01  1.85000000e+00 
 1.50000000e-01  1.50000000e-01  1.50000000e-01  1.37037638e-17  1.50000000e-01  1.85000000e+00 
 1.60000000e-01  1.60000000e-01  1.60000000e-01  2.66141426e-17  1.60000000e-01  1.85000000e+00 
 1.70000000e-01  1.70000000e-01  1.70000000e-01  5.16873459e-17  1.70000000e-01  1.85000000e+00 
 1.80000000e-01  1.80000000e-01  1.80000000e-01  1.00381755e-16  1.80000000e-01  1.85000000e+00 
 1.90000000e-01  1.90000000e-01  1.90000000e-01  1.94950190e-16  1.90000000e-01  1.85000000e+00 
 2.00000000e-01  2.00000000e-01  2.00000000e-01  3.78608368e-16  2.00000000e-01  1.85000000e+00 
 2.10000000e-01  2.10000000e-01  2.10000000e-01  7.35281273e-16  2.10000000e-01  1.85000000e+00 
 2.20000000e-01  2.20000000e-01  2.20000000e-01  1.42794761e-15  2.20000000e-01  1.85000000e+00 
 2.30000000e-01  2.30000000e-01  2.30000000e-01  2.77309489e-15  2.30000000e-01  1.85000000e+00 
 2.40000000e-01  2.40000000e-01  2.40000000e-01  5.38528130e-15  2.40000000e-01  1.85000000e+00 
 2.50000000e-01  2.50000000e-01  2.50000000e-01  1.04577873e-14  2.50000000e-01  1.85000000e+00 
 2.60000000e-01  2.60000000e-01  2.60000000e-01  2.03073916e-14  2.60000000e-01  1.85000000e+00 
 2.70000000e-01  2.70000000e-01  2.70000000e-01  3.94316270e-14  2.70000000e-01  1.85000000e+00 
 2.80000000e-01  2.80000000e-01  2.80000000e-01  7.65600342e-14  2.80000000e-01  1.85000000e+00 
 2.90000000e-01  2.90000000e-01  2.90000000e-01  1.48632367e-13  2.90000000e-01  1.85000000e+00 
 3.00000000e-01  3.00000000e-01  3.00000000e-01  2.88509692e-13  3.00000000e-01  1.85000000e+00 
 3.10000000e-01  3.10000000e-01  3.10000000e-01  5.59909666e-13  3.10000000e-01  1.85000000e+00 
 3.20000000e-01  3.20000000e-01  3.20000000e-01  1.08630317e-12  3.20000000e-01  1.85000000e+00 
 3.30000000e-01  3.30000000e-01  3.30000000e-01  2.10674038e-12  3.30000000e-01  1.85000000e+00 
 3.40000000e-01  3.40000000e-01  3.40000000e-01  4.08348019e-12  3.40000000e-01  1.85000000e+00 
 3.50000000e-01  3.50000000e-01  3.50000000e-01  7.90889898e-12  3.50000000e-01  1.85000000e+00 
 3.60000000e-01  3.60000000e-01  3.60000000e-01  1.53016743e-11  3.60000000e-01  1.85000000e+00 
 3.70000000e-01  3.70000000e-01  3.70000000e-01  2.95612058e-11  3.70000000e-01  1.85000000e+00 
 3.80000000e-01  3.80000000e-01  3.80000000e-01  5.69932484e-11  3.80000000e-01  1.85000000e+00 
 3.90000000e-01  3.90000000e-01  3.90000000e-01  1.09575611e-10  3.90000000e-01  1.85000000e+00 
 4.00000000e-01  4.00000000e-01  4.00000000e-01  2.09870588e-10  4.00000000e-01  1.85000000e+00 
 4.10000000e-01  4.10000000e-01  4.10000000e-01  3.99899134e-10  4.10000000e-01  1.85000000e+00 
 4.20000000e-01  4.20000000e-01  4.20000000e-01  7.56743046e-10  4.20000000e-01  1.85000000e+00 
 4.30000000e-01  4.30000000e-01  4.30000000e-01  1.41899190e-09  4.30000000e-01  1.85000000e+00 
 4.40000000e-01  4.40000000e-01  4.40000000e-01  2.62944711e-09  4.40000000e-01  1.85000000e+00 
 4.50000000e-01  4.50000000e-01  4.50000000e-01  4.79984837e-09  4.50000000e-01  1.85000000e+00 
 4.60000000e-01  4.60000000e-01  4.60000000e-01  8.60145721e-09  4.60000000e-01  1.85000000e+00 
 4.70000000e-01  4.70000000e-01  4.70000000e-01  1.50803839e-08  4.70000000e-01  1.85000000e+00 
 4.80000000e-01  4.80000000e-01  4.80000000e-01  2.57907522e-08  4.80000000e-01  1.85000000e+00 
 4.90000000e-01  4.90000000e-01  4.90000000e-01  4.29388500e-08  4.90000000e-01  1.85000000e+00 
 5.00000000e-01  5.00000000e-01  5.00000000e-01  6.95448663e-08  5.00000000e-01  1.85000000e+00 
 5.10000000e-01  5.10000000e-01  5.10000000e-01  1.09654517e-07  5.10000000e-01  1.85000000e+00 
 5.20000000e-01  5.20000000e-01  5.20000000e-01  1.68656253e-07  5.20000000e-01  1.85000000e+00 
 5.30000000e-01  5.30000000e-01  5.30000000e-01  2.53764561e-07  5.30000000e-01  1.85000000e+00 
 5.40000000e-01  5.40000000e-01  5.40000000e-01  3.74714855e-07  5.40000000e-01  1.85000000e+00 
 5.50000000e-01  5.50000000e-01  5.50000000e-01  5.44691443e-07  5.50000000e-01  1.85000000e+00 
 5.60000000e-01  5.60000000e-01  5.60000000e-01  7.81479498e-07  5.60000000e-01  1.85000000e+00 
 5.70000000e-01  5.70000000e-01  5.70000000e-01  1.10877628e-06  5.70000000e-01  1.85000000e+00 
 5.80000000e-01  5.80000000e-01  5.80000000e-01  1.55748356e-06  5.80000000e-01  1.85000000e+00 
 5.90000000e-01  5.90000000e-01  5.90000000e-01  2.16661188e-06  5.90000000e-01  1.85000000e+00 
 6.00000000e-01  6.00000000e-01  6.00000000e-01  2.98319260e-06  6.00000000e-01  1.85000000e+00 
 6.10000000e-01  6.10000000e-01  6.10000000e-01  4.06046417e-06  6.10000000e-01  1.85000000e+00 
 6.20000000e-01  6.20000000e-01  6.20000000e-01  5.45382659e-06  6.20000000e-01  1.85000000e+00 
 6.30000000e-01  6.30000000e-01  6.30000000e-01  7.21482181e-06  6.30000000e-01  1.85000000e+00 
 6.40000000e-01  6.40000000e-01  6.40000000e-01  9.38447040e-06  6.40000000e-01  1.85000000e+00 
 6.50000000e-01  6.50000000e-01  6.50000000e-01  1.19879762e-05  6.50000000e-01  1.85000000e+00 
 6.60000000e-01  6.60000000e-01  6.60000000e-01  1.50324623e-05  6.60000000e-01  1.85000000e+00 
 6.70000000e-01  6.70000000e-01  6.70000000e-01  1.85081497e-05  6.70000000e-01  1.85000000e+00 
 6.80000000e-01  6.80000000e-01  6.80000000e-01  2.23920776e-05  6.80000000e-01  1.85000000e+00 
 6.90000000e-01  6.90000000e-01  6.90000000e-01  2.66528594e-05  6.90000000e-01  1.85000000e+00 
 7.00000000e-01  7.00000000e-01  7.00000000e-01  3.12551546e-05  7.00000000e-01  1.85000000e+00 
 7.10000000e-01  7.10000000e-01  7.10000000e-01  3.61631256e-05  7.10000000e-01  1.85000000e+00 
 7.20000000e-01  7.20000000e-01  7.20000000e-01  4.13427034e-05  7.20000000e-01  1.85000000e+00 
 7.30000000e-01  7.30000000e-01  7.30000000e-01  4.67628237e-05  7.30000000e-01  1.85000000e+00 
 7.40000000e-01  7.40000000e-01  7.40000000e-01  5.23959167e-05  7.40000000e-01  1.85000000e+00 
 7.50000000e-01  7.50000000e-01  7.50000000e-01  5.82179240e-05  7.50000000e-01  1.85000000e+00 
 7.60000000e-01  7.60000000e-01  7.60000000e-01  6.42080562e-05  7.60000000e-01  1.85000000e+00 
 7.70000000e-01  7.70000000e-01  7.70000000e-01  7.03484317e-05  7.70000000e-01  1.85000000e+00 
 7.80000000e-01  7.80000000e-01  7.80000000e-01  7.66236862e-05  7.80000000e-01  1.85000000e+00 
 7.90000000e-01  7.90000000e-01  7.90000000e-01  8.30205984e-05  7.90000000e-01  1.85000000e+00 
 8.00000000e-01  8.00000000e-01  8.00000000e-01  8.95277542e-05  8.00000000e-01  1.85000000e+00 
 8.10000000e-01  8.10000000e-01  8.10000000e-01  9.61352572e-05  8.10000000e-01  1.85000000e+00 
 8.20000000e-01  8.20000000e-01  8.20000000e-01  1.02834484e-04  8.20000000e-01  1.85000000e+00 
 8.30000000e-01  8.30000000e-01  8.30000000e-01  1.09617883e-04  8.30000000e-01  1.85000000e+00 
 8.40000000e-01  8.40000000e-01  8.40000000e-01  1.16478803e-04  8.40000000e-01  1.85000000e+00 
 8.50000000e-01  8.50000000e-01  8.50000000e-01  1.23411358e-04  8.50000000e-01  1.85000000e+00 
 8.60000000e-01  8.60000000e-01  8.60000000e-01  1.30410315e-04  8.60000000e-01  1.85000000e+00 
 8.70000000e-01  8.70000000e-01  8.70000000e-01  1.37470999e-04  8.70000000e-01  1.85000000e+00 
 8.80000000e-01  8.80000000e-01  8.80000000e-01  1.44589213e-04  8.80000000e-01  1.85000000e+00 
 8.90000000e-01  8.90000000e-01  8.90000000e-01  1.51761181e-04  8.90000000e-01  1.85000000e+00 
 9.00000000e-01  9.00000000e-01  9.00000000e-01  1.58983485e-04  9.00000000e-01  1.85000000e+00 
 9.10000000e-01  9.10000000e-01  9.10000000e-01  1.66253030e-04  9.10000000e-01  1.85000000e+00 
 9.20000000e-01  9.20000000e-01  9.20000000e-01  1.73566999e-04  9.20000000e-01  1.85000000e+00 
 9.30000000e-01  9.30000000e-01  9.30000000e-01  1.80922821e-04  9.30000000e-01  1.85000000e+00 
 9.40000000e-01  9.40000000e-01  9.40000000e-01  1.88318148e-04  9.40000000e-01  1.85000000e+00 
 9.50000000e-01  9.50000000e-01  9.50000000e-01  1.95750825e-04  9.50000000e-01  1.85000000e+00 
 9.60000000e-01  9.60000000e-01  9.60000000e-01  2.03218875e-04  9.60000000e-01  1.85000000e+00 
 9.70000000e-01  9.70000000e-01  9.70000000e-01  2.10720475e-04  9.70000000e-01  1.85000000e+00 
 9.80000000e-01  9.80000000e-01  9.80000000e-01  2.18253946e-04  9.80000000e-01  1.85000000e+00 
 9.90000000e-01  9.90000000e-01  9.90000000e-01  2.25817737e-04  9.90000000e-01  1.85000000e+00 
 1.00000000e+00  1.00000000e+00  1.00000000e+00  2.33410413e-04  1.00000000e+00  1.85000000e+00 
 1.01000000e+00  1.01000000e+00  1.01000000e+00  2.41030645e-04  1.01000000e+00  1.85000000e+00 
 1.02000000e+00  1.02000000e+00  1.02000000e+00  2.48677200e-04  1.02000000e+00  1.85000000e+00 
 1.03000000e+00  1.03000000e+00  1.03000000e+00  2.56348930e-04  1.03000000e+00  1.85000000e+00 
 1.04000000e+00  1.04000000e+00  1.04000000e+00  2.64044770e-04  1.04000000e+00  1.85000000e+00 
 1.05000000e+00  1.05000000e+00  1.05000000e+00  2.71763725e-04  1.05000000e+00  1.85000000e+00 
 1.06000000e+00  1.06000000e+00  1.06000000e+00  2.79504869e-04  1.06000000e+00  1.85000000e+00 
 1.07000000e+00  1.07000000e+00  1.07000000e+00  2.87267335e-04  1.07000000e+00  1.85000000e+00 
 1.08000000e+00  1.08000000e+00  1.08000000e+00  2.95050316e-04  1.08000000e+00  1.85000000e+00 
 1.09000000e+00  1.09000000e+00  1.09000000e+00  3.02853052e-04  1.09000000e+00  1.85000000e+00 
 1.10000000e+00  1.10000000e+00  1.10000000e+00  3.10674837e-04  1.10000000e+00  1.85000000e+00 
 1.11000000e+00  1.11000000e+00  1.11000000e+00  3.18515005e-04  1.11000000e+00  1.85000000e+00 
 1.12000000e+00  1.12000000e+00  1.12000000e+00  3.26372931e-04  1.12000000e+00  1.85000000e+00 
 1.13000000e+00  1.13000000e+00  1.13000000e+00  3.34248032e-04  1.13000000e+00  1.85000000e+00 
 1.14000000e+00  1.14000000e+00  1.14000000e+00  3.42139755e-04  1.14000000e+00  1.85000000e+00 
 1.15000000e+00  1.15000000e+00  1.15000000e+00  3.50047584e-04  1.15000000e+00  1.85000000e+00 
 1.16000000e+00  1.16000000e+00  1.16000000e+00  3.57971032e-04  1.16000000e+00  1.85000000e+00 
 1.17000000e+00  1.17000000e+00  1.17000000e+00  3.65909639e-04  1.17000000e+00  1.85000000e+00 
 1.18000000e+00  1.18000000e+00  1.18000000e+00  3.73862973e-04  1.18000000e+00  1.85000000e+00 
 1.19000000e+00  1.19000000e+00  1.19000000e+00  3.81830627e-04  1.19000000e+00  1.85000000e+00 
 1.20000000e+00  1.20000000e+00  1.20000000e+00  3.89812217e-04  1.20000000e+00  1.85000000e+00 
 1.21000000e+00  1.21000000e+00  1.21000000e+00  3.97807379e-04  1.21000000e+00  1.85000000e+00 
 1.22000000e+00  1.22000000e+00  1.22000000e+00  4.05815770e-04  1.22000000e+00  1.85000000e+00 
 1.23000000e+00  1.23000000e+00  1.23000000e+00  4.13837066e-04  1.23000000e+00  1.85000000e+00 
 1.24000000e+00  1.24000000e+00  1.24000000e+00  4.21870962e-04  1.24000000e+00  1.85000000e+00 
 1.25000000e+00  1.25000000e+00  1.25000000e+00  4.29917169e-04  1.25000000e+00  1.85000000e+00 
 1.26000000e+00  1.26000000e+00  1.26000000e+00  4.37975411e-04  1.26000000e+00  1.85000000e+00 
 1.27000000e+00  1.27000000e+00  1.27000000e+00  4.46045431e-04  1.27000000e+00  1.85000000e+00 
 1.28000000e+00  1.28000000e+00  1.28000000e+00  4.54126983e-04  1.28000000e+00  1.85000000e+00 
 1.29000000e+00  1.29000000e+00  1.29000000e+00  4.62219835e-04  1.29000000e+00  1.85000000e+00 
 1.30000000e+00  1.30000000e+00  1.30000000e+00  4.70323767e-04  1.30000000e+00  1.85000000e+00 
 1.31000000e+00  1.31000000e+00  1.31000000e+00  4.78438572e-04  1.31000000e+00  1.85000000e+00 
 1.32000000e+00  1.32000000e+00  1.32000000e+00  4.86564051e-04  1.32000000e+00  1.85000000e+00 
 1.33000000e+00  1.33000000e+00  1.33000000e+00  4.94700020e-04  1.33000000e+00  1.85000000e+00 
 1.34000000e+00  1.34000000e+00  1.34000000e+00  5.02846299e-04  1.34000000e+00  1.85000000e+00 
 1.35000000e+00  1.35000000e+00  1.35000000e+00  5.11002722e-04  1.35000000e+00  1.85000000e+00 
 1.36000000e+00  1.36000000e+00  1.36000000e+00  5.19169131e-04  1.36000000e+00  1.85000000e+00 
 1.37000000e+00  1.37000000e+00  1.37000000e+00  5.27345374e-04  1.37000000e+00  1.85000000e+00 
 1.38000000e+00  1.38000000e+00  1.38000000e+00  5.35531309e-04  1.38000000e+00  1.85000000e+00 
 1.39000000e+00  1.39000000e+00  1.39000000e+00  5.43726802e-04  1.39000000e+00  1.85000000e+00 
 1.40000000e+00  1.40000000e+00  1.40000000e+00  5.51931723e-04  1.40000000e+00  1.85000000e+00 
 1.41000000e+00  1.41000000e+00  1.41000000e+00  5.60145953e-04  1.41000000e+00  1.85000000e+00 
 1.42000000e+00  1.42000000e+00  1.42000000e+00  5.68369376e-04  1.42000000e+00  1.85000000e+00 
 1.43000000e+00  1.43000000e+00  1.43000000e+00  5.76601884e-04  1.43000000e+00  1.85000000e+00 
 1.44000000e+00  1.44000000e+00  1.44000000e+00  5.84843375e-04  1.44000000e+00  1.85000000e+00 
 1.45000000e+00  1.45000000e+00  1.45000000e+00  5.93093750e-04  1.45000000e+00  1.85000000e+00 
 1.46000000e+00  1.46000000e+00  1.46000000e+00  6.01352919e-04  1.46000000e+00  1.85000000e+00 
 1.47000000e+00  1.47000000e+00  1.47000000e+00  6.09620795e-04  1.47000000e+00  1.85000000e+00 
 1.48000000e+00  1.48000000e+00  1.48000000e+00  6.17897296e-04  1.48000000e+00  1.85000000e+00 
 1.49000000e+00  1.49000000e+00  1.49000000e+00  6.26182344e-04  1.49000000e+00  1.85000000e+00 
 1.50000000e+00  1.50000000e+00  1.50000000e+00  6.34475866e-04  1.50000000e+00  1.85000000e+00 
 1.51000000e+00  1.51000000e+00  1.51000000e+00  6.42777794e-04  1.51000000e+00  1.85000000e+00 
 1.52000000e+00  1.52000000e+00  1.52000000e+00  6.51088064e-04  1.52000000e+00  1.85000000e+00 
 1.53000000e+00  1.53000000e+00  1.53000000e+00  6.59406613e-04  1.53000000e+00  1.85000000e+00 
 1.54000000e+00  1.54000000e+00  1.54000000e+00  6.67733386e-04  1.54000000e+00  1.85000000e+00 
 1.55000000e+00  1.55000000e+00  1.55000000e+00  6.76068327e-04  1.55000000e+00  1.85000000e+00 
 1.56000000e+00  1.56000000e+00  1.56000000e+00  6.84411388e-04  1.56000000e+00  1.85000000e+00 
 1.57000000e+00  1.57000000e+00  1.57000000e+00  6.92762521e-04  1.57000000e+00  1.85000000e+00 
 1.58000000e+00  1.58000000e+00  1.58000000e+00  7.01121681e-04  1.58000000e+00  1.85000000e+00 
 1.59000000e+00  1.59000000e+00  1.59000000e+00  7.09488829e-04  1.59000000e+00  1.85000000e+00 
 1.60000000e+00  1.60000000e+00  1.60000000e+00  7.17863924e-04  1.60000000e+00  1.85000000e+00 
 1.61000000e+00  1.61000000e+00  1.61000000e+00  7.26246933e-04  1.61000000e+00  1.85000000e+00 
 1.62000000e+00  1.62000000e+00  1.62000000e+00  7.34637822e-04  1.62000000e+00  1.85000000e+00 
 1.63000000e+00  1.63000000e+00  1.63000000e+00  7.43036561e-04  1.63000000e+00  1.85000000e+00 
 1.64000000e+00  1.64000000e+00  1.64000000e+00  7.51443122e-04  1.64000000e+00  1.85000000e+00 
 1.65000000e+00  1.65000000e+00  1.65000000e+00  7.59857479e-04  1.65000000e+00  1.85000000e+00 
 1.66000000e+00  1.66000000e+00  1.66000000e+00  7.68279609e-04  1.66000000e+00  1.85000000e+00 
 1.67000000e+00  1.67000000e+00  1.67000000e+00  7.76709490e-04  1.67000000e+00  1.85000000e+00 
 1.68000000e+00  1.68000000e+00  1.68000000e+00  7.85147104e-04  1.68000000e+00  1.85000000e+00 
 1.69000000e+00  1.69000000e+00  1.69000000e+00  7.93592433e-04  1.69000000e+00  1.85000000e+00 
 1.70000000e+00  1.70000000e+00  1.70000000e+00  8.02045461e-04  1.70000000e+00  1.85000000e+00 
 1.71000000e+00  1.71000000e+00  1.71000000e+00  8.10506176e-04  1.71000000e+00  1.85000000e+00 
 1.72000000e+00  1.72000000e+00  1.72000000e+00  8.18974566e-04  1.72000000e+00  1.85000000e+00 
 1.73000000e+00  1.73000000e+00  1.73000000e+00  8.27450619e-04  1.73000000e+00  1.85000000e+00 
 1.74000000e+00  1.74000000e+00  1.74000000e+00  8.35934329e-04  1.74000000e+00  1.85000000e+00 
 1.75000000e+00  1.75000000e+00  1.75000000e+00  8.44425689e-04  1.75000000e+00  1.85000000e+00 
 1.76000000e+00  1.76000000e+00  1.76000000e+00  8.52924692e-04  1.76000000e+00  1.85000000e+00 
 1.77000000e+00  1.77000000e+00  1.77000000e+00  8.61431336e-04  1.77000000e+00  1.85000000e+00 
 1.78000000e+00  1.78000000e+00  1.78000000e+00  8.69945618e-04  1.78000000e+00  1.85000000e+00 
 1.79000000e+00  1.79000000e+00  1.79000000e+00  8.78467536e-04  1.79000000e+00  1.85000000e+00 
 1.80000000e+00  1.80000000e+00  1.80000000e+00  8.86997092e-04  1.80000000e+00  1.85000000e+00 
 1.81000000e+00  1.81000000e+00  1.81000000e+00  8.95534286e-04  1.81000000e+00  1.85000000e+00 
 1.82000000e+00  1.82000000e+00  1.82000000e+00  9.04079122e-04  1.82000000e+00  1.85000000e+00 
 1.83000000e+00  1.83000000e+00  1.83000000e+00  9.12631604e-04  1.83000000e+00  1.85000000e+00 
 1.84000000e+00  1.84000000e+00  1.84000000e+00  9.21191737e-04  1.84000000e+00  1.85000000e+00 
 1.85000000e+00  1.85000000e+00  1.85000000e+00  9.29759526e-04  1.85000000e+00  1.85000000e+00 
