 0.00000000e+00  1.85000000e+00  0.00000000e+00 -1.04204126e-17  0.00000000e+00  1.85000000e+00 
-1.00000000e-02  1.84000000e+00 -1.00000000e-02 -1.30139449e-17 -1.00000000e-02  1.85000000e+00 
-2.00000000e-02  1.83000000e+00 -2.00000000e-02 -1.62529795e-17 -2.00000000e-02  1.85000000e+00 
-3.00000000e-02  1.82000000e+00 -3.00000000e-02 -2.02981748e-17 -3.00000000e-02  1.85000000e+00 
-4.00000000e-02  1.81000000e+00 -4.00000000e-02 -2.53501750e-17 -4.00000000e-02  1.85000000e+00 
-5.00000000e-02  1.80000000e+00 -5.00000000e-02 -3.16595622e-17 -5.00000000e-02  1.85000000e+00 
-6.00000000e-02  1.79000000e+00 -6.00000000e-02 -3.95392853e-17 -6.00000000e-02  1.85000000e+00 
-7.00000000e-02  1.78000000e+00 -7.00000000e-02 -4.93801819e-17 -7.00000000e-02  1.85000000e+00 
-8.00000000e-02  1.77000000e+00 -8.00000000e-02 -6.16703642e-17 -8.00000000e-02  1.85000000e+00 
-9.00000000e-02  1.76000000e+00 -9.00000000e-02 -7.70194287e-17 -9.00000000e-02  1.85000000e+00 
-1.00000000e-01  1.75000000e+00 -1.00000000e-01 -9.61886922e-17 -1.00000000e-01  1.85000000e+00 
-1.10000000e-01  1.74000000e+00 -1.10000000e-01 -1.20128952e-16 -1.10000000e-01  1.85000000e+00 
-1.20000000e-01  1.73000000e+00 -1.20000000e-01 -1.50027643e-16 -1.20000000e-01  1.85000000e+00 
-1.30000000e-01  1.72000000e+00 -1.30000000e-01 -1.87367738e-16 -1.30000000e-01  1.85000000e+00 
-1.40000000e-01  1.71000000e+00 -1.40000000e-01 -2.34001292e-16 -1.40000000e-01  1.85000000e+00 
-1.50000000e-01  1.70000000e+00 -1.50000000e-01 -2.92241310e-16 -1.50000000e-01  1.85000000e+00 
-1.60000000e-01  1.69000000e+00 -1.60000000e-01 -3.64976457e-16 -1.60000000e-01  1.85000000e+00 
-1.70000000e-01  1.68000000e+00 -1.70000000e-01 -4.55814336e-16 -1.70000000e-01  1.85000000e+00 
-1.80000000e-01  1.67000000e+00 -1.80000000e-01 -5.69260409e-16 -1.80000000e-01  1.85000000e+00 
-1.90000000e-01  1.66000000e+00 -1.90000000e-01 -7.10941449e-16 -1.90000000e-01  1.85000000e+00 
-2.00000000e-01  1.65000000e+00 -2.00000000e-01 -8.87884608e-16 -2.00000000e-01  1.85000000e+00 
-2.10000000e-01  1.64000000e+00 -2.10000000e-01 -1.10886593e-15 -2.10000000e-01  1.85000000e+00 
-2.20000000e-01  1.63000000e+00 -2.20000000e-01 -1.38484557e-15 -2.20000000e-01  1.85000000e+00 
-2.30000000e-01  1.62000000e+00 -2.30000000e-01 -1.72951140e-15 -2.30000000e-01  1.85000000e+00 
-2.40000000e-01  1.61000000e+00 -2.40000000e-01 -2.15995776e-15 -2.40000000e-01  1.85000000e+00 
-2.50000000e-01  1.60000000e+00 -2.50000000e-01 -2.69753324e-15 -2.50000000e-01  1.85000000e+00 
-2.60000000e-01  1.59000000e+00 -2.60000000e-01 -3.36889935e-15 -2.60000000e-01  1.85000000e+00 
-2.70000000e-01  1.58000000e+00 -2.70000000e-01 -4.20735264e-15 -2.70000000e-01  1.85000000e+00 
-2.80000000e-01  1.57000000e+00 -2.80000000e-01 -5.25447582e-15 -2.80000000e-01  1.85000000e+00 
-2.90000000e-01  1.56000000e+00 -2.90000000e-01 -6.56219968e-15 -2.90000000e-01  1.85000000e+00 
-3.00000000e-01  1.55000000e+00 -3.00000000e-01 -8.19537804e-15 -3.00000000e-01  1.85000000e+00 
-3.10000000e-01  1.54000000e+00 -3.10000000e-01 -1.02350034e-14 -3.10000000e-01  1.85000000e+00 
-3.20000000e-01  1.53000000e+00 -3.20000000e-01 -1.27822226e-14 -3.20000000e-01  1.85000000e+00 
-3.30000000e-01  1.52000000e+00 -3.30000000e-01 -1.59633515e-14 -3.30000000e-01  1.85000000e+00 
-3.40000000e-01  1.51000000e+00 -3.40000000e-01 -1.99361369e-14 -3.40000000e-01  1.85000000e+00 
-3.50000000e-01  1.50000000e+00 -3.50000000e-01 -2.48975767e-14 -3.50000000e-01  1.85000000e+00 
-3.60000000e-01  1.49000000e+00 -3.60000000e-01 -3.10936849e-14 -3.60000000e-01  1.85000000e+00 
-3.70000000e-01  1.48000000e+00 -3.70000000e-01 -3.88316850e-14 -3.70000000e-01  1.85000000e+00 
-3.80000000e-01  1.47000000e+00 -3.80000000e-01 -4.84952365e-14 -3.80000000e-01  1.85000000e+00 
-3.90000000e-01  1.46000000e+00 -3.90000000e-01 -6.05634478e-14 -3.90000000e-01  1.85000000e+00 
-4.00000000e-01  1.45000000e+00 -4.00000000e-01 -7.56346159e-14 -4.00000000e-01  1.85000000e+00 
-4.10000000e-01  1.44000000e+00 -4.10000000e-01 -9.44558697e-14 -4.10000000e-01  1.85000000e+00 
-4.20000000e-01  1.43000000e+00 -4.20000000e-01 -1.17960181e-13 -4.20000000e-01  1.85000000e+00 
-4.30000000e-01  1.42000000e+00 -4.30000000e-01 -1.47312578e-13 -4.30000000e-01  1.85000000e+00 
-4.40000000e-01  1.41000000e+00 -4.40000000e-01 -1.83967836e-13 -4.40000000e-01  1.85000000e+00 
-4.50000000e-01  1.40000000e+00 -4.50000000e-01 -2.29742514e-13 -4.50000000e-01  1.85000000e+00 
-4.60000000e-01  1.39000000e+00 -4.60000000e-01 -2.86904880e-13 -4.60000000e-01  1.85000000e+00 
-4.70000000e-01  1.38000000e+00 -4.70000000e-01 -3.58287170e-13 -4.70000000e-01  1.85000000e+00 
-4.80000000e-01  1.37000000e+00 -4.80000000e-01 -4.47425729e-13 -4.80000000e-01  1.85000000e+00 
-4.90000000e-01  1.36000000e+00 -4.90000000e-01 -5.58735937e-13 -4.90000000e-01  1.85000000e+00 
-5.00000000e-01  1.35000000e+00 -5.00000000e-01 -6.97730548e-13 -5.00000000e-01  1.85000000e+00 
-5.10000000e-01  1.34000000e+00 -5.10000000e-01 -8.71292167e-13 -5.10000000e-01  1.85000000e+00 
-5.20000000e-01  1.33000000e+00 -5.20000000e-01 -1.08801331e-12 -5.20000000e-01  1.85000000e+00 
-5.30000000e-01  1.32000000e+00 -5.30000000e-01 -1.35862087e-12 -5.30000000e-01  1.85000000e+00 
-5.40000000e-01  1.31000000e+00 -5.40000000e-01 -1.69650558e-12 -5.40000000e-01  1.85000000e+00 
-5.50000000e-01  1.30000000e+00 -5.50000000e-01 -2.11838274e-12 -5.50000000e-01  1.85000000e+00 
-5.60000000e-01  1.29000000e+00 -5.60000000e-01 -2.64511634e-12 -5.60000000e-01  1.85000000e+00 
-5.70000000e-01  1.28000000e+00 -5.70000000e-01 -3.30274716e-12 -5.70000000e-01  1.85000000e+00 
-5.80000000e-01  1.27000000e+00 -5.80000000e-01 -4.12377487e-12 -5.80000000e-01  1.85000000e+00 
-5.90000000e-01  1.26000000e+00 -5.90000000e-01 -5.14875685e-12 -5.90000000e-01  1.85000000e+00 
-6.00000000e-01  1.25000000e+00 -6.00000000e-01 -6.42830140e-12 -6.00000000e-01  1.85000000e+00 
-6.10000000e-01  1.24000000e+00 -6.10000000e-01 -8.02555244e-12 -6.10000000e-01  1.85000000e+00 
-6.20000000e-01  1.23000000e+00 -6.20000000e-01 -1.00192859e-11 -6.20000000e-01  1.85000000e+00 
-6.30000000e-01  1.22000000e+00 -6.30000000e-01 -1.25077676e-11 -6.30000000e-01  1.85000000e+00 
-6.40000000e-01  1.21000000e+00 -6.40000000e-01 -1.56135588e-11 -6.40000000e-01  1.85000000e+00 
-6.50000000e-01  1.20000000e+00 -6.50000000e-01 -1.94895000e-11 -6.50000000e-01  1.85000000e+00 
-6.60000000e-01  1.19000000e+00 -6.60000000e-01 -2.43261602e-11 -6.60000000e-01  1.85000000e+00 
-6.70000000e-01  1.18000000e+00 -6.70000000e-01 -3.03611057e-11 -6.70000000e-01  1.85000000e+00 
-6.80000000e-01  1.17000000e+00 -6.80000000e-01 -3.78904308e-11 -6.80000000e-01  1.85000000e+00 
-6.90000000e-01  1.16000000e+00 -6.90000000e-01 -4.72830935e-11 -6.90000000e-01  1.85000000e+00 
-7.00000000e-01  1.15000000e+00 -7.00000000e-01 -5.89987320e-11 -7.00000000e-01  1.85000000e+00 
-7.10000000e-01  1.14000000e+00 -7.10000000e-01 -7.36097945e-11 -7.10000000e-01  1.85000000e+00 
-7.20000000e-01  1.13000000e+00 -7.20000000e-01 -9.18290118e-11 -7.20000000e-01  1.85000000e+00 
-7.30000000e-01  1.12000000e+00 -7.30000000e-01 -1.14543481e-10 -7.30000000e-01  1.85000000e+00 
-7.40000000e-01  1.11000000e+00 -7.40000000e-01 -1.42856926e-10 -7.40000000e-01  1.85000000e+00 
-7.50000000e-01  1.10000000e+00 -7.50000000e-01 -1.78142050e-10 -7.50000000e-01  1.85000000e+00 
-7.60000000e-01  1.09000000e+00 -7.60000000e-01 -2.22105358e-10 -7.60000000e-01  1.85000000e+00 
-7.70000000e-01  1.08000000e+00 -7.70000000e-01 -2.76867333e-10 -7.70000000e-01  1.85000000e+00 
-7.80000000e-01  1.07000000e+00 -7.80000000e-01 -3.45061542e-10 -7.80000000e-01  1.85000000e+00 
-7.90000000e-01  1.06000000e+00 -7.90000000e-01 -4.29957016e-10 -7.90000000e-01  1.85000000e+00 
-8.00000000e-01  1.05000000e+00 -8.00000000e-01 -5.35609241e-10 -8.00000000e-01  1.85000000e+00 
-8.10000000e-01  1.04000000e+00 -8.10000000e-01 -6.67046293e-10 -8.10000000e-01  1.85000000e+00 
-8.20000000e-01  1.03000000e+00 -8.20000000e-01 -8.30498086e-10 -8.20000000e-01  1.85000000e+00 
-8.30000000e-01  1.02000000e+00 -8.30000000e-01 -1.03367851e-09 -8.30000000e-01  1.85000000e+00 
-8.40000000e-01  1.01000000e+00 -8.40000000e-01 -1.28613237e-09 -8.40000000e-01  1.85000000e+00 
-8.50000000e-01  1.00000000e+00 -8.50000000e-01 -1.59966189e-09 -8.50000000e-01  1.85000000e+00 
-8.60000000e-01  9.90000000e-01 -8.60000000e-01 -1.98885071e-09 -8.60000000e-01  1.85000000e+00 
-8.70000000e-01  9.80000000e-01 -8.70000000e-01 -2.47170774e-09 -8.70000000e-01  1.85000000e+00 
-8.80000000e-01  9.70000000e-01 -8.80000000e-01 -3.07045855e-09 -8.80000000e-01  1.85000000e+00 
-8.90000000e-01  9.60000000e-01 -8.90000000e-01 -3.81251878e-09 -8.90000000e-01  1.85000000e+00 
-9.00000000e-01  9.50000000e-01 -9.00000000e-01 -4.73169324e-09 -9.00000000e-01  1.85000000e+00 
-9.10000000e-01  9.40000000e-01 -9.10000000e-01 -5.86965578e-09 -9.10000000e-01  1.85000000e+00 
-9.20000000e-01  9.30000000e-01 -9.20000000e-01 -7.27778057e-09 -9.20000000e-01  1.85000000e+00 
-9.30000000e-01  9.20000000e-01 -9.30000000e-01 -9.01941589e-09 -9.30000000e-01  1.85000000e+00 
-9.40000000e-01  9.10000000e-01 -9.40000000e-01 -1.11727183e-08 -9.40000000e-01  1.85000000e+00 
-9.50000000e-01  9.00000000e-01 -9.50000000e-01 -1.38342011e-08 -9.50000000e-01  1.85000000e+00 
-9.60000000e-01  8.90000000e-01 -9.60000000e-01 -1.71231968e-08 -9.60000000e-01  1.85000000e+00 
-9.70000000e-01  8.80000000e-01 -9.70000000e-01 -2.11874948e-08 -9.70000000e-01  1.85000000e+00 
-9.80000000e-01  8.70000000e-01 -9.80000000e-01 -2.62104907e-08 -9.80000000e-01  1.85000000e+00 
-9.90000000e-01  8.60000000e-01 -9.90000000e-01 -3.24202763e-08 -9.90000000e-01  1.85000000e+00 
-1.00000000e+00  8.50000000e-01 -1.00000000e+00 -4.01012110e-08 -1.00000000e+00  1.85000000e+00 
-1.01000000e+00  8.40000000e-01 -1.01000000e+00 -4.96086367e-08 -1.01000000e+00  1.85000000e+00 
-1.02000000e+00  8.30000000e-01 -1.02000000e+00 -6.13875223e-08 -1.02000000e+00  1.85000000e+00 
-1.03000000e+00  8.20000000e-01 -1.03000000e+00 -7.59959340e-08 -1.03000000e+00  1.85000000e+00 
-1.04000000e+00  8.10000000e-01 -1.04000000e+00 -9.41342860e-08 -1.04000000e+00  1.85000000e+00 
-1.05000000e+00  8.00000000e-01 -1.05000000e+00 -1.16681301e-07 -1.05000000e+00  1.85000000e+00 
-1.06000000e+00  7.90000000e-01 -1.06000000e+00 -1.44737439e-07 -1.06000000e+00  1.85000000e+00 
-1.07000000e+00  7.80000000e-01 -1.07000000e+00 -1.79676160e-07 -1.07000000e+00  1.85000000e+00 
-1.08000000e+00  7.70000000e-01 -1.08000000e+00 -2.23202753e-07 -1.08000000e+00  1.85000000e+00 
-1.09000000e+00  7.60000000e-01 -1.09000000e+00 -2.77419469e-07 -1.09000000e+00  1.85000000e+00 
-1.10000000e+00  7.50000000e-01 -1.10000000e+00 -3.44894413e-07 -1.10000000e+00  1.85000000e+00 
-1.11000000e+00  7.40000000e-01 -1.11000000e+00 -4.28730073e-07 -1.11000000e+00  1.85000000e+00 
-1.12000000e+00  7.30000000e-01 -1.12000000e+00 -5.32625702e-07 -1.12000000e+00  1.85000000e+00 
-1.13000000e+00  7.20000000e-01 -1.13000000e+00 -6.60926192e-07 -1.13000000e+00  1.85000000e+00 
-1.14000000e+00  7.10000000e-01 -1.14000000e+00 -8.18648982e-07 -1.14000000e+00  1.85000000e+00 
-1.15000000e+00  7.00000000e-01 -1.15000000e+00 -1.01148028e-06 -1.15000000e+00  1.85000000e+00 
-1.16000000e+00  6.90000000e-01 -1.16000000e+00 -1.24573271e-06 -1.16000000e+00  1.85000000e+00 
-1.17000000e+00  6.80000000e-01 -1.17000000e+00 -1.52825881e-06 -1.17000000e+00  1.85000000e+00 
-1.18000000e+00  6.70000000e-01 -1.18000000e+00 -1.86631824e-06 -1.18000000e+00  1.85000000e+00 
-1.19000000e+00  6.60000000e-01 -1.19000000e+00 -2.26740116e-06 -1.19000000e+00  1.85000000e+00 
-1.20000000e+00  6.50000000e-01 -1.20000000e+00 -2.73901534e-06 -1.20000000e+00  1.85000000e+00 
-1.21000000e+00  6.40000000e-01 -1.21000000e+00 -3.28844921e-06 -1.21000000e+00  1.85000000e+00 
-1.22000000e+00  6.30000000e-01 -1.22000000e+00 -3.92252638e-06 -1.22000000e+00  1.85000000e+00 
-1.23000000e+00  6.20000000e-01 -1.23000000e+00 -4.64736952e-06 -1.23000000e+00  1.85000000e+00 
-1.24000000e+00  6.10000000e-01 -1.24000000e+00 -5.46819067e-06 -1.24000000e+00  1.85000000e+00 
-1.25000000e+00  6.00000000e-01 -1.25000000e+00 -6.38912287e-06 -1.25000000e+00  1.85000000e+00 
-1.26000000e+00  5.90000000e-01 -1.26000000e+00 -7.41310395e-06 -1.26000000e+00  1.85000000e+00 
-1.27000000e+00  5.80000000e-01 -1.27000000e+00 -8.54181825e-06 -1.27000000e+00  1.85000000e+00 
-1.28000000e+00  5.70000000e-01 -1.28000000e+00 -9.77569631e-06 -1.28000000e+00  1.85000000e+00 
-1.29000000e+00  5.60000000e-01 -1.29000000e+00 -1.11139683e-05 -1.29000000e+00  1.85000000e+00 
-1.30000000e+00  5.50000000e-01 -1.30000000e+00 -1.25547628e-05 -1.30000000e+00  1.85000000e+00 
-1.31000000e+00  5.40000000e-01 -1.31000000e+00 -1.40952395e-05 -1.31000000e+00  1.85000000e+00 
-1.32000000e+00  5.30000000e-01 -1.32000000e+00 -1.57317454e-05 -1.32000000e+00  1.85000000e+00 
-1.33000000e+00  5.20000000e-01 -1.33000000e+00 -1.74599817e-05 -1.33000000e+00  1.85000000e+00 
-1.34000000e+00  5.10000000e-01 -1.34000000e+00 -1.92751711e-05 -1.34000000e+00  1.85000000e+00 
-1.35000000e+00  5.00000000e-01 -1.35000000e+00 -2.11722178e-05 -1.35000000e+00  1.85000000e+00 
-1.36000000e+00  4.90000000e-01 -1.36000000e+00 -2.31458540e-05 -1.36000000e+00  1.85000000e+00 
-1.37000000e+00  4.80000000e-01 -1.37000000e+00 -2.51907674e-05 -1.37000000e+00  1.85000000e+00 
-1.38000000e+00  4.70000000e-01 -1.38000000e+00 -2.73017090e-05 -1.38000000e+00  1.85000000e+00 
-1.39000000e+00  4.60000000e-01 -1.39000000e+00 -2.94735799e-05 -1.39000000e+00  1.85000000e+00 
-1.40000000e+00  4.50000000e-01 -1.40000000e+00 -3.17014978e-05 -1.40000000e+00  1.85000000e+00 
-1.41000000e+00  4.40000000e-01 -1.41000000e+00 -3.39808456e-05 -1.41000000e+00  1.85000000e+00 
-1.42000000e+00  4.30000000e-01 -1.42000000e+00 -3.63073031e-05 -1.42000000e+00  1.85000000e+00 
-1.43000000e+00  4.20000000e-01 -1.43000000e+00 -3.86768648e-05 -1.43000000e+00  1.85000000e+00 
-1.44000000e+00  4.10000000e-01 -1.44000000e+00 -4.10858466e-05 -1.44000000e+00  1.85000000e+00 
-1.45000000e+00  4.00000000e-01 -1.45000000e+00 -4.35308829e-05 -1.45000000e+00  1.85000000e+00 
-1.46000000e+00  3.90000000e-01 -1.46000000e+00 -4.60089176e-05 -1.46000000e+00  1.85000000e+00 
-1.47000000e+00  3.80000000e-01 -1.47000000e+00 -4.85171887e-05 -1.47000000e+00  1.85000000e+00 
-1.48000000e+00  3.70000000e-01 -1.48000000e+00 -5.10532109e-05 -1.48000000e+00  1.85000000e+00 
-1.49000000e+00  3.60000000e-01 -1.49000000e+00 -5.36147550e-05 -1.49000000e+00  1.85000000e+00 
-1.50000000e+00  3.50000000e-01 -1.50000000e+00 -5.61998271e-05 -1.50000000e+00  1.85000000e+00 
-1.51000000e+00  3.40000000e-01 -1.51000000e+00 -5.88066466e-05 -1.51000000e+00  1.85000000e+00 
-1.52000000e+00  3.30000000e-01 -1.52000000e+00 -6.14336255e-05 -1.52000000e+00  1.85000000e+00 
-1.53000000e+00  3.20000000e-01 -1.53000000e+00 -6.40793484e-05 -1.53000000e+00  1.85000000e+00 
-1.54000000e+00  3.10000000e-01 -1.54000000e+00 -6.67425528e-05 -1.54000000e+00  1.85000000e+00 
-1.55000000e+00  3.00000000e-01 -1.55000000e+00 -6.94221119e-05 -1.55000000e+00  1.85000000e+00 
-1.56000000e+00  2.90000000e-01 -1.56000000e+00 -7.21170184e-05 -1.56000000e+00  1.85000000e+00 
-1.57000000e+00  2.80000000e-01 -1.57000000e+00 -7.48263691e-05 -1.57000000e+00  1.85000000e+00 
-1.58000000e+00  2.70000000e-01 -1.58000000e+00 -7.75493524e-05 -1.58000000e+00  1.85000000e+00 
-1.59000000e+00  2.60000000e-01 -1.59000000e+00 -8.02852357e-05 -1.59000000e+00  1.85000000e+00 
-1.60000000e+00  2.50000000e-01 -1.60000000e+00 -8.30333553e-05 -1.60000000e+00  1.85000000e+00 
-1.61000000e+00  2.40000000e-01 -1.61000000e+00 -8.57931067e-05 -1.61000000e+00  1.85000000e+00 
-1.62000000e+00  2.30000000e-01 -1.62000000e+00 -8.85639369e-05 -1.62000000e+00  1.85000000e+00 
-1.63000000e+00  2.20000000e-01 -1.63000000e+00 -9.13453368e-05 -1.63000000e+00  1.85000000e+00 
-1.64000000e+00  2.10000000e-01 -1.64000000e+00 -9.41368353e-05 -1.64000000e+00  1.85000000e+00 
-1.65000000e+00  2.00000000e-01 -1.65000000e+00 -9.69379938e-05 -1.65000000e+00  1.85000000e+00 
-1.66000000e+00  1.90000000e-01 -1.66000000e+00 -9.97484017e-05 -1.66000000e+00  1.85000000e+00 
-1.67000000e+00  1.80000000e-01 -1.67000000e+00 -1.02567673e-04 -1.67000000e+00  1.85000000e+00 
-1.68000000e+00  1.70000000e-01 -1.68000000e+00 -1.05395441e-04 -1.68000000e+00  1.85000000e+00 
-1.69000000e+00  1.60000000e-01 -1.69000000e+00 -1.08231358e-04 -1.69000000e+00  1.85000000e+00 
-1.70000000e+00  1.50000000e-01 -1.70000000e+00 -1.11075093e-04 -1.70000000e+00  1.85000000e+00 
-1.71000000e+00  1.40000000e-01 -1.71000000e+00 -1.13926325e-04 -1.71000000e+00  1.85000000e+00 
-1.72000000e+00  1.30000000e-01 -1.72000000e+00 -1.16784749e-04 -1.72000000e+00  1.85000000e+00 
-1.73000000e+00  1.20000000e-01 -1.73000000e+00 -1.19650067e-04 -1.73000000e+00  1.85000000e+00 
-1.74000000e+00  1.10000000e-01 -1.74000000e+00 -1.22521993e-04 -1.74000000e+00  1.85000000e+00 
-1.75000000e+00  1.00000000e-01 -1.75000000e+00 -1.25400247e-04 -1.75000000e+00  1.85000000e+00 
-1.76000000e+00  9.00000000e-02 -1.76000000e+00 -1.28284557e-04 -1.76000000e+00  1.85000000e+00 
-1.77000000e+00  8.00000000e-02 -1.77000000e+00 -1.31174660e-04 -1.77000000e+00  1.85000000e+00 
-1.78000000e+00  7.00000000e-02 -1.78000000e+00 -1.34070298e-04 -1.78000000e+00  1.85000000e+00 
-1.79000000e+00  6.00000000e-02 -1.79000000e+00 -1.36971218e-04 -1.79000000e+00  1.85000000e+00 
-1.80000000e+00  5.00000000e-02 -1.80000000e+00 -1.39877174e-04 -1.80000000e+00  1.85000000e+00 
-1.81000000e+00  4.00000000e-02 -1.81000000e+00 -1.42787925e-04 -1.81000000e+00  1.85000000e+00 
-1.82000000e+00  3.00000000e-02 -1.82000000e+00 -1.45703236e-04 -1.82000000e+00  1.85000000e+00 
-1.83000000e+00  2.00000000e-02 -1.83000000e+00 -1.48622877e-04 -1.83000000e+00  1.85000000e+00 
-1.84000000e+00  1.00000000e-02 -1.84000000e+00 -1.51546622e-04 -1.84000000e+00  1.85000000e+00 
-1.85000000e+00 -1.33226763e-15 -1.85000000e+00 -1.54474250e-04 -1.85000000e+00  1.85000000e+00 
