 0.00000000e+00  1.85000000e+00  0.00000000e+00 -6.20130228e-18  0.00000000e+00  3.70000000e-01 
-1.00000000e-02  1.84000000e+00 -1.00000000e-02 -7.74474189e-18 -1.00000000e-02  3.70000000e-01 
-2.00000000e-02  1.83000000e+00 -2.00000000e-02 -9.67232708e-18 -2.00000000e-02  3.70000000e-01 
-3.00000000e-02  1.82000000e+00 -3.00000000e-02 -1.20796674e-17 -3.00000000e-02  3.70000000e-01 
-4.00000000e-02  1.81000000e+00 -4.00000000e-02 -1.50861683e-17 -4.00000000e-02  3.70000000e-01 
-5.00000000e-02  1.80000000e+00 -5.00000000e-02 -1.88409541e-17 -5.00000000e-02  3.70000000e-01 
-6.00000000e-02  1.79000000e+00 -6.00000000e-02 -2.35302641e-17 -6.00000000e-02  3.70000000e-01 
-7.00000000e-02  1.78000000e+00 -7.00000000e-02 -2.93866900e-17 -7.00000000e-02  3.70000000e-01 
-8.00000000e-02  1.77000000e+00 -8.00000000e-02 -3.67007128e-17 -8.00000000e-02  3.70000000e-01 
-9.00000000e-02  1.76000000e+00 -9.00000000e-02 -4.58351102e-17 -9.00000000e-02  3.70000000e-01 
-1.00000000e-01  1.75000000e+00 -1.00000000e-01 -5.72429500e-17 -1.00000000e-01  3.70000000e-01 
-1.10000000e-01  1.74000000e+00 -1.10000000e-01 -7.14900620e-17 -1.10000000e-01  3.70000000e-01 
-1.20000000e-01  1.73000000e+00 -1.20000000e-01 -8.92831027e-17 -1.20000000e-01  3.70000000e-01 
-1.30000000e-01  1.72000000e+00 -1.30000000e-01 -1.11504604e-16 -1.30000000e-01  3.70000000e-01 
-1.40000000e-01  1.71000000e+00 -1.40000000e-01 -1.39256746e-16 -1.40000000e-01  3.70000000e-01 
-1.50000000e-01  1.70000000e+00 -1.50000000e-01 -1.73916022e-16 -1.50000000e-01  3.70000000e-01 
-1.60000000e-01  1.69000000e+00 -1.60000000e-01 -2.17201509e-16 -1.60000000e-01  3.70000000e-01 
-1.70000000e-01  1.68000000e+00 -1.70000000e-01 -2.71260131e-16 -1.70000000e-01  3.70000000e-01 
-1.80000000e-01  1.67000000e+00 -1.80000000e-01 -3.38773138e-16 -1.80000000e-01  3.70000000e-01 
-1.90000000e-01  1.66000000e+00 -1.90000000e-01 -4.23089085e-16 -1.90000000e-01  3.70000000e-01 
-2.00000000e-01  1.65000000e+00 -2.00000000e-01 -5.28389908e-16 -2.00000000e-01  3.70000000e-01 
-2.10000000e-01  1.64000000e+00 -2.10000000e-01 -6.59898324e-16 -2.10000000e-01  3.70000000e-01 
-2.20000000e-01  1.63000000e+00 -2.20000000e-01 -8.24136852e-16 -2.20000000e-01  3.70000000e-01 
-2.30000000e-01  1.62000000e+00 -2.30000000e-01 -1.02925128e-15 -2.30000000e-01  3.70000000e-01 
-2.40000000e-01  1.61000000e+00 -2.40000000e-01 -1.28541465e-15 -2.40000000e-01  3.70000000e-01 
-2.50000000e-01  1.60000000e+00 -2.50000000e-01 -1.60533174e-15 -2.50000000e-01  3.70000000e-01 
-2.60000000e-01  1.59000000e+00 -2.60000000e-01 -2.00486911e-15 -2.60000000e-01  3.70000000e-01 
-2.70000000e-01  1.58000000e+00 -2.70000000e-01 -2.50384191e-15 -2.70000000e-01  3.70000000e-01 
-2.80000000e-01  1.57000000e+00 -2.80000000e-01 -3.12699645e-15 -2.80000000e-01  3.70000000e-01 
-2.90000000e-01  1.56000000e+00 -2.90000000e-01 -3.90523733e-15 -2.90000000e-01  3.70000000e-01 
-3.00000000e-01  1.55000000e+00 -3.00000000e-01 -4.87715978e-15 -3.00000000e-01  3.70000000e-01 
-3.10000000e-01  1.54000000e+00 -3.10000000e-01 -6.09096333e-15 -3.10000000e-01  3.70000000e-01 
-3.20000000e-01  1.53000000e+00 -3.20000000e-01 -7.60684159e-15 -3.20000000e-01  3.70000000e-01 
-3.30000000e-01  1.52000000e+00 -3.30000000e-01 -9.49996647e-15 -3.30000000e-01  3.70000000e-01 
-3.40000000e-01  1.51000000e+00 -3.40000000e-01 -1.18642149e-14 -3.40000000e-01  3.70000000e-01 
-3.50000000e-01  1.50000000e+00 -3.50000000e-01 -1.48168226e-14 -3.50000000e-01  3.70000000e-01 
-3.60000000e-01  1.49000000e+00 -3.60000000e-01 -1.85041951e-14 -3.60000000e-01  3.70000000e-01 
-3.70000000e-01  1.48000000e+00 -3.70000000e-01 -2.31091646e-14 -3.70000000e-01  3.70000000e-01 
-3.80000000e-01  1.47000000e+00 -3.80000000e-01 -2.88600513e-14 -3.80000000e-01  3.70000000e-01 
-3.90000000e-01  1.46000000e+00 -3.90000000e-01 -3.60419778e-14 -3.90000000e-01  3.70000000e-01 
-4.00000000e-01  1.45000000e+00 -4.00000000e-01 -4.50109977e-14 -4.00000000e-01  3.70000000e-01 
-4.10000000e-01  1.44000000e+00 -4.10000000e-01 -5.62117359e-14 -4.10000000e-01  3.70000000e-01 
-4.20000000e-01  1.43000000e+00 -4.20000000e-01 -7.01994149e-14 -4.20000000e-01  3.70000000e-01 
-4.30000000e-01  1.42000000e+00 -4.30000000e-01 -8.76673559e-14 -4.30000000e-01  3.70000000e-01 
-4.40000000e-01  1.41000000e+00 -4.40000000e-01 -1.09481314e-13 -4.40000000e-01  3.70000000e-01 
-4.50000000e-01  1.40000000e+00 -4.50000000e-01 -1.36722345e-13 -4.50000000e-01  3.70000000e-01 
-4.60000000e-01  1.39000000e+00 -4.60000000e-01 -1.70740324e-13 -4.60000000e-01  3.70000000e-01 
-4.70000000e-01  1.38000000e+00 -4.70000000e-01 -2.13220750e-13 -4.70000000e-01  3.70000000e-01 
-4.80000000e-01  1.37000000e+00 -4.80000000e-01 -2.66268149e-13 -4.80000000e-01  3.70000000e-01 
-4.90000000e-01  1.36000000e+00 -4.90000000e-01 -3.32510176e-13 -4.90000000e-01  3.70000000e-01 
-5.00000000e-01  1.35000000e+00 -5.00000000e-01 -4.15227548e-13 -5.00000000e-01  3.70000000e-01 
-5.10000000e-01  1.34000000e+00 -5.10000000e-01 -5.18516212e-13 -5.10000000e-01  3.70000000e-01 
-5.20000000e-01  1.33000000e+00 -5.20000000e-01 -6.47489716e-13 -5.20000000e-01  3.70000000e-01 
-5.30000000e-01  1.32000000e+00 -5.30000000e-01 -8.08531819e-13 -5.30000000e-01  3.70000000e-01 
-5.40000000e-01  1.31000000e+00 -5.40000000e-01 -1.00961161e-12 -5.40000000e-01  3.70000000e-01 
-5.50000000e-01  1.30000000e+00 -5.50000000e-01 -1.26067673e-12 -5.50000000e-01  3.70000000e-01 
-5.60000000e-01  1.29000000e+00 -5.60000000e-01 -1.57414384e-12 -5.60000000e-01  3.70000000e-01 
-5.70000000e-01  1.28000000e+00 -5.70000000e-01 -1.96551052e-12 -5.70000000e-01  3.70000000e-01 
-5.80000000e-01  1.27000000e+00 -5.80000000e-01 -2.45411837e-12 -5.80000000e-01  3.70000000e-01 
-5.90000000e-01  1.26000000e+00 -5.90000000e-01 -3.06410455e-12 -5.90000000e-01  3.70000000e-01 
-6.00000000e-01  1.25000000e+00 -6.00000000e-01 -3.82558826e-12 -6.00000000e-01  3.70000000e-01 
-6.10000000e-01  1.24000000e+00 -6.10000000e-01 -4.77614967e-12 -6.10000000e-01  3.70000000e-01 
-6.20000000e-01  1.23000000e+00 -6.20000000e-01 -5.96267313e-12 -6.20000000e-01  3.70000000e-01 
-6.30000000e-01  1.22000000e+00 -6.30000000e-01 -7.44364389e-12 -6.30000000e-01  3.70000000e-01 
-6.40000000e-01  1.21000000e+00 -6.40000000e-01 -9.29200906e-12 -6.40000000e-01  3.70000000e-01 
-6.50000000e-01  1.20000000e+00 -6.50000000e-01 -1.15987406e-11 -6.50000000e-01  3.70000000e-01 
-6.60000000e-01  1.19000000e+00 -6.60000000e-01 -1.44772714e-11 -6.60000000e-01  3.70000000e-01 
-6.70000000e-01  1.18000000e+00 -6.70000000e-01 -1.80690159e-11 -6.70000000e-01  3.70000000e-01 
-6.80000000e-01  1.17000000e+00 -6.80000000e-01 -2.25502392e-11 -6.80000000e-01  3.70000000e-01 
-6.90000000e-01  1.16000000e+00 -6.90000000e-01 -2.81405996e-11 -6.90000000e-01  3.70000000e-01 
-7.00000000e-01  1.15000000e+00 -7.00000000e-01 -3.51137687e-11 -7.00000000e-01  3.70000000e-01 
-7.10000000e-01  1.14000000e+00 -7.10000000e-01 -4.38106278e-11 -7.10000000e-01  3.70000000e-01 
-7.20000000e-01  1.13000000e+00 -7.20000000e-01 -5.46556589e-11 -7.20000000e-01  3.70000000e-01 
-7.30000000e-01  1.12000000e+00 -7.30000000e-01 -6.81772928e-11 -7.30000000e-01  3.70000000e-01 
-7.40000000e-01  1.11000000e+00 -7.40000000e-01 -8.50331579e-11 -7.40000000e-01  3.70000000e-01 
-7.50000000e-01  1.10000000e+00 -7.50000000e-01 -1.06041392e-10 -7.50000000e-01  3.70000000e-01 
-7.60000000e-01  1.09000000e+00 -7.60000000e-01 -1.32219457e-10 -7.60000000e-01  3.70000000e-01 
-7.70000000e-01  1.08000000e+00 -7.70000000e-01 -1.64832224e-10 -7.70000000e-01  3.70000000e-01 
-7.80000000e-01  1.07000000e+00 -7.80000000e-01 -2.05451518e-10 -7.80000000e-01  3.70000000e-01 
-7.90000000e-01  1.06000000e+00 -7.90000000e-01 -2.56029833e-10 -7.90000000e-01  3.70000000e-01 
-8.00000000e-01  1.05000000e+00 -8.00000000e-01 -3.18991540e-10 -8.00000000e-01  3.70000000e-01 
-8.10000000e-01  1.04000000e+00 -8.10000000e-01 -3.97345738e-10 -8.10000000e-01  3.70000000e-01 
-8.20000000e-01  1.03000000e+00 -8.20000000e-01 -4.94825874e-10 -8.20000000e-01  3.70000000e-01 
-8.30000000e-01  1.02000000e+00 -8.30000000e-01 -6.16062534e-10 -8.30000000e-01  3.70000000e-01 
-8.40000000e-01  1.01000000e+00 -8.40000000e-01 -7.66797396e-10 -8.40000000e-01  3.70000000e-01 
-8.50000000e-01  1.00000000e+00 -8.50000000e-01 -9.54148415e-10 -8.50000000e-01  3.70000000e-01 
-8.60000000e-01  9.90000000e-01 -8.60000000e-01 -1.18693900e-09 -8.60000000e-01  3.70000000e-01 
-8.70000000e-01  9.80000000e-01 -8.70000000e-01 -1.47610742e-09 -8.70000000e-01  3.70000000e-01 
-8.80000000e-01  9.70000000e-01 -8.80000000e-01 -1.83521746e-09 -8.80000000e-01  3.70000000e-01 
-8.90000000e-01  9.60000000e-01 -8.90000000e-01 -2.28109744e-09 -8.90000000e-01  3.70000000e-01 
-9.00000000e-01  9.50000000e-01 -9.00000000e-01 -2.83464335e-09 -9.00000000e-01  3.70000000e-01 
-9.10000000e-01  9.40000000e-01 -9.10000000e-01 -3.52183324e-09 -9.10000000e-01  3.70000000e-01 
-9.20000000e-01  9.30000000e-01 -9.20000000e-01 -4.37501550e-09 -9.20000000e-01  3.70000000e-01 
-9.30000000e-01  9.20000000e-01 -9.30000000e-01 -5.43455511e-09 -9.30000000e-01  3.70000000e-01 
-9.40000000e-01  9.10000000e-01 -9.40000000e-01 -6.75095033e-09 -9.40000000e-01  3.70000000e-01 
-9.50000000e-01  9.00000000e-01 -9.50000000e-01 -8.38757090e-09 -9.50000000e-01  3.70000000e-01 
-9.60000000e-01  8.90000000e-01 -9.60000000e-01 -1.04242197e-08 -9.60000000e-01  3.70000000e-01 
-9.70000000e-01  8.80000000e-01 -9.70000000e-01 -1.29617860e-08 -9.70000000e-01  3.70000000e-01 
-9.80000000e-01  8.70000000e-01 -9.80000000e-01 -1.61283424e-08 -9.80000000e-01  3.70000000e-01 
-9.90000000e-01  8.60000000e-01 -9.90000000e-01 -2.00871422e-08 -9.90000000e-01  3.70000000e-01 
-1.00000000e+00  8.50000000e-01 -1.00000000e+00 -2.50470948e-08 -1.00000000e+00  3.70000000e-01 
-1.01000000e+00  8.40000000e-01 -1.01000000e+00 -3.12764369e-08 -1.01000000e+00  3.70000000e-01 
-1.02000000e+00  8.30000000e-01 -1.02000000e+00 -3.91204553e-08 -1.02000000e+00  3.70000000e-01 
-1.03000000e+00  8.20000000e-01 -1.03000000e+00 -4.90242420e-08 -1.03000000e+00  3.70000000e-01 
-1.04000000e+00  8.10000000e-01 -1.04000000e+00 -6.15615412e-08 -1.04000000e+00  3.70000000e-01 
-1.05000000e+00  8.00000000e-01 -1.05000000e+00 -7.74707242e-08 -1.05000000e+00  3.70000000e-01 
-1.06000000e+00  7.90000000e-01 -1.06000000e+00 -9.76987635e-08 -1.06000000e+00  3.70000000e-01 
-1.07000000e+00  7.80000000e-01 -1.07000000e+00 -1.23453681e-07 -1.07000000e+00  3.70000000e-01 
-1.08000000e+00  7.70000000e-01 -1.08000000e+00 -1.56265265e-07 -1.08000000e+00  3.70000000e-01 
-1.09000000e+00  7.60000000e-01 -1.09000000e+00 -1.98052841e-07 -1.09000000e+00  3.70000000e-01 
-1.10000000e+00  7.50000000e-01 -1.10000000e+00 -2.51197503e-07 -1.10000000e+00  3.70000000e-01 
-1.11000000e+00  7.40000000e-01 -1.11000000e+00 -3.18614597e-07 -1.11000000e+00  3.70000000e-01 
-1.12000000e+00  7.30000000e-01 -1.12000000e+00 -4.03820440e-07 -1.12000000e+00  3.70000000e-01 
-1.13000000e+00  7.20000000e-01 -1.13000000e+00 -5.10985640e-07 -1.13000000e+00  3.70000000e-01 
-1.14000000e+00  7.10000000e-01 -1.14000000e+00 -6.44966201e-07 -1.14000000e+00  3.70000000e-01 
-1.15000000e+00  7.00000000e-01 -1.15000000e+00 -8.11303259e-07 -1.15000000e+00  3.70000000e-01 
-1.16000000e+00  6.90000000e-01 -1.16000000e+00 -1.01618319e-06 -1.16000000e+00  3.70000000e-01 
-1.17000000e+00  6.80000000e-01 -1.17000000e+00 -1.26635211e-06 -1.17000000e+00  3.70000000e-01 
-1.18000000e+00  6.70000000e-01 -1.18000000e+00 -1.56898241e-06 -1.18000000e+00  3.70000000e-01 
-1.19000000e+00  6.60000000e-01 -1.19000000e+00 -1.93149380e-06 -1.19000000e+00  3.70000000e-01 
-1.20000000e+00  6.50000000e-01 -1.20000000e+00 -2.36133627e-06 -1.20000000e+00  3.70000000e-01 
-1.21000000e+00  6.40000000e-01 -1.21000000e+00 -2.86574763e-06 -1.21000000e+00  3.70000000e-01 
-1.22000000e+00  6.30000000e-01 -1.22000000e+00 -3.45150157e-06 -1.22000000e+00  3.70000000e-01 
-1.23000000e+00  6.20000000e-01 -1.23000000e+00 -4.12466437e-06 -1.23000000e+00  3.70000000e-01 
-1.24000000e+00  6.10000000e-01 -1.24000000e+00 -4.89037804e-06 -1.24000000e+00  3.70000000e-01 
-1.25000000e+00  6.00000000e-01 -1.25000000e+00 -5.75268520e-06 -1.25000000e+00  3.70000000e-01 
-1.26000000e+00  5.90000000e-01 -1.26000000e+00 -6.71440674e-06 -1.26000000e+00  3.70000000e-01 
-1.27000000e+00  5.80000000e-01 -1.27000000e+00 -7.77707831e-06 -1.27000000e+00  3.70000000e-01 
-1.28000000e+00  5.70000000e-01 -1.28000000e+00 -8.94094584e-06 -1.28000000e+00  3.70000000e-01 
-1.29000000e+00  5.60000000e-01 -1.29000000e+00 -1.02050156e-05 -1.29000000e+00  3.70000000e-01 
-1.30000000e+00  5.50000000e-01 -1.30000000e+00 -1.15671505e-05 -1.30000000e+00  3.70000000e-01 
-1.31000000e+00  5.40000000e-01 -1.31000000e+00 -1.30242009e-05 -1.31000000e+00  3.70000000e-01 
-1.32000000e+00  5.30000000e-01 -1.32000000e+00 -1.45721588e-05 -1.32000000e+00  3.70000000e-01 
-1.33000000e+00  5.20000000e-01 -1.33000000e+00 -1.62063235e-05 -1.33000000e+00  3.70000000e-01 
-1.34000000e+00  5.10000000e-01 -1.34000000e+00 -1.79214668e-05 -1.34000000e+00  3.70000000e-01 
-1.35000000e+00  5.00000000e-01 -1.35000000e+00 -1.97119914e-05 -1.35000000e+00  3.70000000e-01 
-1.36000000e+00  4.90000000e-01 -1.36000000e+00 -2.15720745e-05 -1.36000000e+00  3.70000000e-01 
-1.37000000e+00  4.80000000e-01 -1.37000000e+00 -2.34957925e-05 -1.37000000e+00  3.70000000e-01 
-1.38000000e+00  4.70000000e-01 -1.38000000e+00 -2.54772250e-05 -1.38000000e+00  3.70000000e-01 
-1.39000000e+00  4.60000000e-01 -1.39000000e+00 -2.75105378e-05 -1.39000000e+00  3.70000000e-01 
-1.40000000e+00  4.50000000e-01 -1.40000000e+00 -2.95900452e-05 -1.40000000e+00  3.70000000e-01 
-1.41000000e+00  4.40000000e-01 -1.41000000e+00 -3.17102527e-05 -1.41000000e+00  3.70000000e-01 
-1.42000000e+00  4.30000000e-01 -1.42000000e+00 -3.38658842e-05 -1.42000000e+00  3.70000000e-01 
-1.43000000e+00  4.20000000e-01 -1.43000000e+00 -3.60518944e-05 -1.43000000e+00  3.70000000e-01 
-1.44000000e+00  4.10000000e-01 -1.44000000e+00 -3.82634700e-05 -1.44000000e+00  3.70000000e-01 
-1.45000000e+00  4.00000000e-01 -1.45000000e+00 -4.04960225e-05 -1.45000000e+00  3.70000000e-01 
-1.46000000e+00  3.90000000e-01 -1.46000000e+00 -4.27451740e-05 -1.46000000e+00  3.70000000e-01 
-1.47000000e+00  3.80000000e-01 -1.47000000e+00 -4.50067395e-05 -1.47000000e+00  3.70000000e-01 
-1.48000000e+00  3.70000000e-01 -1.48000000e+00 -4.72767070e-05 -1.48000000e+00  3.70000000e-01 
-1.49000000e+00  3.60000000e-01 -1.49000000e+00 -4.95512171e-05 -1.49000000e+00  3.70000000e-01 
-1.50000000e+00  3.50000000e-01 -1.50000000e+00 -5.18265440e-05 -1.50000000e+00  3.70000000e-01 
-1.51000000e+00  3.40000000e-01 -1.51000000e+00 -5.40990788e-05 -1.51000000e+00  3.70000000e-01 
-1.52000000e+00  3.30000000e-01 -1.52000000e+00 -5.63653167e-05 -1.52000000e+00  3.70000000e-01 
-1.53000000e+00  3.20000000e-01 -1.53000000e+00 -5.86218484e-05 -1.53000000e+00  3.70000000e-01 
-1.54000000e+00  3.10000000e-01 -1.54000000e+00 -6.08653560e-05 -1.54000000e+00  3.70000000e-01 
-1.55000000e+00  3.00000000e-01 -1.55000000e+00 -6.30926153e-05 -1.55000000e+00  3.70000000e-01 
-1.56000000e+00  2.90000000e-01 -1.56000000e+00 -6.53005016e-05 -1.56000000e+00  3.70000000e-01 
-1.57000000e+00  2.80000000e-01 -1.57000000e+00 -6.74860022e-05 -1.57000000e+00  3.70000000e-01 
-1.58000000e+00  2.70000000e-01 -1.58000000e+00 -6.96462311e-05 -1.58000000e+00  3.70000000e-01 
-1.59000000e+00  2.60000000e-01 -1.59000000e+00 -7.17784486e-05 -1.59000000e+00  3.70000000e-01 
-1.60000000e+00  2.50000000e-01 -1.60000000e+00 -7.38800813e-05 -1.60000000e+00  3.70000000e-01 
-1.61000000e+00  2.40000000e-01 -1.61000000e+00 -7.59487438e-05 -1.61000000e+00  3.70000000e-01 
-1.62000000e+00  2.30000000e-01 -1.62000000e+00 -7.79822583e-05 -1.62000000e+00  3.70000000e-01 
-1.63000000e+00  2.20000000e-01 -1.63000000e+00 -7.99786727e-05 -1.63000000e+00  3.70000000e-01 
-1.64000000e+00  2.10000000e-01 -1.64000000e+00 -8.19362746e-05 -1.64000000e+00  3.70000000e-01 
-1.65000000e+00  2.00000000e-01 -1.65000000e+00 -8.38536011e-05 -1.65000000e+00  3.70000000e-01 
-1.66000000e+00  1.90000000e-01 -1.66000000e+00 -8.57294432e-05 -1.66000000e+00  3.70000000e-01 
-1.67000000e+00  1.80000000e-01 -1.67000000e+00 -8.75628453e-05 -1.67000000e+00  3.70000000e-01 
-1.68000000e+00  1.70000000e-01 -1.68000000e+00 -8.93530993e-05 -1.68000000e+00  3.70000000e-01 
-1.69000000e+00  1.60000000e-01 -1.69000000e+00 -9.10997346e-05 -1.69000000e+00  3.70000000e-01 
-1.70000000e+00  1.50000000e-01 -1.70000000e+00 -9.28025038e-05 -1.70000000e+00  3.70000000e-01 
-1.71000000e+00  1.40000000e-01 -1.71000000e+00 -9.44613656e-05 -1.71000000e+00  3.70000000e-01 
-1.72000000e+00  1.30000000e-01 -1.72000000e+00 -9.60764656e-05 -1.72000000e+00  3.70000000e-01 
-1.73000000e+00  1.20000000e-01 -1.73000000e+00 -9.76481160e-05 -1.73000000e+00  3.70000000e-01 
-1.74000000e+00  1.10000000e-01 -1.74000000e+00 -9.91767745e-05 -1.74000000e+00  3.70000000e-01 
-1.75000000e+00  1.00000000e-01 -1.75000000e+00 -1.00663024e-04 -1.75000000e+00  3.70000000e-01 
-1.76000000e+00  9.00000000e-02 -1.76000000e+00 -1.02107553e-04 -1.76000000e+00  3.70000000e-01 
-1.77000000e+00  8.00000000e-02 -1.77000000e+00 -1.03511137e-04 -1.77000000e+00  3.70000000e-01 
-1.78000000e+00  7.00000000e-02 -1.78000000e+00 -1.04874620e-04 -1.78000000e+00  3.70000000e-01 
-1.79000000e+00  6.00000000e-02 -1.79000000e+00 -1.06198903e-04 -1.79000000e+00  3.70000000e-01 
-1.80000000e+00  5.00000000e-02 -1.80000000e+00 -1.07484924e-04 -1.80000000e+00  3.70000000e-01 
-1.81000000e+00  4.00000000e-02 -1.81000000e+00 -1.08733652e-04 -1.81000000e+00  3.70000000e-01 
-1.82000000e+00  3.00000000e-02 -1.82000000e+00 -1.09946074e-04 -1.82000000e+00  3.70000000e-01 
-1.83000000e+00  2.00000000e-02 -1.83000000e+00 -1.11123186e-04 -1.83000000e+00  3.70000000e-01 
-1.84000000e+00  1.00000000e-02 -1.84000000e+00 -1.12265986e-04 -1.84000000e+00  3.70000000e-01 
-1.85000000e+00 -1.33226763e-15 -1.85000000e+00 -1.13375466e-04 -1.85000000e+00  3.70000000e-01 
