 0.00000000e+00  1.85000000e+00  0.00000000e+00 -8.31812868e-18  0.00000000e+00  1.11000000e+00 
-1.00000000e-02  1.84000000e+00 -1.00000000e-02 -1.03884244e-17 -1.00000000e-02  1.11000000e+00 
-2.00000000e-02  1.83000000e+00 -2.00000000e-02 -1.29739944e-17 -2.00000000e-02  1.11000000e+00 
-3.00000000e-02  1.82000000e+00 -3.00000000e-02 -1.62030849e-17 -3.00000000e-02  1.11000000e+00 
-4.00000000e-02  1.81000000e+00 -4.00000000e-02 -2.02358608e-17 -4.00000000e-02  1.11000000e+00 
-5.00000000e-02  1.80000000e+00 -5.00000000e-02 -2.52723499e-17 -5.00000000e-02  1.11000000e+00 
-6.00000000e-02  1.79000000e+00 -6.00000000e-02 -3.15623648e-17 -6.00000000e-02  1.11000000e+00 
-7.00000000e-02  1.78000000e+00 -7.00000000e-02 -3.94178929e-17 -7.00000000e-02  1.11000000e+00 
-8.00000000e-02  1.77000000e+00 -8.00000000e-02 -4.92285714e-17 -8.00000000e-02  1.11000000e+00 
-9.00000000e-02  1.76000000e+00 -9.00000000e-02 -6.14810128e-17 -9.00000000e-02  1.11000000e+00 
-1.00000000e-01  1.75000000e+00 -1.00000000e-01 -7.67829405e-17 -1.00000000e-01  1.11000000e+00 
-1.10000000e-01  1.74000000e+00 -1.10000000e-01 -9.58933315e-17 -1.10000000e-01  1.11000000e+00 
-1.20000000e-01  1.73000000e+00 -1.20000000e-01 -1.19760061e-16 -1.20000000e-01  1.11000000e+00 
-1.30000000e-01  1.72000000e+00 -1.30000000e-01 -1.49566914e-16 -1.30000000e-01  1.11000000e+00 
-1.40000000e-01  1.71000000e+00 -1.40000000e-01 -1.86792303e-16 -1.40000000e-01  1.11000000e+00 
-1.50000000e-01  1.70000000e+00 -1.50000000e-01 -2.33282589e-16 -1.50000000e-01  1.11000000e+00 
-1.60000000e-01  1.69000000e+00 -1.60000000e-01 -2.91343660e-16 -1.60000000e-01  1.11000000e+00 
-1.70000000e-01  1.68000000e+00 -1.70000000e-01 -3.63855296e-16 -1.70000000e-01  1.11000000e+00 
-1.80000000e-01  1.67000000e+00 -1.80000000e-01 -4.54413997e-16 -1.80000000e-01  1.11000000e+00 
-1.90000000e-01  1.66000000e+00 -1.90000000e-01 -5.67511354e-16 -1.90000000e-01  1.11000000e+00 
-2.00000000e-01  1.65000000e+00 -2.00000000e-01 -7.08756814e-16 -2.00000000e-01  1.11000000e+00 
-2.10000000e-01  1.64000000e+00 -2.10000000e-01 -8.85155880e-16 -2.10000000e-01  1.11000000e+00 
-2.20000000e-01  1.63000000e+00 -2.20000000e-01 -1.10545754e-15 -2.20000000e-01  1.11000000e+00 
-2.30000000e-01  1.62000000e+00 -2.30000000e-01 -1.38058818e-15 -2.30000000e-01  1.11000000e+00 
-2.40000000e-01  1.61000000e+00 -2.40000000e-01 -1.72419340e-15 -2.40000000e-01  1.11000000e+00 
-2.50000000e-01  1.60000000e+00 -2.50000000e-01 -2.15331480e-15 -2.50000000e-01  1.11000000e+00 
-2.60000000e-01  1.59000000e+00 -2.60000000e-01 -2.68923501e-15 -2.60000000e-01  1.11000000e+00 
-2.70000000e-01  1.58000000e+00 -2.70000000e-01 -3.35853312e-15 -2.70000000e-01  1.11000000e+00 
-2.80000000e-01  1.57000000e+00 -2.80000000e-01 -4.19440265e-15 -2.80000000e-01  1.11000000e+00 
-2.90000000e-01  1.56000000e+00 -2.90000000e-01 -5.23829754e-15 -2.90000000e-01  1.11000000e+00 
-3.00000000e-01  1.55000000e+00 -3.00000000e-01 -6.54198756e-15 -3.00000000e-01  1.11000000e+00 
-3.10000000e-01  1.54000000e+00 -3.10000000e-01 -8.17012525e-15 -3.10000000e-01  1.11000000e+00 
-3.20000000e-01  1.53000000e+00 -3.20000000e-01 -1.02034514e-14 -3.20000000e-01  1.11000000e+00 
-3.30000000e-01  1.52000000e+00 -3.30000000e-01 -1.27427980e-14 -3.30000000e-01  1.11000000e+00 
-3.40000000e-01  1.51000000e+00 -3.40000000e-01 -1.59140871e-14 -3.40000000e-01  1.11000000e+00 
-3.50000000e-01  1.50000000e+00 -3.50000000e-01 -1.98745729e-14 -3.50000000e-01  1.11000000e+00 
-3.60000000e-01  1.49000000e+00 -3.60000000e-01 -2.48206368e-14 -3.60000000e-01  1.11000000e+00 
-3.70000000e-01  1.48000000e+00 -3.70000000e-01 -3.09975211e-14 -3.70000000e-01  1.11000000e+00 
-3.80000000e-01  1.47000000e+00 -3.80000000e-01 -3.87114834e-14 -3.80000000e-01  1.11000000e+00 
-3.90000000e-01  1.46000000e+00 -3.90000000e-01 -4.83449733e-14 -3.90000000e-01  1.11000000e+00 
-4.00000000e-01  1.45000000e+00 -4.00000000e-01 -6.03755838e-14 -4.00000000e-01  1.11000000e+00 
-4.10000000e-01  1.44000000e+00 -4.10000000e-01 -7.53997131e-14 -4.10000000e-01  1.11000000e+00 
-4.20000000e-01  1.43000000e+00 -4.20000000e-01 -9.41621096e-14 -4.20000000e-01  1.11000000e+00 
-4.30000000e-01  1.42000000e+00 -4.30000000e-01 -1.17592760e-13 -4.30000000e-01  1.11000000e+00 
-4.40000000e-01  1.41000000e+00 -4.40000000e-01 -1.46852946e-13 -4.40000000e-01  1.11000000e+00 
-4.50000000e-01  1.40000000e+00 -4.50000000e-01 -1.83392742e-13 -4.50000000e-01  1.11000000e+00 
-4.60000000e-01  1.39000000e+00 -4.60000000e-01 -2.29022801e-13 -4.60000000e-01  1.11000000e+00 
-4.70000000e-01  1.38000000e+00 -4.70000000e-01 -2.86003969e-13 -4.70000000e-01  1.11000000e+00 
-4.80000000e-01  1.37000000e+00 -4.80000000e-01 -3.57159149e-13 -4.80000000e-01  1.11000000e+00 
-4.90000000e-01  1.36000000e+00 -4.90000000e-01 -4.46012937e-13 -4.90000000e-01  1.11000000e+00 
-5.00000000e-01  1.35000000e+00 -5.00000000e-01 -5.56965918e-13 -5.00000000e-01  1.11000000e+00 
-5.10000000e-01  1.34000000e+00 -5.10000000e-01 -6.95512169e-13 -5.10000000e-01  1.11000000e+00 
-5.20000000e-01  1.33000000e+00 -5.20000000e-01 -8.68510721e-13 -5.20000000e-01  1.11000000e+00 
-5.30000000e-01  1.32000000e+00 -5.30000000e-01 -1.08452438e-12 -5.30000000e-01  1.11000000e+00 
-5.40000000e-01  1.31000000e+00 -5.40000000e-01 -1.35424241e-12 -5.40000000e-01  1.11000000e+00 
-5.50000000e-01  1.30000000e+00 -5.50000000e-01 -1.69100793e-12 -5.50000000e-01  1.11000000e+00 
-5.60000000e-01  1.29000000e+00 -5.60000000e-01 -2.11147584e-12 -5.60000000e-01  1.11000000e+00 
-5.70000000e-01  1.28000000e+00 -5.70000000e-01 -2.63643348e-12 -5.70000000e-01  1.11000000e+00 
-5.80000000e-01  1.27000000e+00 -5.80000000e-01 -3.29182418e-12 -5.80000000e-01  1.11000000e+00 
-5.90000000e-01  1.26000000e+00 -5.90000000e-01 -4.11002350e-12 -5.90000000e-01  1.11000000e+00 
-6.00000000e-01  1.25000000e+00 -6.00000000e-01 -5.13143051e-12 -6.00000000e-01  1.11000000e+00 
-6.10000000e-01  1.24000000e+00 -6.10000000e-01 -6.40645133e-12 -6.10000000e-01  1.11000000e+00 
-6.20000000e-01  1.23000000e+00 -6.20000000e-01 -7.99797106e-12 -6.20000000e-01  1.11000000e+00 
-6.30000000e-01  1.22000000e+00 -6.30000000e-01 -9.98443384e-12 -6.30000000e-01  1.11000000e+00 
-6.40000000e-01  1.21000000e+00 -6.40000000e-01 -1.24636794e-11 -6.40000000e-01  1.11000000e+00 
-6.50000000e-01  1.20000000e+00 -6.50000000e-01 -1.55577207e-11 -6.50000000e-01  1.11000000e+00 
-6.60000000e-01  1.19000000e+00 -6.60000000e-01 -1.94186915e-11 -6.60000000e-01  1.11000000e+00 
-6.70000000e-01  1.18000000e+00 -6.70000000e-01 -2.42362483e-11 -6.70000000e-01  1.11000000e+00 
-6.80000000e-01  1.17000000e+00 -6.80000000e-01 -3.02467774e-11 -6.80000000e-01  1.11000000e+00 
-6.90000000e-01  1.16000000e+00 -6.90000000e-01 -3.77448447e-11 -6.90000000e-01  1.11000000e+00 
-7.00000000e-01  1.15000000e+00 -7.00000000e-01 -4.70974260e-11 -7.00000000e-01  1.11000000e+00 
-7.10000000e-01  1.14000000e+00 -7.10000000e-01 -5.87615861e-11 -7.10000000e-01  1.11000000e+00 
-7.20000000e-01  1.13000000e+00 -7.20000000e-01 -7.33064295e-11 -7.20000000e-01  1.11000000e+00 
-7.30000000e-01  1.12000000e+00 -7.30000000e-01 -9.14403406e-11 -7.30000000e-01  1.11000000e+00 
-7.40000000e-01  1.11000000e+00 -7.40000000e-01 -1.14044767e-10 -7.40000000e-01  1.11000000e+00 
-7.50000000e-01  1.10000000e+00 -7.50000000e-01 -1.42216091e-10 -7.50000000e-01  1.11000000e+00 
-7.60000000e-01  1.09000000e+00 -7.60000000e-01 -1.77317489e-10 -7.60000000e-01  1.11000000e+00 
-7.70000000e-01  1.08000000e+00 -7.70000000e-01 -2.21043127e-10 -7.70000000e-01  1.11000000e+00 
-7.80000000e-01  1.07000000e+00 -7.80000000e-01 -2.75497549e-10 -7.80000000e-01  1.11000000e+00 
-7.90000000e-01  1.06000000e+00 -7.90000000e-01 -3.43293814e-10 -7.90000000e-01  1.11000000e+00 
-8.00000000e-01  1.05000000e+00 -8.00000000e-01 -4.27674707e-10 -8.00000000e-01  1.11000000e+00 
-8.10000000e-01  1.04000000e+00 -8.10000000e-01 -5.32662363e-10 -8.10000000e-01  1.11000000e+00 
-8.20000000e-01  1.03000000e+00 -8.20000000e-01 -6.63242871e-10 -8.20000000e-01  1.11000000e+00 
-8.30000000e-01  1.02000000e+00 -8.30000000e-01 -8.25593944e-10 -8.30000000e-01  1.11000000e+00 
-8.40000000e-01  1.01000000e+00 -8.40000000e-01 -1.02736563e-09 -8.40000000e-01  1.11000000e+00 
-8.50000000e-01  1.00000000e+00 -8.50000000e-01 -1.27802648e-09 -8.50000000e-01  1.11000000e+00 
-8.60000000e-01  9.90000000e-01 -8.60000000e-01 -1.58929053e-09 -8.60000000e-01  1.11000000e+00 
-8.70000000e-01  9.80000000e-01 -8.70000000e-01 -1.97564447e-09 -8.70000000e-01  1.11000000e+00 
-8.80000000e-01  9.70000000e-01 -8.80000000e-01 -2.45499927e-09 -8.80000000e-01  1.11000000e+00 
-8.90000000e-01  9.60000000e-01 -8.90000000e-01 -3.04949727e-09 -8.90000000e-01  1.11000000e+00 
-9.00000000e-01  9.50000000e-01 -9.00000000e-01 -3.78651432e-09 -9.00000000e-01  1.11000000e+00 
-9.10000000e-01  9.40000000e-01 -9.10000000e-01 -4.69990826e-09 -9.10000000e-01  1.11000000e+00 
-9.20000000e-01  9.30000000e-01 -9.20000000e-01 -5.83158052e-09 -9.20000000e-01  1.11000000e+00 
-9.30000000e-01  9.20000000e-01 -9.30000000e-01 -7.23343839e-09 -9.30000000e-01  1.11000000e+00 
-9.40000000e-01  9.10000000e-01 -9.40000000e-01 -8.96987360e-09 -9.40000000e-01  1.11000000e+00 
-9.50000000e-01  9.00000000e-01 -9.50000000e-01 -1.11209096e-08 -9.50000000e-01  1.11000000e+00 
-9.60000000e-01  8.90000000e-01 -9.60000000e-01 -1.37862195e-08 -9.60000000e-01  1.11000000e+00 
-9.70000000e-01  8.80000000e-01 -9.70000000e-01 -1.70902785e-08 -9.70000000e-01  1.11000000e+00 
-9.80000000e-01  8.70000000e-01 -9.80000000e-01 -2.11889977e-08 -9.80000000e-01  1.11000000e+00 
-9.90000000e-01  8.60000000e-01 -9.90000000e-01 -2.62782813e-08 -9.90000000e-01  1.11000000e+00 
-1.00000000e+00  8.50000000e-01 -1.00000000e+00 -3.26050699e-08 -1.00000000e+00  1.11000000e+00 
-1.01000000e+00  8.40000000e-01 -1.01000000e+00 -4.04815593e-08 -1.01000000e+00  1.11000000e+00 
-1.02000000e+00  8.30000000e-01 -1.02000000e+00 -5.03034207e-08 -1.02000000e+00  1.11000000e+00 
-1.03000000e+00  8.20000000e-01 -1.03000000e+00 -6.25729639e-08 -1.03000000e+00  1.11000000e+00 
-1.04000000e+00  8.10000000e-01 -1.04000000e+00 -7.79282540e-08 -1.04000000e+00  1.11000000e+00 
-1.05000000e+00  8.00000000e-01 -1.05000000e+00 -9.71791736e-08 -1.05000000e+00  1.11000000e+00 
-1.06000000e+00  7.90000000e-01 -1.06000000e+00 -1.21351250e-07 -1.06000000e+00  1.11000000e+00 
-1.07000000e+00  7.80000000e-01 -1.07000000e+00 -1.51737682e-07 -1.07000000e+00  1.11000000e+00 
-1.08000000e+00  7.70000000e-01 -1.08000000e+00 -1.89959344e-07 -1.08000000e+00  1.11000000e+00 
-1.09000000e+00  7.60000000e-01 -1.09000000e+00 -2.38031531e-07 -1.09000000e+00  1.11000000e+00 
-1.10000000e+00  7.50000000e-01 -1.10000000e+00 -2.98434917e-07 -1.10000000e+00  1.11000000e+00 
-1.11000000e+00  7.40000000e-01 -1.11000000e+00 -3.74186558e-07 -1.11000000e+00  1.11000000e+00 
-1.12000000e+00  7.30000000e-01 -1.12000000e+00 -4.68905068e-07 -1.12000000e+00  1.11000000e+00 
-1.13000000e+00  7.20000000e-01 -1.13000000e+00 -5.86862484e-07 -1.13000000e+00  1.11000000e+00 
-1.14000000e+00  7.10000000e-01 -1.14000000e+00 -7.33014189e-07 -1.14000000e+00  1.11000000e+00 
-1.15000000e+00  7.00000000e-01 -1.15000000e+00 -9.12997961e-07 -1.15000000e+00  1.11000000e+00 
-1.16000000e+00  6.90000000e-01 -1.16000000e+00 -1.13309405e-06 -1.16000000e+00  1.11000000e+00 
-1.17000000e+00  6.80000000e-01 -1.17000000e+00 -1.40014048e-06 -1.17000000e+00  1.11000000e+00 
-1.18000000e+00  6.70000000e-01 -1.18000000e+00 -1.72140124e-06 -1.18000000e+00  1.11000000e+00 
-1.19000000e+00  6.60000000e-01 -1.19000000e+00 -2.10438991e-06 -1.19000000e+00  1.11000000e+00 
-1.20000000e+00  6.50000000e-01 -1.20000000e+00 -2.55665587e-06 -1.20000000e+00  1.11000000e+00 
-1.21000000e+00  6.40000000e-01 -1.21000000e+00 -3.08554574e-06 -1.21000000e+00  1.11000000e+00 
-1.22000000e+00  6.30000000e-01 -1.22000000e+00 -3.69795552e-06 -1.22000000e+00  1.11000000e+00 
-1.23000000e+00  6.20000000e-01 -1.23000000e+00 -4.40009149e-06 -1.23000000e+00  1.11000000e+00 
-1.24000000e+00  6.10000000e-01 -1.24000000e+00 -5.19725728e-06 -1.24000000e+00  1.11000000e+00 
-1.25000000e+00  6.00000000e-01 -1.25000000e+00 -6.09368210e-06 -1.25000000e+00  1.11000000e+00 
-1.26000000e+00  5.90000000e-01 -1.26000000e+00 -7.09240142e-06 -1.26000000e+00  1.11000000e+00 
-1.27000000e+00  5.80000000e-01 -1.27000000e+00 -8.19519557e-06 -1.27000000e+00  1.11000000e+00 
-1.28000000e+00  5.70000000e-01 -1.28000000e+00 -9.40258714e-06 -1.28000000e+00  1.11000000e+00 
-1.29000000e+00  5.60000000e-01 -1.29000000e+00 -1.07138923e-05 -1.29000000e+00  1.11000000e+00 
-1.30000000e+00  5.50000000e-01 -1.30000000e+00 -1.21273180e-05 -1.30000000e+00  1.11000000e+00 
-1.31000000e+00  5.40000000e-01 -1.31000000e+00 -1.36400942e-05 -1.31000000e+00  1.11000000e+00 
-1.32000000e+00  5.30000000e-01 -1.32000000e+00 -1.52486289e-05 -1.32000000e+00  1.11000000e+00 
-1.33000000e+00  5.20000000e-01 -1.33000000e+00 -1.69486752e-05 -1.33000000e+00  1.11000000e+00 
-1.34000000e+00  5.10000000e-01 -1.34000000e+00 -1.87354986e-05 -1.34000000e+00  1.11000000e+00 
-1.35000000e+00  5.00000000e-01 -1.35000000e+00 -2.06040383e-05 -1.35000000e+00  1.11000000e+00 
-1.36000000e+00  4.90000000e-01 -1.36000000e+00 -2.25490527e-05 -1.36000000e+00  1.11000000e+00 
-1.37000000e+00  4.80000000e-01 -1.37000000e+00 -2.45652488e-05 -1.37000000e+00  1.11000000e+00 
-1.38000000e+00  4.70000000e-01 -1.38000000e+00 -2.66473901e-05 -1.38000000e+00  1.11000000e+00 
-1.39000000e+00  4.60000000e-01 -1.39000000e+00 -2.87903845e-05 -1.39000000e+00  1.11000000e+00 
-1.40000000e+00  4.50000000e-01 -1.40000000e+00 -3.09893513e-05 -1.40000000e+00  1.11000000e+00 
-1.41000000e+00  4.40000000e-01 -1.41000000e+00 -3.32396703e-05 -1.41000000e+00  1.11000000e+00 
-1.42000000e+00  4.30000000e-01 -1.42000000e+00 -3.55370143e-05 -1.42000000e+00  1.11000000e+00 
-1.43000000e+00  4.20000000e-01 -1.43000000e+00 -3.78773675e-05 -1.43000000e+00  1.11000000e+00 
-1.44000000e+00  4.10000000e-01 -1.44000000e+00 -4.02570326e-05 -1.44000000e+00  1.11000000e+00 
-1.45000000e+00  4.00000000e-01 -1.45000000e+00 -4.26726283e-05 -1.45000000e+00  1.11000000e+00 
-1.46000000e+00  3.90000000e-01 -1.46000000e+00 -4.51210805e-05 -1.46000000e+00  1.11000000e+00 
-1.47000000e+00  3.80000000e-01 -1.47000000e+00 -4.75996078e-05 -1.47000000e+00  1.11000000e+00 
-1.48000000e+00  3.70000000e-01 -1.48000000e+00 -5.01057036e-05 -1.48000000e+00  1.11000000e+00 
-1.49000000e+00  3.60000000e-01 -1.49000000e+00 -5.26371165e-05 -1.49000000e+00  1.11000000e+00 
-1.50000000e+00  3.50000000e-01 -1.50000000e+00 -5.51918288e-05 -1.50000000e+00  1.11000000e+00 
-1.51000000e+00  3.40000000e-01 -1.51000000e+00 -5.77680354e-05 -1.51000000e+00  1.11000000e+00 
-1.52000000e+00  3.30000000e-01 -1.52000000e+00 -6.03641230e-05 -1.52000000e+00  1.11000000e+00 
-1.53000000e+00  3.20000000e-01 -1.53000000e+00 -6.29786499e-05 -1.53000000e+00  1.11000000e+00 
-1.54000000e+00  3.10000000e-01 -1.54000000e+00 -6.56103268e-05 -1.54000000e+00  1.11000000e+00 
-1.55000000e+00  3.00000000e-01 -1.55000000e+00 -6.82579993e-05 -1.55000000e+00  1.11000000e+00 
-1.56000000e+00  2.90000000e-01 -1.56000000e+00 -7.09206318e-05 -1.56000000e+00  1.11000000e+00 
-1.57000000e+00  2.80000000e-01 -1.57000000e+00 -7.35972924e-05 -1.57000000e+00  1.11000000e+00 
-1.58000000e+00  2.70000000e-01 -1.58000000e+00 -7.62871400e-05 -1.58000000e+00  1.11000000e+00 
-1.59000000e+00  2.60000000e-01 -1.59000000e+00 -7.89894118e-05 -1.59000000e+00  1.11000000e+00 
-1.60000000e+00  2.50000000e-01 -1.60000000e+00 -8.17034133e-05 -1.60000000e+00  1.11000000e+00 
-1.61000000e+00  2.40000000e-01 -1.61000000e+00 -8.44285085e-05 -1.61000000e+00  1.11000000e+00 
-1.62000000e+00  2.30000000e-01 -1.62000000e+00 -8.71641120e-05 -1.62000000e+00  1.11000000e+00 
-1.63000000e+00  2.20000000e-01 -1.63000000e+00 -8.99096817e-05 -1.63000000e+00  1.11000000e+00 
-1.64000000e+00  2.10000000e-01 -1.64000000e+00 -9.26647124e-05 -1.64000000e+00  1.11000000e+00 
-1.65000000e+00  2.00000000e-01 -1.65000000e+00 -9.54287307e-05 -1.65000000e+00  1.11000000e+00 
-1.66000000e+00  1.90000000e-01 -1.66000000e+00 -9.82012901e-05 -1.66000000e+00  1.11000000e+00 
-1.67000000e+00  1.80000000e-01 -1.67000000e+00 -1.00981967e-04 -1.67000000e+00  1.11000000e+00 
-1.68000000e+00  1.70000000e-01 -1.68000000e+00 -1.03770358e-04 -1.68000000e+00  1.11000000e+00 
-1.69000000e+00  1.60000000e-01 -1.69000000e+00 -1.06566075e-04 -1.69000000e+00  1.11000000e+00 
-1.70000000e+00  1.50000000e-01 -1.70000000e+00 -1.09368746e-04 -1.70000000e+00  1.11000000e+00 
-1.71000000e+00  1.40000000e-01 -1.71000000e+00 -1.12178008e-04 -1.71000000e+00  1.11000000e+00 
-1.72000000e+00  1.30000000e-01 -1.72000000e+00 -1.14993513e-04 -1.72000000e+00  1.11000000e+00 
-1.73000000e+00  1.20000000e-01 -1.73000000e+00 -1.17814917e-04 -1.73000000e+00  1.11000000e+00 
-1.74000000e+00  1.10000000e-01 -1.74000000e+00 -1.20641886e-04 -1.74000000e+00  1.11000000e+00 
-1.75000000e+00  1.00000000e-01 -1.75000000e+00 -1.23474092e-04 -1.75000000e+00  1.11000000e+00 
-1.76000000e+00  9.00000000e-02 -1.76000000e+00 -1.26311213e-04 -1.76000000e+00  1.11000000e+00 
-1.77000000e+00  8.00000000e-02 -1.77000000e+00 -1.29152931e-04 -1.77000000e+00  1.11000000e+00 
-1.78000000e+00  7.00000000e-02 -1.78000000e+00 -1.31998932e-04 -1.78000000e+00  1.11000000e+00 
-1.79000000e+00  6.00000000e-02 -1.79000000e+00 -1.34848907e-04 -1.79000000e+00  1.11000000e+00 
-1.80000000e+00  5.00000000e-02 -1.80000000e+00 -1.37702549e-04 -1.80000000e+00  1.11000000e+00 
-1.81000000e+00  4.00000000e-02 -1.81000000e+00 -1.40559554e-04 -1.81000000e+00  1.11000000e+00 
-1.82000000e+00  3.00000000e-02 -1.82000000e+00 -1.43419619e-04 -1.82000000e+00  1.11000000e+00 
-1.83000000e+00  2.00000000e-02 -1.83000000e+00 -1.46282445e-04 -1.83000000e+00  1.11000000e+00 
-1.84000000e+00  1.00000000e-02 -1.84000000e+00 -1.49147735e-04 -1.84000000e+00  1.11000000e+00 
-1.85000000e+00 -1.33226763e-15 -1.85000000e+00 -1.52015190e-04 -1.85000000e+00  1.11000000e+00 
