 0.00000000e+00  1.85000000e+00  0.00000000e+00 -7.26500093e-18  0.00000000e+00  7.40000000e-01 
-1.00000000e-02  1.84000000e+00 -1.00000000e-02 -9.07318407e-18 -1.00000000e-02  7.40000000e-01 
-2.00000000e-02  1.83000000e+00 -2.00000000e-02 -1.13314046e-17 -2.00000000e-02  7.40000000e-01 
-3.00000000e-02  1.82000000e+00 -3.00000000e-02 -1.41516718e-17 -3.00000000e-02  7.40000000e-01 
-4.00000000e-02  1.81000000e+00 -4.00000000e-02 -1.76738727e-17 -4.00000000e-02  7.40000000e-01 
-5.00000000e-02  1.80000000e+00 -5.00000000e-02 -2.20727104e-17 -5.00000000e-02  7.40000000e-01 
-6.00000000e-02  1.79000000e+00 -6.00000000e-02 -2.75663696e-17 -6.00000000e-02  7.40000000e-01 
-7.00000000e-02  1.78000000e+00 -7.00000000e-02 -3.44273381e-17 -7.00000000e-02  7.40000000e-01 
-8.00000000e-02  1.77000000e+00 -8.00000000e-02 -4.29959226e-17 -8.00000000e-02  7.40000000e-01 
-9.00000000e-02  1.76000000e+00 -9.00000000e-02 -5.36971274e-17 -9.00000000e-02  7.40000000e-01 
-1.00000000e-01  1.75000000e+00 -1.00000000e-01 -6.70617342e-17 -1.00000000e-01  7.40000000e-01 
-1.10000000e-01  1.74000000e+00 -1.10000000e-01 -8.37526287e-17 -1.10000000e-01  7.40000000e-01 
-1.20000000e-01  1.73000000e+00 -1.20000000e-01 -1.04597679e-16 -1.20000000e-01  7.40000000e-01 
-1.30000000e-01  1.72000000e+00 -1.30000000e-01 -1.30630796e-16 -1.30000000e-01  7.40000000e-01 
-1.40000000e-01  1.71000000e+00 -1.40000000e-01 -1.63143215e-16 -1.40000000e-01  7.40000000e-01 
-1.50000000e-01  1.70000000e+00 -1.50000000e-01 -2.03747536e-16 -1.50000000e-01  7.40000000e-01 
-1.60000000e-01  1.69000000e+00 -1.60000000e-01 -2.54457708e-16 -1.60000000e-01  7.40000000e-01 
-1.70000000e-01  1.68000000e+00 -1.70000000e-01 -3.17788912e-16 -1.70000000e-01  7.40000000e-01 
-1.80000000e-01  1.67000000e+00 -1.80000000e-01 -3.96882309e-16 -1.80000000e-01  7.40000000e-01 
-1.90000000e-01  1.66000000e+00 -1.90000000e-01 -4.95660824e-16 -1.90000000e-01  7.40000000e-01 
-2.00000000e-01  1.65000000e+00 -2.00000000e-01 -6.19023715e-16 -2.00000000e-01  7.40000000e-01 
-2.10000000e-01  1.64000000e+00 -2.10000000e-01 -7.73089542e-16 -2.10000000e-01  7.40000000e-01 
-2.20000000e-01  1.63000000e+00 -2.20000000e-01 -9.65499620e-16 -2.20000000e-01  7.40000000e-01 
-2.30000000e-01  1.62000000e+00 -2.30000000e-01 -1.20579697e-15 -2.30000000e-01  7.40000000e-01 
-2.40000000e-01  1.61000000e+00 -2.40000000e-01 -1.50589960e-15 -2.40000000e-01  7.40000000e-01 
-2.50000000e-01  1.60000000e+00 -2.50000000e-01 -1.88069152e-15 -2.50000000e-01  7.40000000e-01 
-2.60000000e-01  1.59000000e+00 -2.60000000e-01 -2.34876084e-15 -2.60000000e-01  7.40000000e-01 
-2.70000000e-01  1.58000000e+00 -2.70000000e-01 -2.93332157e-15 -2.70000000e-01  7.40000000e-01 
-2.80000000e-01  1.57000000e+00 -2.80000000e-01 -3.66336473e-15 -2.80000000e-01  7.40000000e-01 
-2.90000000e-01  1.56000000e+00 -2.90000000e-01 -4.57509592e-15 -2.90000000e-01  7.40000000e-01 
-3.00000000e-01  1.55000000e+00 -3.00000000e-01 -5.71373054e-15 -3.00000000e-01  7.40000000e-01 
-3.10000000e-01  1.54000000e+00 -3.10000000e-01 -7.13573570e-15 -3.10000000e-01  7.40000000e-01 
-3.20000000e-01  1.53000000e+00 -3.20000000e-01 -8.91162991e-15 -3.20000000e-01  7.40000000e-01 
-3.30000000e-01  1.52000000e+00 -3.30000000e-01 -1.11294792e-14 -3.30000000e-01  7.40000000e-01 
-3.40000000e-01  1.51000000e+00 -3.40000000e-01 -1.38992630e-14 -3.40000000e-01  7.40000000e-01 
-3.50000000e-01  1.50000000e+00 -3.50000000e-01 -1.73583263e-14 -3.50000000e-01  7.40000000e-01 
-3.60000000e-01  1.49000000e+00 -3.60000000e-01 -2.16781873e-14 -3.60000000e-01  7.40000000e-01 
-3.70000000e-01  1.48000000e+00 -3.70000000e-01 -2.70730391e-14 -3.70000000e-01  7.40000000e-01 
-3.80000000e-01  1.47000000e+00 -3.80000000e-01 -3.38103651e-14 -3.80000000e-01  7.40000000e-01 
-3.90000000e-01  1.46000000e+00 -3.90000000e-01 -4.22241946e-14 -3.90000000e-01  7.40000000e-01 
-4.00000000e-01  1.45000000e+00 -4.00000000e-01 -5.27316542e-14 -4.00000000e-01  7.40000000e-01 
-4.10000000e-01  1.44000000e+00 -4.10000000e-01 -6.58536345e-14 -4.10000000e-01  7.40000000e-01 
-4.20000000e-01  1.43000000e+00 -4.20000000e-01 -8.22405941e-14 -4.20000000e-01  7.40000000e-01 
-4.30000000e-01  1.42000000e+00 -4.30000000e-01 -1.02704778e-13 -4.30000000e-01  7.40000000e-01 
-4.40000000e-01  1.41000000e+00 -4.40000000e-01 -1.28260442e-13 -4.40000000e-01  7.40000000e-01 
-4.50000000e-01  1.40000000e+00 -4.50000000e-01 -1.60174074e-13 -4.50000000e-01  7.40000000e-01 
-4.60000000e-01  1.39000000e+00 -4.60000000e-01 -2.00027087e-13 -4.60000000e-01  7.40000000e-01 
-4.70000000e-01  1.38000000e+00 -4.70000000e-01 -2.49794090e-13 -4.70000000e-01  7.40000000e-01 
-4.80000000e-01  1.37000000e+00 -4.80000000e-01 -3.11940593e-13 -4.80000000e-01  7.40000000e-01 
-4.90000000e-01  1.36000000e+00 -4.90000000e-01 -3.89544960e-13 -4.90000000e-01  7.40000000e-01 
-5.00000000e-01  1.35000000e+00 -5.00000000e-01 -4.86450637e-13 -5.00000000e-01  7.40000000e-01 
-5.10000000e-01  1.34000000e+00 -5.10000000e-01 -6.07456129e-13 -5.10000000e-01  7.40000000e-01 
-5.20000000e-01  1.33000000e+00 -5.20000000e-01 -7.58552084e-13 -5.20000000e-01  7.40000000e-01 
-5.30000000e-01  1.32000000e+00 -5.30000000e-01 -9.47217223e-13 -5.30000000e-01  7.40000000e-01 
-5.40000000e-01  1.31000000e+00 -5.40000000e-01 -1.18278752e-12 -5.40000000e-01  7.40000000e-01 
-5.50000000e-01  1.30000000e+00 -5.50000000e-01 -1.47691682e-12 -5.50000000e-01  7.40000000e-01 
-5.60000000e-01  1.29000000e+00 -5.60000000e-01 -1.84415151e-12 -5.60000000e-01  7.40000000e-01 
-5.70000000e-01  1.28000000e+00 -5.70000000e-01 -2.30264724e-12 -5.70000000e-01  7.40000000e-01 
-5.80000000e-01  1.27000000e+00 -5.80000000e-01 -2.87506296e-12 -5.80000000e-01  7.40000000e-01 
-5.90000000e-01  1.26000000e+00 -5.90000000e-01 -3.58967562e-12 -5.90000000e-01  7.40000000e-01 
-6.00000000e-01  1.25000000e+00 -6.00000000e-01 -4.48177001e-12 -6.00000000e-01  7.40000000e-01 
-6.10000000e-01  1.24000000e+00 -6.10000000e-01 -5.59537132e-12 -6.10000000e-01  7.40000000e-01 
-6.20000000e-01  1.23000000e+00 -6.20000000e-01 -6.98540423e-12 -6.20000000e-01  7.40000000e-01 
-6.30000000e-01  1.22000000e+00 -6.30000000e-01 -8.72038329e-12 -6.30000000e-01  7.40000000e-01 
-6.40000000e-01  1.21000000e+00 -6.40000000e-01 -1.08857641e-11 -6.40000000e-01  7.40000000e-01 
-6.50000000e-01  1.20000000e+00 -6.50000000e-01 -1.35881167e-11 -6.50000000e-01  7.40000000e-01 
-6.60000000e-01  1.19000000e+00 -6.60000000e-01 -1.69603210e-11 -6.60000000e-01  7.40000000e-01 
-6.70000000e-01  1.18000000e+00 -6.70000000e-01 -2.11680332e-11 -6.70000000e-01  7.40000000e-01 
-6.80000000e-01  1.17000000e+00 -6.80000000e-01 -2.64177292e-11 -6.80000000e-01  7.40000000e-01 
-6.90000000e-01  1.16000000e+00 -6.90000000e-01 -3.29667083e-11 -6.90000000e-01  7.40000000e-01 
-7.00000000e-01  1.15000000e+00 -7.00000000e-01 -4.11355277e-11 -7.00000000e-01  7.40000000e-01 
-7.10000000e-01  1.14000000e+00 -7.10000000e-01 -5.13234510e-11 -7.10000000e-01  7.40000000e-01 
-7.20000000e-01  1.13000000e+00 -7.20000000e-01 -6.40276337e-11 -7.20000000e-01  7.40000000e-01 
-7.30000000e-01  1.12000000e+00 -7.30000000e-01 -7.98669341e-11 -7.30000000e-01  7.40000000e-01 
-7.40000000e-01  1.11000000e+00 -7.40000000e-01 -9.96114512e-11 -7.40000000e-01  7.40000000e-01 
-7.50000000e-01  1.10000000e+00 -7.50000000e-01 -1.24219144e-10 -7.50000000e-01  7.40000000e-01 
-7.60000000e-01  1.09000000e+00 -7.60000000e-01 -1.54881199e-10 -7.60000000e-01  7.40000000e-01 
-7.70000000e-01  1.08000000e+00 -7.70000000e-01 -1.93078216e-10 -7.70000000e-01  7.40000000e-01 
-7.80000000e-01  1.07000000e+00 -7.80000000e-01 -2.40649723e-10 -7.80000000e-01  7.40000000e-01 
-7.90000000e-01  1.06000000e+00 -7.90000000e-01 -2.99880167e-10 -7.90000000e-01  7.40000000e-01 
-8.00000000e-01  1.05000000e+00 -8.00000000e-01 -3.73605199e-10 -8.00000000e-01  7.40000000e-01 
-8.10000000e-01  1.04000000e+00 -8.10000000e-01 -4.65343016e-10 -8.10000000e-01  7.40000000e-01 
-8.20000000e-01  1.03000000e+00 -8.20000000e-01 -5.79456589e-10 -8.20000000e-01  7.40000000e-01 
-8.30000000e-01  1.02000000e+00 -8.30000000e-01 -7.21354044e-10 -8.30000000e-01  7.40000000e-01 
-8.40000000e-01  1.01000000e+00 -8.40000000e-01 -8.97736190e-10 -8.40000000e-01  7.40000000e-01 
-8.50000000e-01  1.00000000e+00 -8.50000000e-01 -1.11690242e-09 -8.50000000e-01  7.40000000e-01 
-8.60000000e-01  9.90000000e-01 -8.60000000e-01 -1.38912910e-09 -8.60000000e-01  7.40000000e-01 
-8.70000000e-01  9.80000000e-01 -8.70000000e-01 -1.72713820e-09 -8.70000000e-01  7.40000000e-01 
-8.80000000e-01  9.70000000e-01 -8.80000000e-01 -2.14667894e-09 -8.80000000e-01  7.40000000e-01 
-8.90000000e-01  9.60000000e-01 -8.90000000e-01 -2.66725142e-09 -8.90000000e-01  7.40000000e-01 
-9.00000000e-01  9.50000000e-01 -9.00000000e-01 -3.31301001e-09 -9.00000000e-01  7.40000000e-01 
-9.10000000e-01  9.40000000e-01 -9.10000000e-01 -4.11389577e-09 -9.10000000e-01  7.40000000e-01 
-9.20000000e-01  9.30000000e-01 -9.20000000e-01 -5.10706267e-09 -9.20000000e-01  7.40000000e-01 
-9.30000000e-01  9.20000000e-01 -9.30000000e-01 -6.33868355e-09 -9.30000000e-01  7.40000000e-01 
-9.40000000e-01  9.10000000e-01 -9.40000000e-01 -7.86624986e-09 -9.40000000e-01  7.40000000e-01 
-9.50000000e-01  9.00000000e-01 -9.50000000e-01 -9.76151749e-09 -9.50000000e-01  7.40000000e-01 
-9.60000000e-01  8.90000000e-01 -9.60000000e-01 -1.21143003e-08 -9.60000000e-01  7.40000000e-01 
-9.70000000e-01  8.80000000e-01 -9.70000000e-01 -1.50373786e-08 -9.70000000e-01  7.40000000e-01 
-9.80000000e-01  8.70000000e-01 -9.80000000e-01 -1.86728715e-08 -9.80000000e-01  7.40000000e-01 
-9.90000000e-01  8.60000000e-01 -9.90000000e-01 -2.32005242e-08 -9.90000000e-01  7.40000000e-01 
-1.00000000e+00  8.50000000e-01 -1.00000000e+00 -2.88484811e-08 -1.00000000e+00  7.40000000e-01 
-1.01000000e+00  8.40000000e-01 -1.01000000e+00 -3.59072492e-08 -1.01000000e+00  7.40000000e-01 
-1.02000000e+00  8.30000000e-01 -1.02000000e+00 -4.47476955e-08 -1.02000000e+00  7.40000000e-01 
-1.03000000e+00  8.20000000e-01 -1.03000000e+00 -5.58440411e-08 -1.03000000e+00  7.40000000e-01 
-1.04000000e+00  8.10000000e-01 -1.04000000e+00 -6.98028910e-08 -1.04000000e+00  7.40000000e-01 
-1.05000000e+00  8.00000000e-01 -1.05000000e+00 -8.73993179e-08 -1.05000000e+00  7.40000000e-01 
-1.06000000e+00  7.90000000e-01 -1.06000000e+00 -1.09620851e-07 -1.06000000e+00  7.40000000e-01 
-1.07000000e+00  7.80000000e-01 -1.07000000e+00 -1.37719833e-07 -1.07000000e+00  7.40000000e-01 
-1.08000000e+00  7.70000000e-01 -1.08000000e+00 -1.73273934e-07 -1.08000000e+00  7.40000000e-01 
-1.09000000e+00  7.60000000e-01 -1.09000000e+00 -2.18253624e-07 -1.09000000e+00  7.40000000e-01 
-1.10000000e+00  7.50000000e-01 -1.10000000e+00 -2.75094029e-07 -1.10000000e+00  7.40000000e-01 
-1.11000000e+00  7.40000000e-01 -1.11000000e+00 -3.46767021e-07 -1.11000000e+00  7.40000000e-01 
-1.12000000e+00  7.30000000e-01 -1.12000000e+00 -4.36847599e-07 -1.12000000e+00  7.40000000e-01 
-1.13000000e+00  7.20000000e-01 -1.13000000e+00 -5.49567011e-07 -1.13000000e+00  7.40000000e-01 
-1.14000000e+00  7.10000000e-01 -1.14000000e+00 -6.89843908e-07 -1.14000000e+00  7.40000000e-01 
-1.15000000e+00  7.00000000e-01 -1.15000000e+00 -8.63284483e-07 -1.15000000e+00  7.40000000e-01 
-1.16000000e+00  6.90000000e-01 -1.16000000e+00 -1.07614343e-06 -1.16000000e+00  7.40000000e-01 
-1.17000000e+00  6.80000000e-01 -1.17000000e+00 -1.33523976e-06 -1.17000000e+00  7.40000000e-01 
-1.18000000e+00  6.70000000e-01 -1.18000000e+00 -1.64782523e-06 -1.18000000e+00  7.40000000e-01 
-1.19000000e+00  6.60000000e-01 -1.19000000e+00 -2.02140761e-06 -1.19000000e+00  7.40000000e-01 
-1.20000000e+00  6.50000000e-01 -1.20000000e+00 -2.46353641e-06 -1.20000000e+00  7.40000000e-01 
-1.21000000e+00  6.40000000e-01 -1.21000000e+00 -2.98156318e-06 -1.21000000e+00  7.40000000e-01 
-1.22000000e+00  6.30000000e-01 -1.22000000e+00 -3.58239259e-06 -1.22000000e+00  7.40000000e-01 
-1.23000000e+00  6.20000000e-01 -1.23000000e+00 -4.27224187e-06 -1.23000000e+00  7.40000000e-01 
-1.24000000e+00  6.10000000e-01 -1.24000000e+00 -5.05642649e-06 -1.24000000e+00  7.40000000e-01 
-1.25000000e+00  6.00000000e-01 -1.25000000e+00 -5.93918718e-06 -1.25000000e+00  7.40000000e-01 
-1.26000000e+00  5.90000000e-01 -1.26000000e+00 -6.92356931e-06 -1.26000000e+00  7.40000000e-01 
-1.27000000e+00  5.80000000e-01 -1.27000000e+00 -8.01136070e-06 -1.27000000e+00  7.40000000e-01 
-1.28000000e+00  5.70000000e-01 -1.28000000e+00 -9.20308825e-06 -1.28000000e+00  7.40000000e-01 
-1.29000000e+00  5.60000000e-01 -1.29000000e+00 -1.04980688e-05 -1.29000000e+00  7.40000000e-01 
-1.30000000e+00  5.50000000e-01 -1.30000000e+00 -1.18945062e-05 -1.30000000e+00  7.40000000e-01 
-1.31000000e+00  5.40000000e-01 -1.31000000e+00 -1.33896232e-05 -1.31000000e+00  7.40000000e-01 
-1.32000000e+00  5.30000000e-01 -1.32000000e+00 -1.49798169e-05 -1.32000000e+00  7.40000000e-01 
-1.33000000e+00  5.20000000e-01 -1.33000000e+00 -1.66608256e-05 -1.33000000e+00  7.40000000e-01 
-1.34000000e+00  5.10000000e-01 -1.34000000e+00 -1.84278966e-05 -1.34000000e+00  7.40000000e-01 
-1.35000000e+00  5.00000000e-01 -1.35000000e+00 -2.02759470e-05 -1.35000000e+00  7.40000000e-01 
-1.36000000e+00  4.90000000e-01 -1.36000000e+00 -2.21997107e-05 -1.36000000e+00  7.40000000e-01 
-1.37000000e+00  4.80000000e-01 -1.37000000e+00 -2.41938664e-05 -1.37000000e+00  7.40000000e-01 
-1.38000000e+00  4.70000000e-01 -1.38000000e+00 -2.62531467e-05 -1.38000000e+00  7.40000000e-01 
-1.39000000e+00  4.60000000e-01 -1.39000000e+00 -2.83724253e-05 -1.39000000e+00  7.40000000e-01 
-1.40000000e+00  4.50000000e-01 -1.40000000e+00 -3.05467846e-05 -1.40000000e+00  7.40000000e-01 
-1.41000000e+00  4.40000000e-01 -1.41000000e+00 -3.27715647e-05 -1.41000000e+00  7.40000000e-01 
-1.42000000e+00  4.30000000e-01 -1.42000000e+00 -3.50423952e-05 -1.42000000e+00  7.40000000e-01 
-1.43000000e+00  4.20000000e-01 -1.43000000e+00 -3.73552144e-05 -1.43000000e+00  7.40000000e-01 
-1.44000000e+00  4.10000000e-01 -1.44000000e+00 -3.97062754e-05 -1.44000000e+00  7.40000000e-01 
-1.45000000e+00  4.00000000e-01 -1.45000000e+00 -4.20921444e-05 -1.45000000e+00  7.40000000e-01 
-1.46000000e+00  3.90000000e-01 -1.46000000e+00 -4.45096907e-05 -1.46000000e+00  7.40000000e-01 
-1.47000000e+00  3.80000000e-01 -1.47000000e+00 -4.69560728e-05 -1.47000000e+00  7.40000000e-01 
-1.48000000e+00  3.70000000e-01 -1.48000000e+00 -4.94287199e-05 -1.48000000e+00  7.40000000e-01 
-1.49000000e+00  3.60000000e-01 -1.49000000e+00 -5.19253120e-05 -1.49000000e+00  7.40000000e-01 
-1.50000000e+00  3.50000000e-01 -1.50000000e+00 -5.44437585e-05 -1.50000000e+00  7.40000000e-01 
-1.51000000e+00  3.40000000e-01 -1.51000000e+00 -5.69821764e-05 -1.51000000e+00  7.40000000e-01 
-1.52000000e+00  3.30000000e-01 -1.52000000e+00 -5.95388696e-05 -1.52000000e+00  7.40000000e-01 
-1.53000000e+00  3.20000000e-01 -1.53000000e+00 -6.21123078e-05 -1.53000000e+00  7.40000000e-01 
-1.54000000e+00  3.10000000e-01 -1.54000000e+00 -6.47011076e-05 -1.54000000e+00  7.40000000e-01 
-1.55000000e+00  3.00000000e-01 -1.55000000e+00 -6.73040143e-05 -1.55000000e+00  7.40000000e-01 
-1.56000000e+00  2.90000000e-01 -1.56000000e+00 -6.99198853e-05 -1.56000000e+00  7.40000000e-01 
-1.57000000e+00  2.80000000e-01 -1.57000000e+00 -7.25476745e-05 -1.57000000e+00  7.40000000e-01 
-1.58000000e+00  2.70000000e-01 -1.58000000e+00 -7.51864193e-05 -1.58000000e+00  7.40000000e-01 
-1.59000000e+00  2.60000000e-01 -1.59000000e+00 -7.78352273e-05 -1.59000000e+00  7.40000000e-01 
-1.60000000e+00  2.50000000e-01 -1.60000000e+00 -8.04932656e-05 -1.60000000e+00  7.40000000e-01 
-1.61000000e+00  2.40000000e-01 -1.61000000e+00 -8.31597506e-05 -1.61000000e+00  7.40000000e-01 
-1.62000000e+00  2.30000000e-01 -1.62000000e+00 -8.58339395e-05 -1.62000000e+00  7.40000000e-01 
-1.63000000e+00  2.20000000e-01 -1.63000000e+00 -8.85151221e-05 -1.63000000e+00  7.40000000e-01 
-1.64000000e+00  2.10000000e-01 -1.64000000e+00 -9.12026135e-05 -1.64000000e+00  7.40000000e-01 
-1.65000000e+00  2.00000000e-01 -1.65000000e+00 -9.38957487e-05 -1.65000000e+00  7.40000000e-01 
-1.66000000e+00  1.90000000e-01 -1.66000000e+00 -9.65938762e-05 -1.66000000e+00  7.40000000e-01 
-1.67000000e+00  1.80000000e-01 -1.67000000e+00 -9.92963537e-05 -1.67000000e+00  7.40000000e-01 
-1.68000000e+00  1.70000000e-01 -1.68000000e+00 -1.02002543e-04 -1.68000000e+00  7.40000000e-01 
-1.69000000e+00  1.60000000e-01 -1.69000000e+00 -1.04711807e-04 -1.69000000e+00  7.40000000e-01 
-1.70000000e+00  1.50000000e-01 -1.70000000e+00 -1.07423505e-04 -1.70000000e+00  7.40000000e-01 
-1.71000000e+00  1.40000000e-01 -1.71000000e+00 -1.10136990e-04 -1.71000000e+00  7.40000000e-01 
-1.72000000e+00  1.30000000e-01 -1.72000000e+00 -1.12851605e-04 -1.72000000e+00  7.40000000e-01 
-1.73000000e+00  1.20000000e-01 -1.73000000e+00 -1.15566682e-04 -1.73000000e+00  7.40000000e-01 
-1.74000000e+00  1.10000000e-01 -1.74000000e+00 -1.18281535e-04 -1.74000000e+00  7.40000000e-01 
-1.75000000e+00  1.00000000e-01 -1.75000000e+00 -1.20995464e-04 -1.75000000e+00  7.40000000e-01 
-1.76000000e+00  9.00000000e-02 -1.76000000e+00 -1.23707745e-04 -1.76000000e+00  7.40000000e-01 
-1.77000000e+00  8.00000000e-02 -1.77000000e+00 -1.26417636e-04 -1.77000000e+00  7.40000000e-01 
-1.78000000e+00  7.00000000e-02 -1.78000000e+00 -1.29124366e-04 -1.78000000e+00  7.40000000e-01 
-1.79000000e+00  6.00000000e-02 -1.79000000e+00 -1.31827139e-04 -1.79000000e+00  7.40000000e-01 
-1.80000000e+00  5.00000000e-02 -1.80000000e+00 -1.34525130e-04 -1.80000000e+00  7.40000000e-01 
-1.81000000e+00  4.00000000e-02 -1.81000000e+00 -1.37217482e-04 -1.81000000e+00  7.40000000e-01 
-1.82000000e+00  3.00000000e-02 -1.82000000e+00 -1.39903305e-04 -1.82000000e+00  7.40000000e-01 
-1.83000000e+00  2.00000000e-02 -1.83000000e+00 -1.42581675e-04 -1.83000000e+00  7.40000000e-01 
-1.84000000e+00  1.00000000e-02 -1.84000000e+00 -1.45251629e-04 -1.84000000e+00  7.40000000e-01 
-1.85000000e+00 -1.33226763e-15 -1.85000000e+00 -1.47912168e-04 -1.85000000e+00  7.40000000e-01 
