 0.00000000e+00  1.85000000e+00  0.00000000e+00 -1.17186239e-19  0.00000000e+00  1.00000000e-02 
-1.00000000e-02  1.84000000e+00 -1.00000000e-02 -1.46044028e-19 -1.00000000e-02  1.00000000e-02 
-2.00000000e-02  1.83000000e+00 -2.00000000e-02 -1.82008205e-19 -2.00000000e-02  1.00000000e-02 
-3.00000000e-02  1.82000000e+00 -3.00000000e-02 -2.26828756e-19 -3.00000000e-02  1.00000000e-02 
-4.00000000e-02  1.81000000e+00 -4.00000000e-02 -2.82686604e-19 -4.00000000e-02  1.00000000e-02 
-5.00000000e-02  1.80000000e+00 -5.00000000e-02 -3.52299738e-19 -5.00000000e-02  1.00000000e-02 
-6.00000000e-02  1.79000000e+00 -6.00000000e-02 -4.39055458e-19 -6.00000000e-02  1.00000000e-02 
-7.00000000e-02  1.78000000e+00 -7.00000000e-02 -5.47175202e-19 -7.00000000e-02  1.00000000e-02 
-8.00000000e-02  1.77000000e+00 -8.00000000e-02 -6.81919948e-19 -8.00000000e-02  1.00000000e-02 
-9.00000000e-02  1.76000000e+00 -9.00000000e-02 -8.49846207e-19 -9.00000000e-02  1.00000000e-02 
-1.00000000e-01  1.75000000e+00 -1.00000000e-01 -1.05912505e-18 -1.00000000e-01  1.00000000e-02 
-1.10000000e-01  1.74000000e+00 -1.10000000e-01 -1.31993968e-18 -1.10000000e-01  1.00000000e-02 
-1.20000000e-01  1.73000000e+00 -1.20000000e-01 -1.64498094e-18 -1.20000000e-01  1.00000000e-02 
-1.30000000e-01  1.72000000e+00 -1.30000000e-01 -2.05006480e-18 -1.30000000e-01  1.00000000e-02 
-1.40000000e-01  1.71000000e+00 -1.40000000e-01 -2.55490193e-18 -1.40000000e-01  1.00000000e-02 
-1.50000000e-01  1.70000000e+00 -1.50000000e-01 -3.18405674e-18 -1.50000000e-01  1.00000000e-02 
-1.60000000e-01  1.69000000e+00 -1.60000000e-01 -3.96814259e-18 -1.60000000e-01  1.00000000e-02 
-1.70000000e-01  1.68000000e+00 -1.70000000e-01 -4.94531134e-18 -1.70000000e-01  1.00000000e-02 
-1.80000000e-01  1.67000000e+00 -1.80000000e-01 -6.16310963e-18 -1.80000000e-01  1.00000000e-02 
-1.90000000e-01  1.66000000e+00 -1.90000000e-01 -7.68079226e-18 -1.90000000e-01  1.00000000e-02 
-2.00000000e-01  1.65000000e+00 -2.00000000e-01 -9.57220525e-18 -2.00000000e-01  1.00000000e-02 
-2.10000000e-01  1.64000000e+00 -2.10000000e-01 -1.19293787e-17 -2.10000000e-01  1.00000000e-02 
-2.20000000e-01  1.63000000e+00 -2.20000000e-01 -1.48670045e-17 -2.20000000e-01  1.00000000e-02 
-2.30000000e-01  1.62000000e+00 -2.30000000e-01 -1.85280161e-17 -2.30000000e-01  1.00000000e-02 
-2.40000000e-01  1.61000000e+00 -2.40000000e-01 -2.30905429e-17 -2.40000000e-01  1.00000000e-02 
-2.50000000e-01  1.60000000e+00 -2.50000000e-01 -2.87765763e-17 -2.50000000e-01  1.00000000e-02 
-2.60000000e-01  1.59000000e+00 -2.60000000e-01 -3.58627694e-17 -2.60000000e-01  1.00000000e-02 
-2.70000000e-01  1.58000000e+00 -2.70000000e-01 -4.46938962e-17 -2.70000000e-01  1.00000000e-02 
-2.80000000e-01  1.57000000e+00 -2.80000000e-01 -5.56996241e-17 -2.80000000e-01  1.00000000e-02 
-2.90000000e-01  1.56000000e+00 -2.90000000e-01 -6.94154156e-17 -2.90000000e-01  1.00000000e-02 
-3.00000000e-01  1.55000000e+00 -3.00000000e-01 -8.65085759e-17 -3.00000000e-01  1.00000000e-02 
-3.10000000e-01  1.54000000e+00 -3.10000000e-01 -1.07810713e-16 -3.10000000e-01  1.00000000e-02 
-3.20000000e-01  1.53000000e+00 -3.20000000e-01 -1.34358188e-16 -3.20000000e-01  1.00000000e-02 
-3.30000000e-01  1.52000000e+00 -3.30000000e-01 -1.67442524e-16 -3.30000000e-01  1.00000000e-02 
-3.40000000e-01  1.51000000e+00 -3.40000000e-01 -2.08673221e-16 -3.40000000e-01  1.00000000e-02 
-3.50000000e-01  1.50000000e+00 -3.50000000e-01 -2.60056034e-16 -3.50000000e-01  1.00000000e-02 
-3.60000000e-01  1.49000000e+00 -3.60000000e-01 -3.24090513e-16 -3.60000000e-01  1.00000000e-02 
-3.70000000e-01  1.48000000e+00 -3.70000000e-01 -4.03891559e-16 -3.70000000e-01  1.00000000e-02 
-3.80000000e-01  1.47000000e+00 -3.80000000e-01 -5.03340876e-16 -3.80000000e-01  1.00000000e-02 
-3.90000000e-01  1.46000000e+00 -3.90000000e-01 -6.27275709e-16 -3.90000000e-01  1.00000000e-02 
-4.00000000e-01  1.45000000e+00 -4.00000000e-01 -7.81724013e-16 -4.00000000e-01  1.00000000e-02 
-4.10000000e-01  1.44000000e+00 -4.10000000e-01 -9.74197471e-16 -4.10000000e-01  1.00000000e-02 
-4.20000000e-01  1.43000000e+00 -4.20000000e-01 -1.21405661e-15 -4.20000000e-01  1.00000000e-02 
-4.30000000e-01  1.42000000e+00 -4.30000000e-01 -1.51296573e-15 -4.30000000e-01  1.00000000e-02 
-4.40000000e-01  1.41000000e+00 -4.40000000e-01 -1.88545966e-15 -4.40000000e-01  1.00000000e-02 
-4.50000000e-01  1.40000000e+00 -4.50000000e-01 -2.34964999e-15 -4.50000000e-01  1.00000000e-02 
-4.60000000e-01  1.39000000e+00 -4.60000000e-01 -2.92810478e-15 -4.60000000e-01  1.00000000e-02 
-4.70000000e-01  1.38000000e+00 -4.70000000e-01 -3.64894470e-15 -4.70000000e-01  1.00000000e-02 
-4.80000000e-01  1.37000000e+00 -4.80000000e-01 -4.54720838e-15 -4.80000000e-01  1.00000000e-02 
-4.90000000e-01  1.36000000e+00 -4.90000000e-01 -5.66655332e-15 -4.90000000e-01  1.00000000e-02 
-5.00000000e-01  1.35000000e+00 -5.00000000e-01 -7.06137466e-15 -5.00000000e-01  1.00000000e-02 
-5.10000000e-01  1.34000000e+00 -5.10000000e-01 -8.79944396e-15 -5.10000000e-01  1.00000000e-02 
-5.20000000e-01  1.33000000e+00 -5.20000000e-01 -1.09651956e-14 -5.20000000e-01  1.00000000e-02 
-5.30000000e-01  1.32000000e+00 -5.30000000e-01 -1.36638211e-14 -5.30000000e-01  1.00000000e-02 
-5.40000000e-01  1.31000000e+00 -5.40000000e-01 -1.70263659e-14 -5.40000000e-01  1.00000000e-02 
-5.50000000e-01  1.30000000e+00 -5.50000000e-01 -2.12160774e-14 -5.50000000e-01  1.00000000e-02 
-5.60000000e-01  1.29000000e+00 -5.60000000e-01 -2.64363075e-14 -5.60000000e-01  1.00000000e-02 
-5.70000000e-01  1.28000000e+00 -5.70000000e-01 -3.29403516e-14 -5.70000000e-01  1.00000000e-02 
-5.80000000e-01  1.27000000e+00 -5.80000000e-01 -4.10436958e-14 -5.80000000e-01  1.00000000e-02 
-5.90000000e-01  1.26000000e+00 -5.90000000e-01 -5.11392603e-14 -5.90000000e-01  1.00000000e-02 
-6.00000000e-01  1.25000000e+00 -6.00000000e-01 -6.37163693e-14 -6.00000000e-01  1.00000000e-02 
-6.10000000e-01  1.24000000e+00 -6.10000000e-01 -7.93843535e-14 -6.10000000e-01  1.00000000e-02 
-6.20000000e-01  1.23000000e+00 -6.20000000e-01 -9.89019135e-14 -6.20000000e-01  1.00000000e-02 
-6.30000000e-01  1.22000000e+00 -6.30000000e-01 -1.23213641e-13 -6.30000000e-01  1.00000000e-02 
-6.40000000e-01  1.21000000e+00 -6.40000000e-01 -1.53495432e-13 -6.40000000e-01  1.00000000e-02 
-6.50000000e-01  1.20000000e+00 -6.50000000e-01 -1.91210951e-13 -6.50000000e-01  1.00000000e-02 
-6.60000000e-01  1.19000000e+00 -6.60000000e-01 -2.38181802e-13 -6.60000000e-01  1.00000000e-02 
-6.70000000e-01  1.18000000e+00 -6.70000000e-01 -2.96674727e-13 -6.70000000e-01  1.00000000e-02 
-6.80000000e-01  1.17000000e+00 -6.80000000e-01 -3.69509917e-13 -6.80000000e-01  1.00000000e-02 
-6.90000000e-01  1.16000000e+00 -6.90000000e-01 -4.60195506e-13 -6.90000000e-01  1.00000000e-02 
-7.00000000e-01  1.15000000e+00 -7.00000000e-01 -5.73094519e-13 -7.00000000e-01  1.00000000e-02 
-7.10000000e-01  1.14000000e+00 -7.10000000e-01 -7.13632021e-13 -7.10000000e-01  1.00000000e-02 
-7.20000000e-01  1.13000000e+00 -7.20000000e-01 -8.88552036e-13 -7.20000000e-01  1.00000000e-02 
-7.30000000e-01  1.12000000e+00 -7.30000000e-01 -1.10623606e-12 -7.30000000e-01  1.00000000e-02 
-7.40000000e-01  1.11000000e+00 -7.40000000e-01 -1.37709771e-12 -7.40000000e-01  1.00000000e-02 
-7.50000000e-01  1.10000000e+00 -7.50000000e-01 -1.71407159e-12 -7.50000000e-01  1.00000000e-02 
-7.60000000e-01  1.09000000e+00 -7.60000000e-01 -2.13321830e-12 -7.60000000e-01  1.00000000e-02 
-7.70000000e-01  1.08000000e+00 -7.70000000e-01 -2.65447311e-12 -7.70000000e-01  1.00000000e-02 
-7.80000000e-01  1.07000000e+00 -7.80000000e-01 -3.30257167e-12 -7.80000000e-01  1.00000000e-02 
-7.90000000e-01  1.06000000e+00 -7.90000000e-01 -4.10819418e-12 -7.90000000e-01  1.00000000e-02 
-8.00000000e-01  1.05000000e+00 -8.00000000e-01 -5.10937889e-12 -8.00000000e-01  1.00000000e-02 
-8.10000000e-01  1.04000000e+00 -8.10000000e-01 -6.35326764e-12 -8.10000000e-01  1.00000000e-02 
-8.20000000e-01  1.03000000e+00 -8.20000000e-01 -7.89826063e-12 -8.20000000e-01  1.00000000e-02 
-8.30000000e-01  1.02000000e+00 -8.30000000e-01 -9.81667624e-12 -8.30000000e-01  1.00000000e-02 
-8.40000000e-01  1.01000000e+00 -8.40000000e-01 -1.21980339e-11 -8.40000000e-01  1.00000000e-02 
-8.50000000e-01  1.00000000e+00 -8.50000000e-01 -1.51531075e-11 -8.50000000e-01  1.00000000e-02 
-8.60000000e-01  9.90000000e-01 -8.60000000e-01 -1.88189322e-11 -8.60000000e-01  1.00000000e-02 
-8.70000000e-01  9.80000000e-01 -8.70000000e-01 -2.33649958e-11 -8.70000000e-01  1.00000000e-02 
-8.80000000e-01  9.70000000e-01 -8.80000000e-01 -2.90009041e-11 -8.80000000e-01  1.00000000e-02 
-8.90000000e-01  9.60000000e-01 -8.90000000e-01 -3.59858908e-11 -8.90000000e-01  1.00000000e-02 
-9.00000000e-01  9.50000000e-01 -9.00000000e-01 -4.46406431e-11 -9.00000000e-01  1.00000000e-02 
-9.10000000e-01  9.40000000e-01 -9.10000000e-01 -5.53620517e-11 -9.10000000e-01  1.00000000e-02 
-9.20000000e-01  9.30000000e-01 -9.20000000e-01 -6.86416737e-11 -9.20000000e-01  1.00000000e-02 
-9.30000000e-01  9.20000000e-01 -9.30000000e-01 -8.50889356e-11 -9.30000000e-01  1.00000000e-02 
-9.40000000e-01  9.10000000e-01 -9.40000000e-01 -1.05460412e-10 -9.40000000e-01  1.00000000e-02 
-9.50000000e-01  9.00000000e-01 -9.50000000e-01 -1.30696928e-10 -9.50000000e-01  1.00000000e-02 
-9.60000000e-01  8.90000000e-01 -9.60000000e-01 -1.61970737e-10 -9.60000000e-01  1.00000000e-02 
-9.70000000e-01  8.80000000e-01 -9.70000000e-01 -2.00745676e-10 -9.70000000e-01  1.00000000e-02 
-9.80000000e-01  8.70000000e-01 -9.80000000e-01 -2.48853937e-10 -9.80000000e-01  1.00000000e-02 
-9.90000000e-01  8.60000000e-01 -9.90000000e-01 -3.08593921e-10 -9.90000000e-01  1.00000000e-02 
-1.00000000e+00  8.50000000e-01 -1.00000000e+00 -3.82854436e-10 -1.00000000e+00  1.00000000e-02 
-1.01000000e+00  8.40000000e-01 -1.01000000e+00 -4.75271043e-10 -1.01000000e+00  1.00000000e-02 
-1.02000000e+00  8.30000000e-01 -1.02000000e+00 -5.90420349e-10 -1.02000000e+00  1.00000000e-02 
-1.03000000e+00  8.20000000e-01 -1.03000000e+00 -7.34056902e-10 -1.03000000e+00  1.00000000e-02 
-1.04000000e+00  8.10000000e-01 -1.04000000e+00 -9.13394343e-10 -1.04000000e+00  1.00000000e-02 
-1.05000000e+00  8.00000000e-01 -1.05000000e+00 -1.13742668e-09 -1.05000000e+00  1.00000000e-02 
-1.06000000e+00  7.90000000e-01 -1.06000000e+00 -1.41727607e-09 -1.06000000e+00  1.00000000e-02 
-1.07000000e+00  7.80000000e-01 -1.07000000e+00 -1.76653956e-09 -1.07000000e+00  1.00000000e-02 
-1.08000000e+00  7.70000000e-01 -1.08000000e+00 -2.20158938e-09 -1.08000000e+00  1.00000000e-02 
-1.09000000e+00  7.60000000e-01 -1.09000000e+00 -2.74176133e-09 -1.09000000e+00  1.00000000e-02 
-1.10000000e+00  7.50000000e-01 -1.10000000e+00 -3.40934800e-09 -1.10000000e+00  1.00000000e-02 
-1.11000000e+00  7.40000000e-01 -1.11000000e+00 -4.22930560e-09 -1.11000000e+00  1.00000000e-02 
-1.12000000e+00  7.30000000e-01 -1.12000000e+00 -5.22859271e-09 -1.12000000e+00  1.00000000e-02 
-1.13000000e+00  7.20000000e-01 -1.13000000e+00 -6.43509519e-09 -1.13000000e+00  1.00000000e-02 
-1.14000000e+00  7.10000000e-01 -1.14000000e+00 -7.87615408e-09 -1.14000000e+00  1.00000000e-02 
-1.15000000e+00  7.00000000e-01 -1.15000000e+00 -9.57679451e-09 -1.15000000e+00  1.00000000e-02 
-1.16000000e+00  6.90000000e-01 -1.16000000e+00 -1.15578342e-08 -1.16000000e+00  1.00000000e-02 
-1.17000000e+00  6.80000000e-01 -1.17000000e+00 -1.38341029e-08 -1.17000000e+00  1.00000000e-02 
-1.18000000e+00  6.70000000e-01 -1.18000000e+00 -1.64130111e-08 -1.18000000e+00  1.00000000e-02 
-1.19000000e+00  6.60000000e-01 -1.19000000e+00 -1.92936574e-08 -1.19000000e+00  1.00000000e-02 
-1.20000000e+00  6.50000000e-01 -1.20000000e+00 -2.24665791e-08 -1.20000000e+00  1.00000000e-02 
-1.21000000e+00  6.40000000e-01 -1.21000000e+00 -2.59141482e-08 -1.21000000e+00  1.00000000e-02 
-1.22000000e+00  6.30000000e-01 -1.22000000e+00 -2.96115264e-08 -1.22000000e+00  1.00000000e-02 
-1.23000000e+00  6.20000000e-01 -1.23000000e+00 -3.35280358e-08 -1.23000000e+00  1.00000000e-02 
-1.24000000e+00  6.10000000e-01 -1.24000000e+00 -3.76287746e-08 -1.24000000e+00  1.00000000e-02 
-1.25000000e+00  6.00000000e-01 -1.25000000e+00 -4.18763129e-08 -1.25000000e+00  1.00000000e-02 
-1.26000000e+00  5.90000000e-01 -1.26000000e+00 -4.62323267e-08 -1.26000000e+00  1.00000000e-02 
-1.27000000e+00  5.80000000e-01 -1.27000000e+00 -5.06590624e-08 -1.27000000e+00  1.00000000e-02 
-1.28000000e+00  5.70000000e-01 -1.28000000e+00 -5.51205605e-08 -1.28000000e+00  1.00000000e-02 
-1.29000000e+00  5.60000000e-01 -1.29000000e+00 -5.95836020e-08 -1.29000000e+00  1.00000000e-02 
-1.30000000e+00  5.50000000e-01 -1.30000000e+00 -6.40183719e-08 -1.30000000e+00  1.00000000e-02 
-1.31000000e+00  5.40000000e-01 -1.31000000e+00 -6.83988551e-08 -1.31000000e+00  1.00000000e-02 
-1.32000000e+00  5.30000000e-01 -1.32000000e+00 -7.27029979e-08 -1.32000000e+00  1.00000000e-02 
-1.33000000e+00  5.20000000e-01 -1.33000000e+00 -7.69126763e-08 -1.33000000e+00  1.00000000e-02 
-1.34000000e+00  5.10000000e-01 -1.34000000e+00 -8.10135156e-08 -1.34000000e+00  1.00000000e-02 
-1.35000000e+00  5.00000000e-01 -1.35000000e+00 -8.49946044e-08 -1.35000000e+00  1.00000000e-02 
-1.36000000e+00  4.90000000e-01 -1.36000000e+00 -8.88481433e-08 -1.36000000e+00  1.00000000e-02 
-1.37000000e+00  4.80000000e-01 -1.37000000e+00 -9.25690589e-08 -1.37000000e+00  1.00000000e-02 
-1.38000000e+00  4.70000000e-01 -1.38000000e+00 -9.61546110e-08 -1.38000000e+00  1.00000000e-02 
-1.39000000e+00  4.60000000e-01 -1.39000000e+00 -9.96040116e-08 -1.39000000e+00  1.00000000e-02 
-1.40000000e+00  4.50000000e-01 -1.40000000e+00 -1.02918069e-07 -1.40000000e+00  1.00000000e-02 
-1.41000000e+00  4.40000000e-01 -1.41000000e+00 -1.06098864e-07 -1.41000000e+00  1.00000000e-02 
-1.42000000e+00  4.30000000e-01 -1.42000000e+00 -1.09149466e-07 -1.42000000e+00  1.00000000e-02 
-1.43000000e+00  4.20000000e-01 -1.43000000e+00 -1.12073685e-07 -1.43000000e+00  1.00000000e-02 
-1.44000000e+00  4.10000000e-01 -1.44000000e+00 -1.14875862e-07 -1.44000000e+00  1.00000000e-02 
-1.45000000e+00  4.00000000e-01 -1.45000000e+00 -1.17560692e-07 -1.45000000e+00  1.00000000e-02 
-1.46000000e+00  3.90000000e-01 -1.46000000e+00 -1.20133088e-07 -1.46000000e+00  1.00000000e-02 
-1.47000000e+00  3.80000000e-01 -1.47000000e+00 -1.22598058e-07 -1.47000000e+00  1.00000000e-02 
-1.48000000e+00  3.70000000e-01 -1.48000000e+00 -1.24960618e-07 -1.48000000e+00  1.00000000e-02 
-1.49000000e+00  3.60000000e-01 -1.49000000e+00 -1.27225723e-07 -1.49000000e+00  1.00000000e-02 
-1.50000000e+00  3.50000000e-01 -1.50000000e+00 -1.29398211e-07 -1.50000000e+00  1.00000000e-02 
-1.51000000e+00  3.40000000e-01 -1.51000000e+00 -1.31482767e-07 -1.51000000e+00  1.00000000e-02 
-1.52000000e+00  3.30000000e-01 -1.52000000e+00 -1.33483895e-07 -1.52000000e+00  1.00000000e-02 
-1.53000000e+00  3.20000000e-01 -1.53000000e+00 -1.35405900e-07 -1.53000000e+00  1.00000000e-02 
-1.54000000e+00  3.10000000e-01 -1.54000000e+00 -1.37252879e-07 -1.54000000e+00  1.00000000e-02 
-1.55000000e+00  3.00000000e-01 -1.55000000e+00 -1.39028716e-07 -1.55000000e+00  1.00000000e-02 
-1.56000000e+00  2.90000000e-01 -1.56000000e+00 -1.40737081e-07 -1.56000000e+00  1.00000000e-02 
-1.57000000e+00  2.80000000e-01 -1.57000000e+00 -1.42381437e-07 -1.57000000e+00  1.00000000e-02 
-1.58000000e+00  2.70000000e-01 -1.58000000e+00 -1.43965040e-07 -1.58000000e+00  1.00000000e-02 
-1.59000000e+00  2.60000000e-01 -1.59000000e+00 -1.45490953e-07 -1.59000000e+00  1.00000000e-02 
-1.60000000e+00  2.50000000e-01 -1.60000000e+00 -1.46962049e-07 -1.60000000e+00  1.00000000e-02 
-1.61000000e+00  2.40000000e-01 -1.61000000e+00 -1.48381025e-07 -1.61000000e+00  1.00000000e-02 
-1.62000000e+00  2.30000000e-01 -1.62000000e+00 -1.49750408e-07 -1.62000000e+00  1.00000000e-02 
-1.63000000e+00  2.20000000e-01 -1.63000000e+00 -1.51072568e-07 -1.63000000e+00  1.00000000e-02 
-1.64000000e+00  2.10000000e-01 -1.64000000e+00 -1.52349727e-07 -1.64000000e+00  1.00000000e-02 
-1.65000000e+00  2.00000000e-01 -1.65000000e+00 -1.53583967e-07 -1.65000000e+00  1.00000000e-02 
-1.66000000e+00  1.90000000e-01 -1.66000000e+00 -1.54777239e-07 -1.66000000e+00  1.00000000e-02 
-1.67000000e+00  1.80000000e-01 -1.67000000e+00 -1.55931377e-07 -1.67000000e+00  1.00000000e-02 
-1.68000000e+00  1.70000000e-01 -1.68000000e+00 -1.57048100e-07 -1.68000000e+00  1.00000000e-02 
-1.69000000e+00  1.60000000e-01 -1.69000000e+00 -1.58129021e-07 -1.69000000e+00  1.00000000e-02 
-1.70000000e+00  1.50000000e-01 -1.70000000e+00 -1.59175660e-07 -1.70000000e+00  1.00000000e-02 
-1.71000000e+00  1.40000000e-01 -1.71000000e+00 -1.60189444e-07 -1.71000000e+00  1.00000000e-02 
-1.72000000e+00  1.30000000e-01 -1.72000000e+00 -1.61171715e-07 -1.72000000e+00  1.00000000e-02 
-1.73000000e+00  1.20000000e-01 -1.73000000e+00 -1.62123742e-07 -1.73000000e+00  1.00000000e-02 
-1.74000000e+00  1.10000000e-01 -1.74000000e+00 -1.63046716e-07 -1.74000000e+00  1.00000000e-02 
-1.75000000e+00  1.00000000e-01 -1.75000000e+00 -1.63941765e-07 -1.75000000e+00  1.00000000e-02 
-1.76000000e+00  9.00000000e-02 -1.76000000e+00 -1.64809954e-07 -1.76000000e+00  1.00000000e-02 
-1.77000000e+00  8.00000000e-02 -1.77000000e+00 -1.65652289e-07 -1.77000000e+00  1.00000000e-02 
-1.78000000e+00  7.00000000e-02 -1.78000000e+00 -1.66469724e-07 -1.78000000e+00  1.00000000e-02 
-1.79000000e+00  6.00000000e-02 -1.79000000e+00 -1.67263161e-07 -1.79000000e+00  1.00000000e-02 
-1.80000000e+00  5.00000000e-02 -1.80000000e+00 -1.68033456e-07 -1.80000000e+00  1.00000000e-02 
-1.81000000e+00  4.00000000e-02 -1.81000000e+00 -1.68781422e-07 -1.81000000e+00  1.00000000e-02 
-1.82000000e+00  3.00000000e-02 -1.82000000e+00 -1.69507833e-07 -1.82000000e+00  1.00000000e-02 
-1.83000000e+00  2.00000000e-02 -1.83000000e+00 -1.70213421e-07 -1.83000000e+00  1.00000000e-02 
-1.84000000e+00  1.00000000e-02 -1.84000000e+00 -1.70898886e-07 -1.84000000e+00  1.00000000e-02 
-1.85000000e+00 -1.33226763e-15 -1.85000000e+00 -1.71564895e-07 -1.85000000e+00  1.00000000e-02 
