 0.00000000e+00  1.85000000e+00  0.00000000e+00 -2.46284569e-19  0.00000000e+00  1.11000000e+00 
-1.00000000e-02  1.84000000e+00 -1.00000000e-02 -3.06933567e-19 -1.00000000e-02  1.11000000e+00 
-2.00000000e-02  1.83000000e+00 -2.00000000e-02 -3.82517714e-19 -2.00000000e-02  1.11000000e+00 
-3.00000000e-02  1.82000000e+00 -3.00000000e-02 -4.76714866e-19 -3.00000000e-02  1.11000000e+00 
-4.00000000e-02  1.81000000e+00 -4.00000000e-02 -5.94108565e-19 -4.00000000e-02  1.11000000e+00 
-5.00000000e-02  1.80000000e+00 -5.00000000e-02 -7.40411072e-19 -5.00000000e-02  1.11000000e+00 
-6.00000000e-02  1.79000000e+00 -6.00000000e-02 -9.22741312e-19 -6.00000000e-02  1.11000000e+00 
-7.00000000e-02  1.78000000e+00 -7.00000000e-02 -1.14997127e-18 -7.00000000e-02  1.11000000e+00 
-8.00000000e-02  1.77000000e+00 -8.00000000e-02 -1.43315769e-18 -8.00000000e-02  1.11000000e+00 
-9.00000000e-02  1.76000000e+00 -9.00000000e-02 -1.78608007e-18 -9.00000000e-02  1.11000000e+00 
-1.00000000e-01  1.75000000e+00 -1.00000000e-01 -2.22591114e-18 -1.00000000e-01  1.11000000e+00 
-1.10000000e-01  1.74000000e+00 -1.10000000e-01 -2.77405245e-18 -1.10000000e-01  1.11000000e+00 
-1.20000000e-01  1.73000000e+00 -1.20000000e-01 -3.45717572e-18 -1.20000000e-01  1.11000000e+00 
-1.30000000e-01  1.72000000e+00 -1.30000000e-01 -4.30852060e-18 -1.30000000e-01  1.11000000e+00 
-1.40000000e-01  1.71000000e+00 -1.40000000e-01 -5.36951203e-18 -1.40000000e-01  1.11000000e+00 
-1.50000000e-01  1.70000000e+00 -1.50000000e-01 -6.69177581e-18 -1.50000000e-01  1.11000000e+00 
-1.60000000e-01  1.69000000e+00 -1.60000000e-01 -8.33965057e-18 -1.60000000e-01  1.11000000e+00 
-1.70000000e-01  1.68000000e+00 -1.70000000e-01 -1.03933182e-17 -1.70000000e-01  1.11000000e+00 
-1.80000000e-01  1.67000000e+00 -1.80000000e-01 -1.29527051e-17 -1.80000000e-01  1.11000000e+00 
-1.90000000e-01  1.66000000e+00 -1.90000000e-01 -1.61423442e-17 -1.90000000e-01  1.11000000e+00 
-2.00000000e-01  1.65000000e+00 -2.00000000e-01 -2.01174341e-17 -2.00000000e-01  1.11000000e+00 
-2.10000000e-01  1.64000000e+00 -2.10000000e-01 -2.50713899e-17 -2.10000000e-01  1.11000000e+00 
-2.20000000e-01  1.63000000e+00 -2.20000000e-01 -3.12452538e-17 -2.20000000e-01  1.11000000e+00 
-2.30000000e-01  1.62000000e+00 -2.30000000e-01 -3.89394223e-17 -2.30000000e-01  1.11000000e+00 
-2.40000000e-01  1.61000000e+00 -2.40000000e-01 -4.85282610e-17 -2.40000000e-01  1.11000000e+00 
-2.50000000e-01  1.60000000e+00 -2.50000000e-01 -6.04783184e-17 -2.50000000e-01  1.11000000e+00 
-2.60000000e-01  1.59000000e+00 -2.60000000e-01 -7.53710227e-17 -2.60000000e-01  1.11000000e+00 
-2.70000000e-01  1.58000000e+00 -2.70000000e-01 -9.39309686e-17 -2.70000000e-01  1.11000000e+00 
-2.80000000e-01  1.57000000e+00 -2.80000000e-01 -1.17061167e-16 -2.80000000e-01  1.11000000e+00 
-2.90000000e-01  1.56000000e+00 -2.90000000e-01 -1.45886973e-16 -2.90000000e-01  1.11000000e+00 
-3.00000000e-01  1.55000000e+00 -3.00000000e-01 -1.81810829e-16 -3.00000000e-01  1.11000000e+00 
-3.10000000e-01  1.54000000e+00 -3.10000000e-01 -2.26580486e-16 -3.10000000e-01  1.11000000e+00 
-3.20000000e-01  1.53000000e+00 -3.20000000e-01 -2.82374012e-16 -3.20000000e-01  1.11000000e+00 
-3.30000000e-01  1.52000000e+00 -3.30000000e-01 -3.51905738e-16 -3.30000000e-01  1.11000000e+00 
-3.40000000e-01  1.51000000e+00 -3.40000000e-01 -4.38558271e-16 -3.40000000e-01  1.11000000e+00 
-3.50000000e-01  1.50000000e+00 -3.50000000e-01 -5.46547007e-16 -3.50000000e-01  1.11000000e+00 
-3.60000000e-01  1.49000000e+00 -3.60000000e-01 -6.81125132e-16 -3.60000000e-01  1.11000000e+00 
-3.70000000e-01  1.48000000e+00 -3.70000000e-01 -8.48839074e-16 -3.70000000e-01  1.11000000e+00 
-3.80000000e-01  1.47000000e+00 -3.80000000e-01 -1.05784683e-15 -3.80000000e-01  1.11000000e+00 
-3.90000000e-01  1.46000000e+00 -3.90000000e-01 -1.31831459e-15 -3.90000000e-01  1.11000000e+00 
-4.00000000e-01  1.45000000e+00 -4.00000000e-01 -1.64291101e-15 -4.00000000e-01  1.11000000e+00 
-4.10000000e-01  1.44000000e+00 -4.10000000e-01 -2.04742305e-15 -4.10000000e-01  1.11000000e+00 
-4.20000000e-01  1.43000000e+00 -4.20000000e-01 -2.55152325e-15 -4.20000000e-01  1.11000000e+00 
-4.30000000e-01  1.42000000e+00 -4.30000000e-01 -3.17972589e-15 -4.30000000e-01  1.11000000e+00 
-4.40000000e-01  1.41000000e+00 -4.40000000e-01 -3.96257815e-15 -4.40000000e-01  1.11000000e+00 
-4.50000000e-01  1.40000000e+00 -4.50000000e-01 -4.93814422e-15 -4.50000000e-01  1.11000000e+00 
-4.60000000e-01  1.39000000e+00 -4.60000000e-01 -6.15385436e-15 -4.60000000e-01  1.11000000e+00 
-4.70000000e-01  1.38000000e+00 -4.70000000e-01 -7.66880837e-15 -4.70000000e-01  1.11000000e+00 
-4.80000000e-01  1.37000000e+00 -4.80000000e-01 -9.55664525e-15 -4.80000000e-01  1.11000000e+00 
-4.90000000e-01  1.36000000e+00 -4.90000000e-01 -1.19091179e-14 -4.90000000e-01  1.11000000e+00 
-5.00000000e-01  1.35000000e+00 -5.00000000e-01 -1.48405459e-14 -5.00000000e-01  1.11000000e+00 
-5.10000000e-01  1.34000000e+00 -5.10000000e-01 -1.84933616e-14 -5.10000000e-01  1.11000000e+00 
-5.20000000e-01  1.33000000e+00 -5.20000000e-01 -2.30450167e-14 -5.20000000e-01  1.11000000e+00 
-5.30000000e-01  1.32000000e+00 -5.30000000e-01 -2.87165870e-14 -5.30000000e-01  1.11000000e+00 
-5.40000000e-01  1.31000000e+00 -5.40000000e-01 -3.57834851e-14 -5.40000000e-01  1.11000000e+00 
-5.50000000e-01  1.30000000e+00 -5.50000000e-01 -4.45888003e-14 -5.50000000e-01  1.11000000e+00 
-5.60000000e-01  1.29000000e+00 -5.60000000e-01 -5.55599082e-14 -5.60000000e-01  1.11000000e+00 
-5.70000000e-01  1.28000000e+00 -5.70000000e-01 -6.92291484e-14 -5.70000000e-01  1.11000000e+00 
-5.80000000e-01  1.27000000e+00 -5.80000000e-01 -8.62595645e-14 -5.80000000e-01  1.11000000e+00 
-5.90000000e-01  1.26000000e+00 -5.90000000e-01 -1.07476941e-13 -5.90000000e-01  1.11000000e+00 
-6.00000000e-01  1.25000000e+00 -6.00000000e-01 -1.33909671e-13 -6.00000000e-01  1.11000000e+00 
-6.10000000e-01  1.24000000e+00 -6.10000000e-01 -1.66838362e-13 -6.10000000e-01  1.11000000e+00 
-6.20000000e-01  1.23000000e+00 -6.20000000e-01 -2.07857549e-13 -6.20000000e-01  1.11000000e+00 
-6.30000000e-01  1.22000000e+00 -6.30000000e-01 -2.58952451e-13 -6.30000000e-01  1.11000000e+00 
-6.40000000e-01  1.21000000e+00 -6.40000000e-01 -3.22594421e-13 -6.40000000e-01  1.11000000e+00 
-6.50000000e-01  1.20000000e+00 -6.50000000e-01 -4.01859609e-13 -6.50000000e-01  1.11000000e+00 
-6.60000000e-01  1.19000000e+00 -6.60000000e-01 -5.00576458e-13 -6.60000000e-01  1.11000000e+00 
-6.70000000e-01  1.18000000e+00 -6.70000000e-01 -6.23508970e-13 -6.70000000e-01  1.11000000e+00 
-6.80000000e-01  1.17000000e+00 -6.80000000e-01 -7.76584357e-13 -6.80000000e-01  1.11000000e+00 
-6.90000000e-01  1.16000000e+00 -6.90000000e-01 -9.67175737e-13 -6.90000000e-01  1.11000000e+00 
-7.00000000e-01  1.15000000e+00 -7.00000000e-01 -1.20445304e-12 -7.00000000e-01  1.11000000e+00 
-7.10000000e-01  1.14000000e+00 -7.10000000e-01 -1.49981845e-12 -7.10000000e-01  1.11000000e+00 
-7.20000000e-01  1.13000000e+00 -7.20000000e-01 -1.86744644e-12 -7.20000000e-01  1.11000000e+00 
-7.30000000e-01  1.12000000e+00 -7.30000000e-01 -2.32495340e-12 -7.30000000e-01  1.11000000e+00 
-7.40000000e-01  1.11000000e+00 -7.40000000e-01 -2.89422731e-12 -7.40000000e-01  1.11000000e+00 
-7.50000000e-01  1.10000000e+00 -7.50000000e-01 -3.60245551e-12 -7.50000000e-01  1.11000000e+00 
-7.60000000e-01  1.09000000e+00 -7.60000000e-01 -4.48339700e-12 -7.60000000e-01  1.11000000e+00 
-7.70000000e-01  1.08000000e+00 -7.70000000e-01 -5.57895679e-12 -7.70000000e-01  1.11000000e+00 
-7.80000000e-01  1.07000000e+00 -7.80000000e-01 -6.94113303e-12 -7.80000000e-01  1.11000000e+00 
-7.90000000e-01  1.06000000e+00 -7.90000000e-01 -8.63442409e-12 -7.90000000e-01  1.11000000e+00 
-8.00000000e-01  1.05000000e+00 -8.00000000e-01 -1.07388029e-11 -8.00000000e-01  1.11000000e+00 
-8.10000000e-01  1.04000000e+00 -8.10000000e-01 -1.33533912e-11 -8.10000000e-01  1.11000000e+00 
-8.20000000e-01  1.03000000e+00 -8.20000000e-01 -1.66009973e-11 -8.20000000e-01  1.11000000e+00 
-8.30000000e-01  1.02000000e+00 -8.30000000e-01 -2.06337197e-11 -8.30000000e-01  1.11000000e+00 
-8.40000000e-01  1.01000000e+00 -8.40000000e-01 -2.56398682e-11 -8.40000000e-01  1.11000000e+00 
-8.50000000e-01  1.00000000e+00 -8.50000000e-01 -3.18525159e-11 -8.50000000e-01  1.11000000e+00 
-8.60000000e-01  9.90000000e-01 -8.60000000e-01 -3.95600744e-11 -8.60000000e-01  1.11000000e+00 
-8.70000000e-01  9.80000000e-01 -8.70000000e-01 -4.91193871e-11 -8.70000000e-01  1.11000000e+00 
-8.80000000e-01  9.70000000e-01 -8.80000000e-01 -6.09719672e-11 -8.80000000e-01  1.11000000e+00 
-8.90000000e-01  9.60000000e-01 -8.90000000e-01 -7.56641849e-11 -8.90000000e-01  1.11000000e+00 
-9.00000000e-01  9.50000000e-01 -9.00000000e-01 -9.38724385e-11 -9.00000000e-01  1.11000000e+00 
-9.10000000e-01  9.40000000e-01 -9.10000000e-01 -1.16434660e-10 -9.10000000e-01  1.11000000e+00 
-9.20000000e-01  9.30000000e-01 -9.20000000e-01 -1.44389923e-10 -9.20000000e-01  1.11000000e+00 
-9.30000000e-01  9.20000000e-01 -9.30000000e-01 -1.79028507e-10 -9.30000000e-01  1.11000000e+00 
-9.40000000e-01  9.10000000e-01 -9.40000000e-01 -2.21955528e-10 -9.40000000e-01  1.11000000e+00 
-9.50000000e-01  9.00000000e-01 -9.50000000e-01 -2.75172315e-10 -9.50000000e-01  1.11000000e+00 
-9.60000000e-01  8.90000000e-01 -9.60000000e-01 -3.41181131e-10 -9.60000000e-01  1.11000000e+00 
-9.70000000e-01  8.80000000e-01 -9.70000000e-01 -4.23120704e-10 -9.70000000e-01  1.11000000e+00 
-9.80000000e-01  8.70000000e-01 -9.80000000e-01 -5.24942542e-10 -9.80000000e-01  1.11000000e+00 
-9.90000000e-01  8.60000000e-01 -9.90000000e-01 -6.51641177e-10 -9.90000000e-01  1.11000000e+00 
-1.00000000e+00  8.50000000e-01 -1.00000000e+00 -8.09555532e-10 -1.00000000e+00  1.11000000e+00 
-1.01000000e+00  8.40000000e-01 -1.01000000e+00 -1.00676349e-09 -1.01000000e+00  1.11000000e+00 
-1.02000000e+00  8.30000000e-01 -1.02000000e+00 -1.25359740e-09 -1.02000000e+00  1.11000000e+00 
-1.03000000e+00  8.20000000e-01 -1.03000000e+00 -1.56331465e-09 -1.03000000e+00  1.11000000e+00 
-1.04000000e+00  8.10000000e-01 -1.04000000e+00 -1.95296324e-09 -1.04000000e+00  1.11000000e+00 
-1.05000000e+00  8.00000000e-01 -1.05000000e+00 -2.44448806e-09 -1.05000000e+00  1.11000000e+00 
-1.06000000e+00  7.90000000e-01 -1.06000000e+00 -3.06612528e-09 -1.06000000e+00  1.11000000e+00 
-1.07000000e+00  7.80000000e-01 -1.07000000e+00 -3.85413075e-09 -1.07000000e+00  1.11000000e+00 
-1.08000000e+00  7.70000000e-01 -1.08000000e+00 -4.85487798e-09 -1.08000000e+00  1.11000000e+00 
-1.09000000e+00  7.60000000e-01 -1.09000000e+00 -6.12734133e-09 -1.09000000e+00  1.11000000e+00 
-1.10000000e+00  7.50000000e-01 -1.10000000e+00 -7.74594605e-09 -1.10000000e+00  1.11000000e+00 
-1.11000000e+00  7.40000000e-01 -1.11000000e+00 -9.80371811e-09 -1.11000000e+00  1.11000000e+00 
-1.12000000e+00  7.30000000e-01 -1.12000000e+00 -1.24156027e-08 -1.12000000e+00  1.11000000e+00 
-1.13000000e+00  7.20000000e-01 -1.13000000e+00 -1.57217452e-08 -1.13000000e+00  1.11000000e+00 
-1.14000000e+00  7.10000000e-01 -1.14000000e+00 -1.98904479e-08 -1.14000000e+00  1.11000000e+00 
-1.15000000e+00  7.00000000e-01 -1.15000000e+00 -2.51204482e-08 -1.15000000e+00  1.11000000e+00 
-1.16000000e+00  6.90000000e-01 -1.16000000e+00 -3.16421118e-08 -1.16000000e+00  1.11000000e+00 
-1.17000000e+00  6.80000000e-01 -1.17000000e+00 -3.97171356e-08 -1.17000000e+00  1.11000000e+00 
-1.18000000e+00  6.70000000e-01 -1.18000000e+00 -4.96363987e-08 -1.18000000e+00  1.11000000e+00 
-1.19000000e+00  6.60000000e-01 -1.19000000e+00 -6.17157181e-08 -1.19000000e+00  1.11000000e+00 
-1.20000000e+00  6.50000000e-01 -1.20000000e+00 -7.62894367e-08 -1.20000000e+00  1.11000000e+00 
-1.21000000e+00  6.40000000e-01 -1.21000000e+00 -9.37019903e-08 -1.21000000e+00  1.11000000e+00 
-1.22000000e+00  6.30000000e-01 -1.22000000e+00 -1.14297833e-07 -1.22000000e+00  1.11000000e+00 
-1.23000000e+00  6.20000000e-01 -1.23000000e+00 -1.38410313e-07 -1.23000000e+00  1.11000000e+00 
-1.24000000e+00  6.10000000e-01 -1.24000000e+00 -1.66350252e-07 -1.24000000e+00  1.11000000e+00 
-1.25000000e+00  6.00000000e-01 -1.25000000e+00 -1.98395048e-07 -1.25000000e+00  1.11000000e+00 
-1.26000000e+00  5.90000000e-01 -1.26000000e+00 -2.34779094e-07 -1.26000000e+00  1.11000000e+00 
-1.27000000e+00  5.80000000e-01 -1.27000000e+00 -2.75686198e-07 -1.27000000e+00  1.11000000e+00 
-1.28000000e+00  5.70000000e-01 -1.28000000e+00 -3.21244460e-07 -1.28000000e+00  1.11000000e+00 
-1.29000000e+00  5.60000000e-01 -1.29000000e+00 -3.71523862e-07 -1.29000000e+00  1.11000000e+00 
-1.30000000e+00  5.50000000e-01 -1.30000000e+00 -4.26536543e-07 -1.30000000e+00  1.11000000e+00 
-1.31000000e+00  5.40000000e-01 -1.31000000e+00 -4.86239533e-07 -1.31000000e+00  1.11000000e+00 
-1.32000000e+00  5.30000000e-01 -1.32000000e+00 -5.50539533e-07 -1.32000000e+00  1.11000000e+00 
-1.33000000e+00  5.20000000e-01 -1.33000000e+00 -6.19299245e-07 -1.33000000e+00  1.11000000e+00 
-1.34000000e+00  5.10000000e-01 -1.34000000e+00 -6.92344685e-07 -1.34000000e+00  1.11000000e+00 
-1.35000000e+00  5.00000000e-01 -1.35000000e+00 -7.69472963e-07 -1.35000000e+00  1.11000000e+00 
-1.36000000e+00  4.90000000e-01 -1.36000000e+00 -8.50460048e-07 -1.36000000e+00  1.11000000e+00 
-1.37000000e+00  4.80000000e-01 -1.37000000e+00 -9.35068135e-07 -1.37000000e+00  1.11000000e+00 
-1.38000000e+00  4.70000000e-01 -1.38000000e+00 -1.02305234e-06 -1.38000000e+00  1.11000000e+00 
-1.39000000e+00  4.60000000e-01 -1.39000000e+00 -1.11416655e-06 -1.39000000e+00  1.11000000e+00 
-1.40000000e+00  4.50000000e-01 -1.40000000e+00 -1.20816827e-06 -1.40000000e+00  1.11000000e+00 
-1.41000000e+00  4.40000000e-01 -1.41000000e+00 -1.30482259e-06 -1.41000000e+00  1.11000000e+00 
-1.42000000e+00  4.30000000e-01 -1.42000000e+00 -1.40390516e-06 -1.42000000e+00  1.11000000e+00 
-1.43000000e+00  4.20000000e-01 -1.43000000e+00 -1.50520428e-06 -1.43000000e+00  1.11000000e+00 
-1.44000000e+00  4.10000000e-01 -1.44000000e+00 -1.60852236e-06 -1.44000000e+00  1.11000000e+00 
-1.45000000e+00  4.00000000e-01 -1.45000000e+00 -1.71367665e-06 -1.45000000e+00  1.11000000e+00 
-1.46000000e+00  3.90000000e-01 -1.46000000e+00 -1.82049942e-06 -1.46000000e+00  1.11000000e+00 
-1.47000000e+00  3.80000000e-01 -1.47000000e+00 -1.92883787e-06 -1.47000000e+00  1.11000000e+00 
-1.48000000e+00  3.70000000e-01 -1.48000000e+00 -2.03855356e-06 -1.48000000e+00  1.11000000e+00 
-1.49000000e+00  3.60000000e-01 -1.49000000e+00 -2.14952174e-06 -1.49000000e+00  1.11000000e+00 
-1.50000000e+00  3.50000000e-01 -1.50000000e+00 -2.26163047e-06 -1.50000000e+00  1.11000000e+00 
-1.51000000e+00  3.40000000e-01 -1.51000000e+00 -2.37477964e-06 -1.51000000e+00  1.11000000e+00 
-1.52000000e+00  3.30000000e-01 -1.52000000e+00 -2.48888000e-06 -1.52000000e+00  1.11000000e+00 
-1.53000000e+00  3.20000000e-01 -1.53000000e+00 -2.60385212e-06 -1.53000000e+00  1.11000000e+00 
-1.54000000e+00  3.10000000e-01 -1.54000000e+00 -2.71962540e-06 -1.54000000e+00  1.11000000e+00 
-1.55000000e+00  3.00000000e-01 -1.55000000e+00 -2.83613718e-06 -1.55000000e+00  1.11000000e+00 
-1.56000000e+00  2.90000000e-01 -1.56000000e+00 -2.95333177e-06 -1.56000000e+00  1.11000000e+00 
-1.57000000e+00  2.80000000e-01 -1.57000000e+00 -3.07115968e-06 -1.57000000e+00  1.11000000e+00 
-1.58000000e+00  2.70000000e-01 -1.58000000e+00 -3.18957685e-06 -1.58000000e+00  1.11000000e+00 
-1.59000000e+00  2.60000000e-01 -1.59000000e+00 -3.30854396e-06 -1.59000000e+00  1.11000000e+00 
-1.60000000e+00  2.50000000e-01 -1.60000000e+00 -3.42802580e-06 -1.60000000e+00  1.11000000e+00 
-1.61000000e+00  2.40000000e-01 -1.61000000e+00 -3.54799073e-06 -1.61000000e+00  1.11000000e+00 
-1.62000000e+00  2.30000000e-01 -1.62000000e+00 -3.66841022e-06 -1.62000000e+00  1.11000000e+00 
-1.63000000e+00  2.20000000e-01 -1.63000000e+00 -3.78925836e-06 -1.63000000e+00  1.11000000e+00 
-1.64000000e+00  2.10000000e-01 -1.64000000e+00 -3.91051150e-06 -1.64000000e+00  1.11000000e+00 
-1.65000000e+00  2.00000000e-01 -1.65000000e+00 -4.03214795e-06 -1.65000000e+00  1.11000000e+00 
-1.66000000e+00  1.90000000e-01 -1.66000000e+00 -4.15414767e-06 -1.66000000e+00  1.11000000e+00 
-1.67000000e+00  1.80000000e-01 -1.67000000e+00 -4.27649202e-06 -1.67000000e+00  1.11000000e+00 
-1.68000000e+00  1.70000000e-01 -1.68000000e+00 -4.39916355e-06 -1.68000000e+00  1.11000000e+00 
-1.69000000e+00  1.60000000e-01 -1.69000000e+00 -4.52214583e-06 -1.69000000e+00  1.11000000e+00 
-1.70000000e+00  1.50000000e-01 -1.70000000e+00 -4.64542326e-06 -1.70000000e+00  1.11000000e+00 
-1.71000000e+00  1.40000000e-01 -1.71000000e+00 -4.76898098e-06 -1.71000000e+00  1.11000000e+00 
-1.72000000e+00  1.30000000e-01 -1.72000000e+00 -4.89280476e-06 -1.72000000e+00  1.11000000e+00 
-1.73000000e+00  1.20000000e-01 -1.73000000e+00 -5.01688085e-06 -1.73000000e+00  1.11000000e+00 
-1.74000000e+00  1.10000000e-01 -1.74000000e+00 -5.14119596e-06 -1.74000000e+00  1.11000000e+00 
-1.75000000e+00  1.00000000e-01 -1.75000000e+00 -5.26573717e-06 -1.75000000e+00  1.11000000e+00 
-1.76000000e+00  9.00000000e-02 -1.76000000e+00 -5.39049187e-06 -1.76000000e+00  1.11000000e+00 
-1.77000000e+00  8.00000000e-02 -1.77000000e+00 -5.51544773e-06 -1.77000000e+00  1.11000000e+00 
-1.78000000e+00  7.00000000e-02 -1.78000000e+00 -5.64059264e-06 -1.78000000e+00  1.11000000e+00 
-1.79000000e+00  6.00000000e-02 -1.79000000e+00 -5.76591471e-06 -1.79000000e+00  1.11000000e+00 
-1.80000000e+00  5.00000000e-02 -1.80000000e+00 -5.89140221e-06 -1.80000000e+00  1.11000000e+00 
-1.81000000e+00  4.00000000e-02 -1.81000000e+00 -6.01704358e-06 -1.81000000e+00  1.11000000e+00 
-1.82000000e+00  3.00000000e-02 -1.82000000e+00 -6.14282739e-06 -1.82000000e+00  1.11000000e+00 
-1.83000000e+00  2.00000000e-02 -1.83000000e+00 -6.26874232e-06 -1.83000000e+00  1.11000000e+00 
-1.84000000e+00  1.00000000e-02 -1.84000000e+00 -6.39477717e-06 -1.84000000e+00  1.11000000e+00 
-1.85000000e+00 -1.33226763e-15 -1.85000000e+00 -6.52092083e-06 -1.85000000e+00  1.11000000e+00 
