 0.00000000e+00  1.85000000e+00  0.00000000e+00 -2.58684050e-19  0.00000000e+00  1.45000000e+00 
-1.00000000e-02  1.84000000e+00 -1.00000000e-02 -3.22386492e-19 -1.00000000e-02  1.45000000e+00 
-2.00000000e-02  1.83000000e+00 -2.00000000e-02 -4.01776010e-19 -2.00000000e-02  1.45000000e+00 
-3.00000000e-02  1.82000000e+00 -3.00000000e-02 -5.00715625e-19 -3.00000000e-02  1.45000000e+00 
-4.00000000e-02  1.81000000e+00 -4.00000000e-02 -6.24019646e-19 -4.00000000e-02  1.45000000e+00 
-5.00000000e-02  1.80000000e+00 -5.00000000e-02 -7.77687921e-19 -5.00000000e-02  1.45000000e+00 
-6.00000000e-02  1.79000000e+00 -6.00000000e-02 -9.69197788e-19 -6.00000000e-02  1.45000000e+00 
-7.00000000e-02  1.78000000e+00 -7.00000000e-02 -1.20786790e-18 -7.00000000e-02  1.45000000e+00 
-8.00000000e-02  1.77000000e+00 -8.00000000e-02 -1.50531167e-18 -8.00000000e-02  1.45000000e+00 
-9.00000000e-02  1.76000000e+00 -9.00000000e-02 -1.87600233e-18 -9.00000000e-02  1.45000000e+00 
-1.00000000e-01  1.75000000e+00 -1.00000000e-01 -2.33797720e-18 -1.00000000e-01  1.45000000e+00 
-1.10000000e-01  1.74000000e+00 -1.10000000e-01 -2.91371532e-18 -1.10000000e-01  1.45000000e+00 
-1.20000000e-01  1.73000000e+00 -1.20000000e-01 -3.63123122e-18 -1.20000000e-01  1.45000000e+00 
-1.30000000e-01  1.72000000e+00 -1.30000000e-01 -4.52543804e-18 -1.30000000e-01  1.45000000e+00 
-1.40000000e-01  1.71000000e+00 -1.40000000e-01 -5.63984630e-18 -1.40000000e-01  1.45000000e+00 
-1.50000000e-01  1.70000000e+00 -1.50000000e-01 -7.02868098e-18 -1.50000000e-01  1.45000000e+00 
-1.60000000e-01  1.69000000e+00 -1.60000000e-01 -8.75951990e-18 -1.60000000e-01  1.45000000e+00 
-1.70000000e-01  1.68000000e+00 -1.70000000e-01 -1.09165818e-17 -1.70000000e-01  1.45000000e+00 
-1.80000000e-01  1.67000000e+00 -1.80000000e-01 -1.36048240e-17 -1.80000000e-01  1.45000000e+00 
-1.90000000e-01  1.66000000e+00 -1.90000000e-01 -1.69550491e-17 -1.90000000e-01  1.45000000e+00 
-2.00000000e-01  1.65000000e+00 -2.00000000e-01 -2.11302695e-17 -2.00000000e-01  1.45000000e+00 
-2.10000000e-01  1.64000000e+00 -2.10000000e-01 -2.63336379e-17 -2.10000000e-01  1.45000000e+00 
-2.20000000e-01  1.63000000e+00 -2.20000000e-01 -3.28183321e-17 -2.20000000e-01  1.45000000e+00 
-2.30000000e-01  1.62000000e+00 -2.30000000e-01 -4.08998724e-17 -2.30000000e-01  1.45000000e+00 
-2.40000000e-01  1.61000000e+00 -2.40000000e-01 -5.09714723e-17 -2.40000000e-01  1.45000000e+00 
-2.50000000e-01  1.60000000e+00 -2.50000000e-01 -6.35231690e-17 -2.50000000e-01  1.45000000e+00 
-2.60000000e-01  1.59000000e+00 -2.60000000e-01 -7.91656637e-17 -2.60000000e-01  1.45000000e+00 
-2.70000000e-01  1.58000000e+00 -2.70000000e-01 -9.86600315e-17 -2.70000000e-01  1.45000000e+00 
-2.80000000e-01  1.57000000e+00 -2.80000000e-01 -1.22954746e-16 -2.80000000e-01  1.45000000e+00 
-2.90000000e-01  1.56000000e+00 -2.90000000e-01 -1.53231821e-16 -2.90000000e-01  1.45000000e+00 
-3.00000000e-01  1.55000000e+00 -3.00000000e-01 -1.90964305e-16 -3.00000000e-01  1.45000000e+00 
-3.10000000e-01  1.54000000e+00 -3.10000000e-01 -2.37987941e-16 -3.10000000e-01  1.45000000e+00 
-3.20000000e-01  1.53000000e+00 -3.20000000e-01 -2.96590457e-16 -3.20000000e-01  1.45000000e+00 
-3.30000000e-01  1.52000000e+00 -3.30000000e-01 -3.69622837e-16 -3.30000000e-01  1.45000000e+00 
-3.40000000e-01  1.51000000e+00 -3.40000000e-01 -4.60637992e-16 -3.40000000e-01  1.45000000e+00 
-3.50000000e-01  1.50000000e+00 -3.50000000e-01 -5.74063545e-16 -3.50000000e-01  1.45000000e+00 
-3.60000000e-01  1.49000000e+00 -3.60000000e-01 -7.15417159e-16 -3.60000000e-01  1.45000000e+00 
-3.70000000e-01  1.48000000e+00 -3.70000000e-01 -8.91574852e-16 -3.70000000e-01  1.45000000e+00 
-3.80000000e-01  1.47000000e+00 -3.80000000e-01 -1.11110534e-15 -3.80000000e-01  1.45000000e+00 
-3.90000000e-01  1.46000000e+00 -3.90000000e-01 -1.38468665e-15 -3.90000000e-01  1.45000000e+00 
-4.00000000e-01  1.45000000e+00 -4.00000000e-01 -1.72562525e-15 -4.00000000e-01  1.45000000e+00 
-4.10000000e-01  1.44000000e+00 -4.10000000e-01 -2.15050289e-15 -4.10000000e-01  1.45000000e+00 
-4.20000000e-01  1.43000000e+00 -4.20000000e-01 -2.67998259e-15 -4.20000000e-01  1.45000000e+00 
-4.30000000e-01  1.42000000e+00 -4.30000000e-01 -3.33981279e-15 -4.30000000e-01  1.45000000e+00 
-4.40000000e-01  1.41000000e+00 -4.40000000e-01 -4.16207861e-15 -4.40000000e-01  1.45000000e+00 
-4.50000000e-01  1.40000000e+00 -4.50000000e-01 -5.18676063e-15 -4.50000000e-01  1.45000000e+00 
-4.60000000e-01  1.39000000e+00 -4.60000000e-01 -6.46367701e-15 -4.60000000e-01  1.45000000e+00 
-4.70000000e-01  1.38000000e+00 -4.70000000e-01 -8.05490299e-15 -4.70000000e-01  1.45000000e+00 
-4.80000000e-01  1.37000000e+00 -4.80000000e-01 -1.00377850e-14 -4.80000000e-01  1.45000000e+00 
-4.90000000e-01  1.36000000e+00 -4.90000000e-01 -1.25086952e-14 -4.90000000e-01  1.45000000e+00 
-5.00000000e-01  1.35000000e+00 -5.00000000e-01 -1.55877089e-14 -5.00000000e-01  1.45000000e+00 
-5.10000000e-01  1.34000000e+00 -5.10000000e-01 -1.94244290e-14 -5.10000000e-01  1.45000000e+00 
-5.20000000e-01  1.33000000e+00 -5.20000000e-01 -2.42052412e-14 -5.20000000e-01  1.45000000e+00 
-5.30000000e-01  1.32000000e+00 -5.30000000e-01 -3.01623514e-14 -5.30000000e-01  1.45000000e+00 
-5.40000000e-01  1.31000000e+00 -5.40000000e-01 -3.75850376e-14 -5.40000000e-01  1.45000000e+00 
-5.50000000e-01  1.30000000e+00 -5.50000000e-01 -4.68336620e-14 -5.50000000e-01  1.45000000e+00 
-5.60000000e-01  1.29000000e+00 -5.60000000e-01 -5.83571158e-14 -5.60000000e-01  1.45000000e+00 
-5.70000000e-01  1.28000000e+00 -5.70000000e-01 -7.27145385e-14 -5.70000000e-01  1.45000000e+00 
-5.80000000e-01  1.27000000e+00 -5.80000000e-01 -9.06023535e-14 -5.80000000e-01  1.45000000e+00 
-5.90000000e-01  1.26000000e+00 -5.90000000e-01 -1.12887916e-13 -5.90000000e-01  1.45000000e+00 
-6.00000000e-01  1.25000000e+00 -6.00000000e-01 -1.40651391e-13 -6.00000000e-01  1.45000000e+00 
-6.10000000e-01  1.24000000e+00 -6.10000000e-01 -1.75237851e-13 -6.10000000e-01  1.45000000e+00 
-6.20000000e-01  1.23000000e+00 -6.20000000e-01 -2.18322096e-13 -6.20000000e-01  1.45000000e+00 
-6.30000000e-01  1.22000000e+00 -6.30000000e-01 -2.71989276e-13 -6.30000000e-01  1.45000000e+00 
-6.40000000e-01  1.21000000e+00 -6.40000000e-01 -3.38835133e-13 -6.40000000e-01  1.45000000e+00 
-6.50000000e-01  1.20000000e+00 -6.50000000e-01 -4.22090646e-13 -6.50000000e-01  1.45000000e+00 
-6.60000000e-01  1.19000000e+00 -6.60000000e-01 -5.25776930e-13 -6.60000000e-01  1.45000000e+00 
-6.70000000e-01  1.18000000e+00 -6.70000000e-01 -6.54897723e-13 -6.70000000e-01  1.45000000e+00 
-6.80000000e-01  1.17000000e+00 -6.80000000e-01 -8.15678475e-13 -6.80000000e-01  1.45000000e+00 
-6.90000000e-01  1.16000000e+00 -6.90000000e-01 -1.01586324e-12 -6.90000000e-01  1.45000000e+00 
-7.00000000e-01  1.15000000e+00 -7.00000000e-01 -1.26508320e-12 -7.00000000e-01  1.45000000e+00 
-7.10000000e-01  1.14000000e+00 -7.10000000e-01 -1.57531393e-12 -7.10000000e-01  1.45000000e+00 
-7.20000000e-01  1.13000000e+00 -7.20000000e-01 -1.96144254e-12 -7.20000000e-01  1.45000000e+00 
-7.30000000e-01  1.12000000e+00 -7.30000000e-01 -2.44197076e-12 -7.30000000e-01  1.45000000e+00 
-7.40000000e-01  1.11000000e+00 -7.40000000e-01 -3.03988614e-12 -7.40000000e-01  1.45000000e+00 
-7.50000000e-01  1.10000000e+00 -7.50000000e-01 -3.78374105e-12 -7.50000000e-01  1.45000000e+00 
-7.60000000e-01  1.09000000e+00 -7.60000000e-01 -4.70898834e-12 -7.60000000e-01  1.45000000e+00 
-7.70000000e-01  1.08000000e+00 -7.70000000e-01 -5.85963387e-12 -7.70000000e-01  1.45000000e+00 
-7.80000000e-01  1.07000000e+00 -7.80000000e-01 -7.29027991e-12 -7.80000000e-01  1.45000000e+00 
-7.90000000e-01  1.06000000e+00 -7.90000000e-01 -9.06865082e-12 -7.90000000e-01  1.45000000e+00 
-8.00000000e-01  1.05000000e+00 -8.00000000e-01 -1.12787131e-11 -8.00000000e-01  1.45000000e+00 
-8.10000000e-01  1.04000000e+00 -8.10000000e-01 -1.40245285e-11 -8.10000000e-01  1.45000000e+00 
-8.20000000e-01  1.03000000e+00 -8.20000000e-01 -1.74350107e-11 -8.20000000e-01  1.45000000e+00 
-8.30000000e-01  1.02000000e+00 -8.30000000e-01 -2.16697965e-11 -8.30000000e-01  1.45000000e+00 
-8.40000000e-01  1.01000000e+00 -8.40000000e-01 -2.69264935e-11 -8.40000000e-01  1.45000000e+00 
-8.50000000e-01  1.00000000e+00 -8.50000000e-01 -3.34496289e-11 -8.50000000e-01  1.45000000e+00 
-8.60000000e-01  9.90000000e-01 -8.60000000e-01 -4.15417057e-11 -8.60000000e-01  1.45000000e+00 
-8.70000000e-01  9.80000000e-01 -8.70000000e-01 -5.15768776e-11 -8.70000000e-01  1.45000000e+00 
-8.80000000e-01  9.70000000e-01 -8.80000000e-01 -6.40178873e-11 -8.80000000e-01  1.45000000e+00 
-8.90000000e-01  9.60000000e-01 -8.90000000e-01 -7.94370922e-11 -8.90000000e-01  1.45000000e+00 
-9.00000000e-01  9.50000000e-01 -9.00000000e-01 -9.85426367e-11 -9.00000000e-01  1.45000000e+00 
-9.10000000e-01  9.40000000e-01 -9.10000000e-01 -1.22211145e-10 -9.10000000e-01  1.45000000e+00 
-9.20000000e-01  9.30000000e-01 -9.20000000e-01 -1.51528728e-10 -9.20000000e-01  1.45000000e+00 
-9.30000000e-01  9.20000000e-01 -9.30000000e-01 -1.87842685e-10 -9.30000000e-01  1.45000000e+00 
-9.40000000e-01  9.10000000e-01 -9.40000000e-01 -2.32827033e-10 -9.40000000e-01  1.45000000e+00 
-9.50000000e-01  9.00000000e-01 -9.50000000e-01 -2.88566068e-10 -9.50000000e-01  1.45000000e+00 
-9.60000000e-01  8.90000000e-01 -9.60000000e-01 -3.57661561e-10 -9.60000000e-01  1.45000000e+00 
-9.70000000e-01  8.80000000e-01 -9.70000000e-01 -4.43371075e-10 -9.70000000e-01  1.45000000e+00 
-9.80000000e-01  8.70000000e-01 -9.80000000e-01 -5.49787332e-10 -9.80000000e-01  1.45000000e+00 
-9.90000000e-01  8.60000000e-01 -9.90000000e-01 -6.82071780e-10 -9.90000000e-01  1.45000000e+00 
-1.00000000e+00  8.50000000e-01 -1.00000000e+00 -8.46759453e-10 -1.00000000e+00  1.45000000e+00 
-1.01000000e+00  8.40000000e-01 -1.01000000e+00 -1.05215710e-09 -1.01000000e+00  1.45000000e+00 
-1.02000000e+00  8.30000000e-01 -1.02000000e+00 -1.30886223e-09 -1.02000000e+00  1.45000000e+00 
-1.03000000e+00  8.20000000e-01 -1.03000000e+00 -1.63043682e-09 -1.03000000e+00  1.45000000e+00 
-1.04000000e+00  8.10000000e-01 -1.04000000e+00 -2.03427569e-09 -1.04000000e+00  1.45000000e+00 
-1.05000000e+00  8.00000000e-01 -1.05000000e+00 -2.54271453e-09 -1.05000000e+00  1.45000000e+00 
-1.06000000e+00  7.90000000e-01 -1.06000000e+00 -3.18442493e-09 -1.06000000e+00  1.45000000e+00 
-1.07000000e+00  7.80000000e-01 -1.07000000e+00 -3.99614181e-09 -1.07000000e+00  1.45000000e+00 
-1.08000000e+00  7.70000000e-01 -1.08000000e+00 -5.02475839e-09 -1.08000000e+00  1.45000000e+00 
-1.09000000e+00  7.60000000e-01 -1.09000000e+00 -6.32980401e-09 -1.09000000e+00  1.45000000e+00 
-1.10000000e+00  7.50000000e-01 -1.10000000e+00 -7.98628622e-09 -1.10000000e+00  1.45000000e+00 
-1.11000000e+00  7.40000000e-01 -1.11000000e+00 -1.00878299e-08 -1.11000000e+00  1.45000000e+00 
-1.12000000e+00  7.30000000e-01 -1.12000000e+00 -1.27499825e-08 -1.12000000e+00  1.45000000e+00 
-1.13000000e+00  7.20000000e-01 -1.13000000e+00 -1.61134794e-08 -1.13000000e+00  1.45000000e+00 
-1.14000000e+00  7.10000000e-01 -1.14000000e+00 -2.03471840e-08 -1.14000000e+00  1.45000000e+00 
-1.15000000e+00  7.00000000e-01 -1.15000000e+00 -2.56503477e-08 -1.15000000e+00  1.45000000e+00 
-1.16000000e+00  6.90000000e-01 -1.16000000e+00 -3.22537870e-08 -1.16000000e+00  1.45000000e+00 
-1.17000000e+00  6.80000000e-01 -1.17000000e+00 -4.04195712e-08 -1.17000000e+00  1.45000000e+00 
-1.18000000e+00  6.70000000e-01 -1.18000000e+00 -5.04388622e-08 -1.18000000e+00  1.45000000e+00 
-1.19000000e+00  6.60000000e-01 -1.19000000e+00 -6.26276629e-08 -1.19000000e+00  1.45000000e+00 
-1.20000000e+00  6.50000000e-01 -1.20000000e+00 -7.73204041e-08 -1.20000000e+00  1.45000000e+00 
-1.21000000e+00  6.40000000e-01 -1.21000000e+00 -9.48615146e-08 -1.21000000e+00  1.45000000e+00 
-1.22000000e+00  6.30000000e-01 -1.22000000e+00 -1.15595355e-07 -1.22000000e+00  1.45000000e+00 
-1.23000000e+00  6.20000000e-01 -1.23000000e+00 -1.39855109e-07 -1.23000000e+00  1.45000000e+00 
-1.24000000e+00  6.10000000e-01 -1.24000000e+00 -1.67951375e-07 -1.24000000e+00  1.45000000e+00 
-1.25000000e+00  6.00000000e-01 -1.25000000e+00 -2.00161289e-07 -1.25000000e+00  1.45000000e+00 
-1.26000000e+00  5.90000000e-01 -1.26000000e+00 -2.36718961e-07 -1.26000000e+00  1.45000000e+00 
-1.27000000e+00  5.80000000e-01 -1.27000000e+00 -2.77807908e-07 -1.27000000e+00  1.45000000e+00 
-1.28000000e+00  5.70000000e-01 -1.28000000e+00 -3.23555952e-07 -1.28000000e+00  1.45000000e+00 
-1.29000000e+00  5.60000000e-01 -1.29000000e+00 -3.74032813e-07 -1.29000000e+00  1.45000000e+00 
-1.30000000e+00  5.50000000e-01 -1.30000000e+00 -4.29250399e-07 -1.30000000e+00  1.45000000e+00 
-1.31000000e+00  5.40000000e-01 -1.31000000e+00 -4.89165536e-07 -1.31000000e+00  1.45000000e+00 
-1.32000000e+00  5.30000000e-01 -1.32000000e+00 -5.53684764e-07 -1.32000000e+00  1.45000000e+00 
-1.33000000e+00  5.20000000e-01 -1.33000000e+00 -6.22670655e-07 -1.33000000e+00  1.45000000e+00 
-1.34000000e+00  5.10000000e-01 -1.34000000e+00 -6.95949134e-07 -1.34000000e+00  1.45000000e+00 
-1.35000000e+00  5.00000000e-01 -1.35000000e+00 -7.73317251e-07 -1.35000000e+00  1.45000000e+00 
-1.36000000e+00  4.90000000e-01 -1.36000000e+00 -8.54550945e-07 -1.36000000e+00  1.45000000e+00 
-1.37000000e+00  4.80000000e-01 -1.37000000e+00 -9.39412414e-07 -1.37000000e+00  1.45000000e+00 
-1.38000000e+00  4.70000000e-01 -1.38000000e+00 -1.02765680e-06 -1.38000000e+00  1.45000000e+00 
-1.39000000e+00  4.60000000e-01 -1.39000000e+00 -1.11903804e-06 -1.39000000e+00  1.45000000e+00 
-1.40000000e+00  4.50000000e-01 -1.40000000e+00 -1.21331373e-06 -1.40000000e+00  1.45000000e+00 
-1.41000000e+00  4.40000000e-01 -1.41000000e+00 -1.31024904e-06 -1.41000000e+00  1.45000000e+00 
-1.42000000e+00  4.30000000e-01 -1.42000000e+00 -1.40961973e-06 -1.42000000e+00  1.45000000e+00 
-1.43000000e+00  4.20000000e-01 -1.43000000e+00 -1.51121427e-06 -1.43000000e+00  1.45000000e+00 
-1.44000000e+00  4.10000000e-01 -1.44000000e+00 -1.61483521e-06 -1.44000000e+00  1.45000000e+00 
-1.45000000e+00  4.00000000e-01 -1.45000000e+00 -1.72029996e-06 -1.45000000e+00  1.45000000e+00 
-1.46000000e+00  3.90000000e-01 -1.46000000e+00 -1.82744101e-06 -1.46000000e+00  1.45000000e+00 
-1.47000000e+00  3.80000000e-01 -1.47000000e+00 -1.93610576e-06 -1.47000000e+00  1.45000000e+00 
-1.48000000e+00  3.70000000e-01 -1.48000000e+00 -2.04615602e-06 -1.48000000e+00  1.45000000e+00 
-1.49000000e+00  3.60000000e-01 -1.49000000e+00 -2.15746727e-06 -1.49000000e+00  1.45000000e+00 
-1.50000000e+00  3.50000000e-01 -1.50000000e+00 -2.26992785e-06 -1.50000000e+00  1.45000000e+00 
-1.51000000e+00  3.40000000e-01 -1.51000000e+00 -2.38343795e-06 -1.51000000e+00  1.45000000e+00 
-1.52000000e+00  3.30000000e-01 -1.52000000e+00 -2.49790860e-06 -1.52000000e+00  1.45000000e+00 
-1.53000000e+00  3.20000000e-01 -1.53000000e+00 -2.61326071e-06 -1.53000000e+00  1.45000000e+00 
-1.54000000e+00  3.10000000e-01 -1.54000000e+00 -2.72942404e-06 -1.54000000e+00  1.45000000e+00 
-1.55000000e+00  3.00000000e-01 -1.55000000e+00 -2.84633626e-06 -1.55000000e+00  1.45000000e+00 
-1.56000000e+00  2.90000000e-01 -1.56000000e+00 -2.96394208e-06 -1.56000000e+00  1.45000000e+00 
-1.57000000e+00  2.80000000e-01 -1.57000000e+00 -3.08219241e-06 -1.57000000e+00  1.45000000e+00 
-1.58000000e+00  2.70000000e-01 -1.58000000e+00 -3.20104361e-06 -1.58000000e+00  1.45000000e+00 
-1.59000000e+00  2.60000000e-01 -1.59000000e+00 -3.32045680e-06 -1.59000000e+00  1.45000000e+00 
-1.60000000e+00  2.50000000e-01 -1.60000000e+00 -3.44039724e-06 -1.60000000e+00  1.45000000e+00 
-1.61000000e+00  2.40000000e-01 -1.61000000e+00 -3.56083378e-06 -1.61000000e+00  1.45000000e+00 
-1.62000000e+00  2.30000000e-01 -1.62000000e+00 -3.68173838e-06 -1.62000000e+00  1.45000000e+00 
-1.63000000e+00  2.20000000e-01 -1.63000000e+00 -3.80308565e-06 -1.63000000e+00  1.45000000e+00 
-1.64000000e+00  2.10000000e-01 -1.64000000e+00 -3.92485253e-06 -1.64000000e+00  1.45000000e+00 
-1.65000000e+00  2.00000000e-01 -1.65000000e+00 -4.04701789e-06 -1.65000000e+00  1.45000000e+00 
-1.66000000e+00  1.90000000e-01 -1.66000000e+00 -4.16956229e-06 -1.66000000e+00  1.45000000e+00 
-1.67000000e+00  1.80000000e-01 -1.67000000e+00 -4.29246774e-06 -1.67000000e+00  1.45000000e+00 
-1.68000000e+00  1.70000000e-01 -1.68000000e+00 -4.41571743e-06 -1.68000000e+00  1.45000000e+00 
-1.69000000e+00  1.60000000e-01 -1.69000000e+00 -4.53929564e-06 -1.69000000e+00  1.45000000e+00 
-1.70000000e+00  1.50000000e-01 -1.70000000e+00 -4.66318750e-06 -1.70000000e+00  1.45000000e+00 
-1.71000000e+00  1.40000000e-01 -1.71000000e+00 -4.78737890e-06 -1.71000000e+00  1.45000000e+00 
-1.72000000e+00  1.30000000e-01 -1.72000000e+00 -4.91185641e-06 -1.72000000e+00  1.45000000e+00 
-1.73000000e+00  1.20000000e-01 -1.73000000e+00 -5.03660711e-06 -1.73000000e+00  1.45000000e+00 
-1.74000000e+00  1.10000000e-01 -1.74000000e+00 -5.16161859e-06 -1.74000000e+00  1.45000000e+00 
-1.75000000e+00  1.00000000e-01 -1.75000000e+00 -5.28687884e-06 -1.75000000e+00  1.45000000e+00 
-1.76000000e+00  9.00000000e-02 -1.76000000e+00 -5.41237622e-06 -1.76000000e+00  1.45000000e+00 
-1.77000000e+00  8.00000000e-02 -1.77000000e+00 -5.53809940e-06 -1.77000000e+00  1.45000000e+00 
-1.78000000e+00  7.00000000e-02 -1.78000000e+00 -5.66403734e-06 -1.78000000e+00  1.45000000e+00 
-1.79000000e+00  6.00000000e-02 -1.79000000e+00 -5.79017926e-06 -1.79000000e+00  1.45000000e+00 
-1.80000000e+00  5.00000000e-02 -1.80000000e+00 -5.91651462e-06 -1.80000000e+00  1.45000000e+00 
-1.81000000e+00  4.00000000e-02 -1.81000000e+00 -6.04303306e-06 -1.81000000e+00  1.45000000e+00 
-1.82000000e+00  3.00000000e-02 -1.82000000e+00 -6.16972447e-06 -1.82000000e+00  1.45000000e+00 
-1.83000000e+00  2.00000000e-02 -1.83000000e+00 -6.29657890e-06 -1.83000000e+00  1.45000000e+00 
-1.84000000e+00  1.00000000e-02 -1.84000000e+00 -6.42358659e-06 -1.84000000e+00  1.45000000e+00 
-1.85000000e+00 -1.33226763e-15 -1.85000000e+00 -6.55073795e-06 -1.85000000e+00  1.45000000e+00 
