 0.00000000e+00  1.85000000e+00  0.00000000e+00 -2.19082780e-19  0.00000000e+00  3.70000000e-01 
-1.00000000e-02  1.84000000e+00 -1.00000000e-02 -2.73033181e-19 -1.00000000e-02  3.70000000e-01 
-2.00000000e-02  1.83000000e+00 -2.00000000e-02 -3.40269163e-19 -2.00000000e-02  3.70000000e-01 
-3.00000000e-02  1.82000000e+00 -3.00000000e-02 -4.24062370e-19 -3.00000000e-02  3.70000000e-01 
-4.00000000e-02  1.81000000e+00 -4.00000000e-02 -5.28490098e-19 -4.00000000e-02  3.70000000e-01 
-5.00000000e-02  1.80000000e+00 -5.00000000e-02 -6.58633696e-19 -5.00000000e-02  3.70000000e-01 
-6.00000000e-02  1.79000000e+00 -6.00000000e-02 -8.20825815e-19 -6.00000000e-02  3.70000000e-01 
-7.00000000e-02  1.78000000e+00 -7.00000000e-02 -1.02295854e-18 -7.00000000e-02  3.70000000e-01 
-8.00000000e-02  1.77000000e+00 -8.00000000e-02 -1.27486741e-18 -8.00000000e-02  3.70000000e-01 
-9.00000000e-02  1.76000000e+00 -9.00000000e-02 -1.58881001e-18 -9.00000000e-02  3.70000000e-01 
-1.00000000e-01  1.75000000e+00 -1.00000000e-01 -1.98006234e-18 -1.00000000e-01  3.70000000e-01 
-1.10000000e-01  1.74000000e+00 -1.10000000e-01 -2.46766221e-18 -1.10000000e-01  3.70000000e-01 
-1.20000000e-01  1.73000000e+00 -1.20000000e-01 -3.07533546e-18 -1.20000000e-01  3.70000000e-01 
-1.30000000e-01  1.72000000e+00 -1.30000000e-01 -3.83265048e-18 -1.30000000e-01  3.70000000e-01 
-1.40000000e-01  1.71000000e+00 -1.40000000e-01 -4.77645687e-18 -1.40000000e-01  3.70000000e-01 
-1.50000000e-01  1.70000000e+00 -1.50000000e-01 -5.95267846e-18 -1.50000000e-01  3.70000000e-01 
-1.60000000e-01  1.69000000e+00 -1.60000000e-01 -7.41854774e-18 -1.60000000e-01  3.70000000e-01 
-1.70000000e-01  1.68000000e+00 -1.70000000e-01 -9.24539061e-18 -1.70000000e-01  3.70000000e-01 
-1.80000000e-01  1.67000000e+00 -1.80000000e-01 -1.15220968e-17 -1.80000000e-01  3.70000000e-01 
-1.90000000e-01  1.66000000e+00 -1.90000000e-01 -1.43594447e-17 -1.90000000e-01  3.70000000e-01 
-2.00000000e-01  1.65000000e+00 -2.00000000e-01 -1.78954914e-17 -2.00000000e-01  3.70000000e-01 
-2.10000000e-01  1.64000000e+00 -2.10000000e-01 -2.23022897e-17 -2.10000000e-01  3.70000000e-01 
-2.20000000e-01  1.63000000e+00 -2.20000000e-01 -2.77942589e-17 -2.20000000e-01  3.70000000e-01 
-2.30000000e-01  1.62000000e+00 -2.30000000e-01 -3.46386171e-17 -2.30000000e-01  3.70000000e-01 
-2.40000000e-01  1.61000000e+00 -2.40000000e-01 -4.31683820e-17 -2.40000000e-01  3.70000000e-01 
-2.50000000e-01  1.60000000e+00 -2.50000000e-01 -5.37985721e-17 -2.50000000e-01  3.70000000e-01 
-2.60000000e-01  1.59000000e+00 -2.60000000e-01 -6.70463979e-17 -2.60000000e-01  3.70000000e-01 
-2.70000000e-01  1.58000000e+00 -2.70000000e-01 -8.35564236e-17 -2.70000000e-01  3.70000000e-01 
-2.80000000e-01  1.57000000e+00 -2.80000000e-01 -1.04131924e-16 -2.80000000e-01  3.70000000e-01 
-2.90000000e-01  1.56000000e+00 -2.90000000e-01 -1.29773959e-16 -2.90000000e-01  3.70000000e-01 
-3.00000000e-01  1.55000000e+00 -3.00000000e-01 -1.61730076e-16 -3.00000000e-01  3.70000000e-01 
-3.10000000e-01  1.54000000e+00 -3.10000000e-01 -2.01554986e-16 -3.10000000e-01  3.70000000e-01 
-3.20000000e-01  1.53000000e+00 -3.20000000e-01 -2.51186195e-16 -3.20000000e-01  3.70000000e-01 
-3.30000000e-01  1.52000000e+00 -3.30000000e-01 -3.13038239e-16 -3.30000000e-01  3.70000000e-01 
-3.40000000e-01  1.51000000e+00 -3.40000000e-01 -3.90120121e-16 -3.40000000e-01  3.70000000e-01 
-3.50000000e-01  1.50000000e+00 -3.50000000e-01 -4.86181653e-16 -3.50000000e-01  3.70000000e-01 
-3.60000000e-01  1.49000000e+00 -3.60000000e-01 -6.05895813e-16 -3.60000000e-01  3.70000000e-01 
-3.70000000e-01  1.48000000e+00 -3.70000000e-01 -7.55085986e-16 -3.70000000e-01  3.70000000e-01 
-3.80000000e-01  1.47000000e+00 -3.80000000e-01 -9.41009128e-16 -3.80000000e-01  3.70000000e-01 
-3.90000000e-01  1.46000000e+00 -3.90000000e-01 -1.17270860e-15 -3.90000000e-01  3.70000000e-01 
-4.00000000e-01  1.45000000e+00 -4.00000000e-01 -1.46145381e-15 -4.00000000e-01  3.70000000e-01 
-4.10000000e-01  1.44000000e+00 -4.10000000e-01 -1.82128807e-15 -4.10000000e-01  3.70000000e-01 
-4.20000000e-01  1.43000000e+00 -4.20000000e-01 -2.26971114e-15 -4.20000000e-01  3.70000000e-01 
-4.30000000e-01  1.42000000e+00 -4.30000000e-01 -2.82852972e-15 -4.30000000e-01  3.70000000e-01 
-4.40000000e-01  1.41000000e+00 -4.40000000e-01 -3.52491711e-15 -4.40000000e-01  3.70000000e-01 
-4.50000000e-01  1.40000000e+00 -4.50000000e-01 -4.39273339e-15 -4.50000000e-01  3.70000000e-01 
-4.60000000e-01  1.39000000e+00 -4.60000000e-01 -5.47417022e-15 -4.60000000e-01  3.70000000e-01 
-4.70000000e-01  1.38000000e+00 -4.70000000e-01 -6.82179996e-15 -4.70000000e-01  3.70000000e-01 
-4.80000000e-01  1.37000000e+00 -4.80000000e-01 -8.50112833e-15 -4.80000000e-01  3.70000000e-01 
-4.90000000e-01  1.36000000e+00 -4.90000000e-01 -1.05937743e-14 -4.90000000e-01  3.70000000e-01 
-5.00000000e-01  1.35000000e+00 -5.00000000e-01 -1.32014313e-14 -5.00000000e-01  3.70000000e-01 
-5.10000000e-01  1.34000000e+00 -5.10000000e-01 -1.64508003e-14 -5.10000000e-01  3.70000000e-01 
-5.20000000e-01  1.33000000e+00 -5.20000000e-01 -2.04997340e-14 -5.20000000e-01  3.70000000e-01 
-5.30000000e-01  1.32000000e+00 -5.30000000e-01 -2.55448914e-14 -5.30000000e-01  3.70000000e-01 
-5.40000000e-01  1.31000000e+00 -5.40000000e-01 -3.18312669e-14 -5.40000000e-01  3.70000000e-01 
-5.50000000e-01  1.30000000e+00 -5.50000000e-01 -3.96640572e-14 -5.50000000e-01  3.70000000e-01 
-5.60000000e-01  1.29000000e+00 -5.60000000e-01 -4.94234368e-14 -5.60000000e-01  3.70000000e-01 
-5.70000000e-01  1.28000000e+00 -5.70000000e-01 -6.15829524e-14 -5.70000000e-01  3.70000000e-01 
-5.80000000e-01  1.27000000e+00 -5.80000000e-01 -7.67324200e-14 -5.80000000e-01  3.70000000e-01 
-5.90000000e-01  1.26000000e+00 -5.90000000e-01 -9.56064245e-14 -5.90000000e-01  3.70000000e-01 
-6.00000000e-01  1.25000000e+00 -6.00000000e-01 -1.19119786e-13 -6.00000000e-01  3.70000000e-01 
-6.10000000e-01  1.24000000e+00 -6.10000000e-01 -1.48411688e-13 -6.10000000e-01  3.70000000e-01 
-6.20000000e-01  1.23000000e+00 -6.20000000e-01 -1.84900579e-13 -6.20000000e-01  3.70000000e-01 
-6.30000000e-01  1.22000000e+00 -6.30000000e-01 -2.30352456e-13 -6.30000000e-01  3.70000000e-01 
-6.40000000e-01  1.21000000e+00 -6.40000000e-01 -2.86965779e-13 -6.40000000e-01  3.70000000e-01 
-6.50000000e-01  1.20000000e+00 -6.50000000e-01 -3.57477045e-13 -6.50000000e-01  3.70000000e-01 
-6.60000000e-01  1.19000000e+00 -6.60000000e-01 -4.45292008e-13 -6.60000000e-01  3.70000000e-01 
-6.70000000e-01  1.18000000e+00 -6.70000000e-01 -5.54648739e-13 -6.70000000e-01  3.70000000e-01 
-6.80000000e-01  1.17000000e+00 -6.80000000e-01 -6.90820177e-13 -6.80000000e-01  3.70000000e-01 
-6.90000000e-01  1.16000000e+00 -6.90000000e-01 -8.60365678e-13 -6.90000000e-01  3.70000000e-01 
-7.00000000e-01  1.15000000e+00 -7.00000000e-01 -1.07144328e-12 -7.00000000e-01  3.70000000e-01 
-7.10000000e-01  1.14000000e+00 -7.10000000e-01 -1.33419722e-12 -7.10000000e-01  3.70000000e-01 
-7.20000000e-01  1.13000000e+00 -7.20000000e-01 -1.66123862e-12 -7.20000000e-01  3.70000000e-01 
-7.30000000e-01  1.12000000e+00 -7.30000000e-01 -2.06824153e-12 -7.30000000e-01  3.70000000e-01 
-7.40000000e-01  1.11000000e+00 -7.40000000e-01 -2.57468169e-12 -7.40000000e-01  3.70000000e-01 
-7.50000000e-01  1.10000000e+00 -7.50000000e-01 -3.20475173e-12 -7.50000000e-01  3.70000000e-01 
-7.60000000e-01  1.09000000e+00 -7.60000000e-01 -3.98849452e-12 -7.60000000e-01  3.70000000e-01 
-7.70000000e-01  1.08000000e+00 -7.70000000e-01 -4.96320606e-12 -7.70000000e-01  3.70000000e-01 
-7.80000000e-01  1.07000000e+00 -7.80000000e-01 -6.17517122e-12 -7.80000000e-01  3.70000000e-01 
-7.90000000e-01  1.06000000e+00 -7.90000000e-01 -7.68181060e-12 -7.90000000e-01  3.70000000e-01 
-8.00000000e-01  1.05000000e+00 -8.00000000e-01 -9.55433518e-12 -8.00000000e-01  3.70000000e-01 
-8.10000000e-01  1.04000000e+00 -8.10000000e-01 -1.18810281e-11 -8.10000000e-01  3.70000000e-01 
-8.20000000e-01  1.03000000e+00 -8.20000000e-01 -1.47713015e-11 -8.20000000e-01  3.70000000e-01 
-8.30000000e-01  1.02000000e+00 -8.30000000e-01 -1.83607130e-11 -8.30000000e-01  3.70000000e-01 
-8.40000000e-01  1.01000000e+00 -8.40000000e-01 -2.28171699e-11 -8.40000000e-01  3.70000000e-01 
-8.50000000e-01  1.00000000e+00 -8.50000000e-01 -2.83486099e-11 -8.50000000e-01  3.70000000e-01 
-8.60000000e-01  9.90000000e-01 -8.60000000e-01 -3.52125188e-11 -8.60000000e-01  3.70000000e-01 
-8.70000000e-01  9.80000000e-01 -8.70000000e-01 -4.37277460e-11 -8.70000000e-01  3.70000000e-01 
-8.80000000e-01  9.70000000e-01 -8.80000000e-01 -5.42892041e-11 -8.80000000e-01  3.70000000e-01 
-8.90000000e-01  9.60000000e-01 -8.90000000e-01 -6.73862094e-11 -8.90000000e-01  3.70000000e-01 
-9.00000000e-01  9.50000000e-01 -9.00000000e-01 -8.36254505e-11 -9.00000000e-01  3.70000000e-01 
-9.10000000e-01  9.40000000e-01 -9.10000000e-01 -1.03759877e-10 -9.10000000e-01  3.70000000e-01 
-9.20000000e-01  9.30000000e-01 -9.20000000e-01 -1.28725224e-10 -9.20000000e-01  3.70000000e-01 
-9.30000000e-01  9.20000000e-01 -9.30000000e-01 -1.59686453e-10 -9.30000000e-01  3.70000000e-01 
-9.40000000e-01  9.10000000e-01 -9.40000000e-01 -1.98097181e-10 -9.40000000e-01  3.70000000e-01 
-9.50000000e-01  9.00000000e-01 -9.50000000e-01 -2.45776212e-10 -9.50000000e-01  3.70000000e-01 
-9.60000000e-01  8.90000000e-01 -9.60000000e-01 -3.05006735e-10 -9.60000000e-01  3.70000000e-01 
-9.70000000e-01  8.80000000e-01 -9.70000000e-01 -3.78665632e-10 -9.70000000e-01  3.70000000e-01 
-9.80000000e-01  8.70000000e-01 -9.80000000e-01 -4.70392894e-10 -9.80000000e-01  3.70000000e-01 
-9.90000000e-01  8.60000000e-01 -9.90000000e-01 -5.84814331e-10 -9.90000000e-01  3.70000000e-01 
-1.00000000e+00  8.50000000e-01 -1.00000000e+00 -7.27834889e-10 -1.00000000e+00  3.70000000e-01 
-1.01000000e+00  8.40000000e-01 -1.01000000e+00 -9.07024815e-10 -1.01000000e+00  3.70000000e-01 
-1.02000000e+00  8.30000000e-01 -1.02000000e+00 -1.13212671e-09 -1.02000000e+00  3.70000000e-01 
-1.03000000e+00  8.20000000e-01 -1.03000000e+00 -1.41571783e-09 -1.03000000e+00  3.70000000e-01 
-1.04000000e+00  8.10000000e-01 -1.04000000e+00 -1.77406822e-09 -1.04000000e+00  3.70000000e-01 
-1.05000000e+00  8.00000000e-01 -1.05000000e+00 -2.22824053e-09 -1.05000000e+00  3.70000000e-01 
-1.06000000e+00  7.90000000e-01 -1.06000000e+00 -2.80547990e-09 -1.06000000e+00  3.70000000e-01 
-1.07000000e+00  7.80000000e-01 -1.07000000e+00 -3.54093993e-09 -1.07000000e+00  3.70000000e-01 
-1.08000000e+00  7.70000000e-01 -1.08000000e+00 -4.47978097e-09 -1.08000000e+00  3.70000000e-01 
-1.09000000e+00  7.60000000e-01 -1.09000000e+00 -5.67965639e-09 -1.09000000e+00  3.70000000e-01 
-1.10000000e+00  7.50000000e-01 -1.10000000e+00 -7.21356847e-09 -1.10000000e+00  3.70000000e-01 
-1.11000000e+00  7.40000000e-01 -1.11000000e+00 -9.17302598e-09 -1.11000000e+00  3.70000000e-01 
-1.12000000e+00  7.30000000e-01 -1.12000000e+00 -1.16713712e-08 -1.12000000e+00  3.70000000e-01 
-1.13000000e+00  7.20000000e-01 -1.13000000e+00 -1.48470682e-08 -1.13000000e+00  3.70000000e-01 
-1.14000000e+00  7.10000000e-01 -1.14000000e+00 -1.88666630e-08 -1.14000000e+00  3.70000000e-01 
-1.15000000e+00  7.00000000e-01 -1.15000000e+00 -2.39270579e-08 -1.15000000e+00  3.70000000e-01 
-1.16000000e+00  6.90000000e-01 -1.16000000e+00 -3.02566914e-08 -1.16000000e+00  3.70000000e-01 
-1.17000000e+00  6.80000000e-01 -1.17000000e+00 -3.81152136e-08 -1.17000000e+00  3.70000000e-01 
-1.18000000e+00  6.70000000e-01 -1.18000000e+00 -4.77912946e-08 -1.18000000e+00  3.70000000e-01 
-1.19000000e+00  6.60000000e-01 -1.19000000e+00 -5.95983217e-08 -1.19000000e+00  3.70000000e-01 
-1.20000000e+00  6.50000000e-01 -1.20000000e+00 -7.38679128e-08 -1.20000000e+00  3.70000000e-01 
-1.21000000e+00  6.40000000e-01 -1.21000000e+00 -9.09413973e-08 -1.21000000e+00  3.70000000e-01 
-1.22000000e+00  6.30000000e-01 -1.22000000e+00 -1.11159646e-07 -1.22000000e+00  3.70000000e-01 
-1.23000000e+00  6.20000000e-01 -1.23000000e+00 -1.34851852e-07 -1.23000000e+00  3.70000000e-01 
-1.24000000e+00  6.10000000e-01 -1.24000000e+00 -1.62324015e-07 -1.24000000e+00  3.70000000e-01 
-1.25000000e+00  6.00000000e-01 -1.25000000e+00 -1.93847961e-07 -1.25000000e+00  3.70000000e-01 
-1.26000000e+00  5.90000000e-01 -1.26000000e+00 -2.29651692e-07 -1.26000000e+00  3.70000000e-01 
-1.27000000e+00  5.80000000e-01 -1.27000000e+00 -2.69911747e-07 -1.27000000e+00  3.70000000e-01 
-1.28000000e+00  5.70000000e-01 -1.28000000e+00 -3.14748046e-07 -1.28000000e+00  3.70000000e-01 
-1.29000000e+00  5.60000000e-01 -1.29000000e+00 -3.64221442e-07 -1.29000000e+00  3.70000000e-01 
-1.30000000e+00  5.50000000e-01 -1.30000000e+00 -4.18333979e-07 -1.30000000e+00  3.70000000e-01 
-1.31000000e+00  5.40000000e-01 -1.31000000e+00 -4.77031598e-07 -1.31000000e+00  3.70000000e-01 
-1.32000000e+00  5.30000000e-01 -1.32000000e+00 -5.40208896e-07 -1.32000000e+00  3.70000000e-01 
-1.33000000e+00  5.20000000e-01 -1.33000000e+00 -6.07715405e-07 -1.33000000e+00  3.70000000e-01 
-1.34000000e+00  5.10000000e-01 -1.34000000e+00 -6.79362848e-07 -1.34000000e+00  3.70000000e-01 
-1.35000000e+00  5.00000000e-01 -1.35000000e+00 -7.54932830e-07 -1.35000000e+00  3.70000000e-01 
-1.36000000e+00  4.90000000e-01 -1.36000000e+00 -8.34184484e-07 -1.36000000e+00  3.70000000e-01 
-1.37000000e+00  4.80000000e-01 -1.37000000e+00 -9.16861690e-07 -1.37000000e+00  3.70000000e-01 
-1.38000000e+00  4.70000000e-01 -1.38000000e+00 -1.00269959e-06 -1.38000000e+00  3.70000000e-01 
-1.39000000e+00  4.60000000e-01 -1.39000000e+00 -1.09143020e-06 -1.39000000e+00  3.70000000e-01 
-1.40000000e+00  4.50000000e-01 -1.40000000e+00 -1.18278702e-06 -1.40000000e+00  3.70000000e-01 
-1.41000000e+00  4.40000000e-01 -1.41000000e+00 -1.27650868e-06 -1.41000000e+00  3.70000000e-01 
-1.42000000e+00  4.30000000e-01 -1.42000000e+00 -1.37234157e-06 -1.42000000e+00  3.70000000e-01 
-1.43000000e+00  4.20000000e-01 -1.43000000e+00 -1.47004159e-06 -1.43000000e+00  3.70000000e-01 
-1.44000000e+00  4.10000000e-01 -1.44000000e+00 -1.56937511e-06 -1.44000000e+00  3.70000000e-01 
-1.45000000e+00  4.00000000e-01 -1.45000000e+00 -1.67011929e-06 -1.45000000e+00  3.70000000e-01 
-1.46000000e+00  3.90000000e-01 -1.46000000e+00 -1.77206178e-06 -1.46000000e+00  3.70000000e-01 
-1.47000000e+00  3.80000000e-01 -1.47000000e+00 -1.87500002e-06 -1.47000000e+00  3.70000000e-01 
-1.48000000e+00  3.70000000e-01 -1.48000000e+00 -1.97874022e-06 -1.48000000e+00  3.70000000e-01 
-1.49000000e+00  3.60000000e-01 -1.49000000e+00 -2.08309606e-06 -1.49000000e+00  3.70000000e-01 
-1.50000000e+00  3.50000000e-01 -1.50000000e+00 -2.18788727e-06 -1.50000000e+00  3.70000000e-01 
-1.51000000e+00  3.40000000e-01 -1.51000000e+00 -2.29293822e-06 -1.51000000e+00  3.70000000e-01 
-1.52000000e+00  3.30000000e-01 -1.52000000e+00 -2.39807648e-06 -1.52000000e+00  3.70000000e-01 
-1.53000000e+00  3.20000000e-01 -1.53000000e+00 -2.50313153e-06 -1.53000000e+00  3.70000000e-01 
-1.54000000e+00  3.10000000e-01 -1.54000000e+00 -2.60793369e-06 -1.54000000e+00  3.70000000e-01 
-1.55000000e+00  3.00000000e-01 -1.55000000e+00 -2.71231337e-06 -1.55000000e+00  3.70000000e-01 
-1.56000000e+00  2.90000000e-01 -1.56000000e+00 -2.81610067e-06 -1.56000000e+00  3.70000000e-01 
-1.57000000e+00  2.80000000e-01 -1.57000000e+00 -2.91912542e-06 -1.57000000e+00  3.70000000e-01 
-1.58000000e+00  2.70000000e-01 -1.58000000e+00 -3.02121780e-06 -1.58000000e+00  3.70000000e-01 
-1.59000000e+00  2.60000000e-01 -1.59000000e+00 -3.12220943e-06 -1.59000000e+00  3.70000000e-01 
-1.60000000e+00  2.50000000e-01 -1.60000000e+00 -3.22193500e-06 -1.60000000e+00  3.70000000e-01 
-1.61000000e+00  2.40000000e-01 -1.61000000e+00 -3.32023438e-06 -1.61000000e+00  3.70000000e-01 
-1.62000000e+00  2.30000000e-01 -1.62000000e+00 -3.41695499e-06 -1.62000000e+00  3.70000000e-01 
-1.63000000e+00  2.20000000e-01 -1.63000000e+00 -3.51195442e-06 -1.63000000e+00  3.70000000e-01 
-1.64000000e+00  2.10000000e-01 -1.64000000e+00 -3.60510294e-06 -1.64000000e+00  3.70000000e-01 
-1.65000000e+00  2.00000000e-01 -1.65000000e+00 -3.69628579e-06 -1.65000000e+00  3.70000000e-01 
-1.66000000e+00  1.90000000e-01 -1.66000000e+00 -3.78540501e-06 -1.66000000e+00  3.70000000e-01 
-1.67000000e+00  1.80000000e-01 -1.67000000e+00 -3.87238071e-06 -1.67000000e+00  3.70000000e-01 
-1.68000000e+00  1.70000000e-01 -1.68000000e+00 -3.95715160e-06 -1.68000000e+00  3.70000000e-01 
-1.69000000e+00  1.60000000e-01 -1.69000000e+00 -4.03967491e-06 -1.69000000e+00  3.70000000e-01 
-1.70000000e+00  1.50000000e-01 -1.70000000e+00 -4.11992565e-06 -1.70000000e+00  3.70000000e-01 
-1.71000000e+00  1.40000000e-01 -1.71000000e+00 -4.19789535e-06 -1.71000000e+00  3.70000000e-01 
-1.72000000e+00  1.30000000e-01 -1.72000000e+00 -4.27359041e-06 -1.72000000e+00  3.70000000e-01 
-1.73000000e+00  1.20000000e-01 -1.73000000e+00 -4.34703027e-06 -1.73000000e+00  3.70000000e-01 
-1.74000000e+00  1.10000000e-01 -1.74000000e+00 -4.41824541e-06 -1.74000000e+00  3.70000000e-01 
-1.75000000e+00  1.00000000e-01 -1.75000000e+00 -4.48727543e-06 -1.75000000e+00  3.70000000e-01 
-1.76000000e+00  9.00000000e-02 -1.76000000e+00 -4.55416719e-06 -1.76000000e+00  3.70000000e-01 
-1.77000000e+00  8.00000000e-02 -1.77000000e+00 -4.61897308e-06 -1.77000000e+00  3.70000000e-01 
-1.78000000e+00  7.00000000e-02 -1.78000000e+00 -4.68174961e-06 -1.78000000e+00  3.70000000e-01 
-1.79000000e+00  6.00000000e-02 -1.79000000e+00 -4.74255604e-06 -1.79000000e+00  3.70000000e-01 
-1.80000000e+00  5.00000000e-02 -1.80000000e+00 -4.80145330e-06 -1.80000000e+00  3.70000000e-01 
-1.81000000e+00  4.00000000e-02 -1.81000000e+00 -4.85850313e-06 -1.81000000e+00  3.70000000e-01 
-1.82000000e+00  3.00000000e-02 -1.82000000e+00 -4.91376732e-06 -1.82000000e+00  3.70000000e-01 
-1.83000000e+00  2.00000000e-02 -1.83000000e+00 -4.96730713e-06 -1.83000000e+00  3.70000000e-01 
-1.84000000e+00  1.00000000e-02 -1.84000000e+00 -5.01918287e-06 -1.84000000e+00  3.70000000e-01 
-1.85000000e+00 -1.33226763e-15 -1.85000000e+00 -5.06945352e-06 -1.85000000e+00  3.70000000e-01 
