 0.00000000e+00  1.85000000e+00  0.00000000e+00  0.00000000e+00  0.00000000e+00  0.00000000e+00 
 1.00000000e-02  1.85000000e+00  1.00000000e-02  1.68837535e-05  1.00000000e-02  1.00000000e-02 
 2.00000000e-02  1.85000000e+00  2.00000000e-02  3.34525186e-05  2.00000000e-02  2.00000000e-02 
 3.00000000e-02  1.85000000e+00  3.00000000e-02  4.96805415e-05  3.00000000e-02  3.00000000e-02 
 4.00000000e-02  1.85000000e+00  4.00000000e-02  6.55571570e-05  4.00000000e-02  4.00000000e-02 
 5.00000000e-02  1.85000000e+00  5.00000000e-02  8.10769437e-05  5.00000000e-02  5.00000000e-02 
 6.00000000e-02  1.85000000e+00  6.00000000e-02  9.62368957e-05  6.00000000e-02  6.00000000e-02 
 7.00000000e-02  1.85000000e+00  7.00000000e-02  1.11035320e-04  7.00000000e-02  7.00000000e-02 
 8.00000000e-02  1.85000000e+00  8.00000000e-02  1.25471327e-04  8.00000000e-02  8.00000000e-02 
 9.00000000e-02  1.85000000e+00  9.00000000e-02  1.39544576e-04  9.00000000e-02  9.00000000e-02 
 1.00000000e-01  1.85000000e+00  1.00000000e-01  1.53255132e-04  1.00000000e-01  1.00000000e-01 
 1.10000000e-01  1.85000000e+00  1.10000000e-01  1.66603398e-04  1.10000000e-01  1.10000000e-01 
 1.20000000e-01  1.85000000e+00  1.20000000e-01  1.79590079e-04  1.20000000e-01  1.20000000e-01 
 1.30000000e-01  1.85000000e+00  1.30000000e-01  1.92216165e-04  1.30000000e-01  1.30000000e-01 
 1.40000000e-01  1.85000000e+00  1.40000000e-01  2.04482941e-04  1.40000000e-01  1.40000000e-01 
 1.50000000e-01  1.85000000e+00  1.50000000e-01  2.16391989e-04  1.50000000e-01  1.50000000e-01 
 1.60000000e-01  1.85000000e+00  1.60000000e-01  2.27945215e-04  1.60000000e-01  1.60000000e-01 
 1.70000000e-01  1.85000000e+00  1.70000000e-01  2.39144863e-04  1.70000000e-01  1.70000000e-01 
 1.80000000e-01  1.85000000e+00  1.80000000e-01  2.49993544e-04  1.80000000e-01  1.80000000e-01 
 1.90000000e-01  1.85000000e+00  1.90000000e-01  2.60494250e-04  1.90000000e-01  1.90000000e-01 
 2.00000000e-01  1.85000000e+00  2.00000000e-01  2.70650385e-04  2.00000000e-01  2.00000000e-01 
 2.10000000e-01  1.85000000e+00  2.10000000e-01  2.80465777e-04  2.10000000e-01  2.10000000e-01 
 2.20000000e-01  1.85000000e+00  2.20000000e-01  2.89944694e-04  2.20000000e-01  2.20000000e-01 
 2.30000000e-01  1.85000000e+00  2.30000000e-01  2.99091852e-04  2.30000000e-01  2.30000000e-01 
 2.40000000e-01  1.85000000e+00  2.40000000e-01  3.07912421e-04  2.40000000e-01  2.40000000e-01 
 2.50000000e-01  1.85000000e+00  2.50000000e-01  3.16412023e-04  2.50000000e-01  2.50000000e-01 
 2.60000000e-01  1.85000000e+00  2.60000000e-01  3.24596720e-04  2.60000000e-01  2.60000000e-01 
 2.70000000e-01  1.85000000e+00  2.70000000e-01  3.32473001e-04  2.70000000e-01  2.70000000e-01 
 2.80000000e-01  1.85000000e+00  2.80000000e-01  3.40047760e-04  2.80000000e-01  2.80000000e-01 
 2.90000000e-01  1.85000000e+00  2.90000000e-01  3.47328266e-04  2.90000000e-01  2.90000000e-01 
 3.00000000e-01  1.85000000e+00  3.00000000e-01  3.54322132e-04  3.00000000e-01  3.00000000e-01 
 3.10000000e-01  1.85000000e+00  3.10000000e-01  3.61037273e-04  3.10000000e-01  3.10000000e-01 
 3.20000000e-01  1.85000000e+00  3.20000000e-01  3.67481866e-04  3.20000000e-01  3.20000000e-01 
 3.30000000e-01  1.85000000e+00  3.30000000e-01  3.73664305e-04  3.30000000e-01  3.30000000e-01 
 3.40000000e-01  1.85000000e+00  3.40000000e-01  3.79593153e-04  3.40000000e-01  3.40000000e-01 
 3.50000000e-01  1.85000000e+00  3.50000000e-01  3.85277094e-04  3.50000000e-01  3.50000000e-01 
 3.60000000e-01  1.85000000e+00  3.60000000e-01  3.90724886e-04  3.60000000e-01  3.60000000e-01 
 3.70000000e-01  1.85000000e+00  3.70000000e-01  3.95945315e-04  3.70000000e-01  3.70000000e-01 
 3.80000000e-01  1.85000000e+00  3.80000000e-01  4.00947150e-04  3.80000000e-01  3.80000000e-01 
 3.90000000e-01  1.85000000e+00  3.90000000e-01  4.05739100e-04  3.90000000e-01  3.90000000e-01 
 4.00000000e-01  1.85000000e+00  4.00000000e-01  4.10329778e-04  4.00000000e-01  4.00000000e-01 
 4.10000000e-01  1.85000000e+00  4.10000000e-01  4.14727668e-04  4.10000000e-01  4.10000000e-01 
 4.20000000e-01  1.85000000e+00  4.20000000e-01  4.18941087e-04  4.20000000e-01  4.20000000e-01 
 4.30000000e-01  1.85000000e+00  4.30000000e-01  4.22978166e-04  4.30000000e-01  4.30000000e-01 
 4.40000000e-01  1.85000000e+00  4.40000000e-01  4.26846824e-04  4.40000000e-01  4.40000000e-01 
 4.50000000e-01  1.85000000e+00  4.50000000e-01  4.30554747e-04  4.50000000e-01  4.50000000e-01 
 4.60000000e-01  1.85000000e+00  4.60000000e-01  4.34109379e-04  4.60000000e-01  4.60000000e-01 
 4.70000000e-01  1.85000000e+00  4.70000000e-01  4.37517904e-04  4.70000000e-01  4.70000000e-01 
 4.80000000e-01  1.85000000e+00  4.80000000e-01  4.40787244e-04  4.80000000e-01  4.80000000e-01 
 4.90000000e-01  1.85000000e+00  4.90000000e-01  4.43924048e-04  4.90000000e-01  4.90000000e-01 
 5.00000000e-01  1.85000000e+00  5.00000000e-01  4.46934695e-04  5.00000000e-01  5.00000000e-01 
 5.10000000e-01  1.85000000e+00  5.10000000e-01  4.49825292e-04  5.10000000e-01  5.10000000e-01 
 5.20000000e-01  1.85000000e+00  5.20000000e-01  4.52601674e-04  5.20000000e-01  5.20000000e-01 
 5.30000000e-01  1.85000000e+00  5.30000000e-01  4.55269410e-04  5.30000000e-01  5.30000000e-01 
 5.40000000e-01  1.85000000e+00  5.40000000e-01  4.57833809e-04  5.40000000e-01  5.40000000e-01 
 5.50000000e-01  1.85000000e+00  5.50000000e-01  4.60299923e-04  5.50000000e-01  5.50000000e-01 
 5.60000000e-01  1.85000000e+00  5.60000000e-01  4.62672557e-04  5.60000000e-01  5.60000000e-01 
 5.70000000e-01  1.85000000e+00  5.70000000e-01  4.64956278e-04  5.70000000e-01  5.70000000e-01 
 5.80000000e-01  1.85000000e+00  5.80000000e-01  4.67155419e-04  5.80000000e-01  5.80000000e-01 
 5.90000000e-01  1.85000000e+00  5.90000000e-01  4.69274093e-04  5.90000000e-01  5.90000000e-01 
 6.00000000e-01  1.85000000e+00  6.00000000e-01  4.71316200e-04  6.00000000e-01  6.00000000e-01 
 6.10000000e-01  1.85000000e+00  6.10000000e-01  4.73285435e-04  6.10000000e-01  6.10000000e-01 
 6.20000000e-01  1.85000000e+00  6.20000000e-01  4.75185299e-04  6.20000000e-01  6.20000000e-01 
 6.30000000e-01  1.85000000e+00  6.30000000e-01  4.77019108e-04  6.30000000e-01  6.30000000e-01 
 6.40000000e-01  1.85000000e+00  6.40000000e-01  4.78790003e-04  6.40000000e-01  6.40000000e-01 
 6.50000000e-01  1.85000000e+00  6.50000000e-01  4.80500955e-04  6.50000000e-01  6.50000000e-01 
 6.60000000e-01  1.85000000e+00  6.60000000e-01  4.82154779e-04  6.60000000e-01  6.60000000e-01 
 6.70000000e-01  1.85000000e+00  6.70000000e-01  4.83754138e-04  6.70000000e-01  6.70000000e-01 
 6.80000000e-01  1.85000000e+00  6.80000000e-01  4.85301553e-04  6.80000000e-01  6.80000000e-01 
 6.90000000e-01  1.85000000e+00  6.90000000e-01  4.86799410e-04  6.90000000e-01  6.90000000e-01 
 7.00000000e-01  1.85000000e+00  7.00000000e-01  4.88249970e-04  7.00000000e-01  7.00000000e-01 
 7.10000000e-01  1.85000000e+00  7.10000000e-01  4.89655369e-04  7.10000000e-01  7.10000000e-01 
 7.20000000e-01  1.85000000e+00  7.20000000e-01  4.91017635e-04  7.20000000e-01  7.20000000e-01 
 7.30000000e-01  1.85000000e+00  7.30000000e-01  4.92338684e-04  7.30000000e-01  7.30000000e-01 
 7.40000000e-01  1.85000000e+00  7.40000000e-01  4.93620335e-04  7.40000000e-01  7.40000000e-01 
 7.50000000e-01  1.85000000e+00  7.50000000e-01  4.94864308e-04  7.50000000e-01  7.50000000e-01 
 7.60000000e-01  1.85000000e+00  7.60000000e-01  4.96072236e-04  7.60000000e-01  7.60000000e-01 
 7.70000000e-01  1.85000000e+00  7.70000000e-01  4.97245666e-04  7.70000000e-01  7.70000000e-01 
 7.80000000e-01  1.85000000e+00  7.80000000e-01  4.98386064e-04  7.80000000e-01  7.80000000e-01 
 7.90000000e-01  1.85000000e+00  7.90000000e-01  4.99494822e-04  7.90000000e-01  7.90000000e-01 
 8.00000000e-01  1.85000000e+00  8.00000000e-01  5.00573260e-04  8.00000000e-01  8.00000000e-01 
 8.10000000e-01  1.85000000e+00  8.10000000e-01  5.01622633e-04  8.10000000e-01  8.10000000e-01 
 8.20000000e-01  1.85000000e+00  8.20000000e-01  5.02644130e-04  8.20000000e-01  8.20000000e-01 
 8.30000000e-01  1.85000000e+00  8.30000000e-01  5.03638881e-04  8.30000000e-01  8.30000000e-01 
 8.40000000e-01  1.85000000e+00  8.40000000e-01  5.04607960e-04  8.40000000e-01  8.40000000e-01 
 8.50000000e-01  1.85000000e+00  8.50000000e-01  5.05552390e-04  8.50000000e-01  8.50000000e-01 
 8.60000000e-01  1.85000000e+00  8.60000000e-01  5.06473140e-04  8.60000000e-01  8.60000000e-01 
 8.70000000e-01  1.85000000e+00  8.70000000e-01  5.07371135e-04  8.70000000e-01  8.70000000e-01 
 8.80000000e-01  1.85000000e+00  8.80000000e-01  5.08247253e-04  8.80000000e-01  8.80000000e-01 
 8.90000000e-01  1.85000000e+00  8.90000000e-01  5.09102332e-04  8.90000000e-01  8.90000000e-01 
 9.00000000e-01  1.85000000e+00  9.00000000e-01  5.09937167e-04  9.00000000e-01  9.00000000e-01 
 9.10000000e-01  1.85000000e+00  9.10000000e-01  5.10752520e-04  9.10000000e-01  9.10000000e-01 
 9.20000000e-01  1.85000000e+00  9.20000000e-01  5.11549112e-04  9.20000000e-01  9.20000000e-01 
 9.30000000e-01  1.85000000e+00  9.30000000e-01  5.12327635e-04  9.30000000e-01  9.30000000e-01 
 9.40000000e-01  1.85000000e+00  9.40000000e-01  5.13088747e-04  9.40000000e-01  9.40000000e-01 
 9.50000000e-01  1.85000000e+00  9.50000000e-01  5.13833075e-04  9.50000000e-01  9.50000000e-01 
 9.60000000e-01  1.85000000e+00  9.60000000e-01  5.14561220e-04  9.60000000e-01  9.60000000e-01 
 9.70000000e-01  1.85000000e+00  9.70000000e-01  5.15273753e-04  9.70000000e-01  9.70000000e-01 
 9.80000000e-01  1.85000000e+00  9.80000000e-01  5.15971222e-04  9.80000000e-01  9.80000000e-01 
 9.90000000e-01  1.85000000e+00  9.90000000e-01  5.16654150e-04  9.90000000e-01  9.90000000e-01 
 1.00000000e+00  1.85000000e+00  1.00000000e+00  5.17323036e-04  1.00000000e+00  1.00000000e+00 
 1.01000000e+00  1.85000000e+00  1.01000000e+00  5.17978359e-04  1.01000000e+00  1.01000000e+00 
 1.02000000e+00  1.85000000e+00  1.02000000e+00  5.18620575e-04  1.02000000e+00  1.02000000e+00 
 1.03000000e+00  1.85000000e+00  1.03000000e+00  5.19250123e-04  1.03000000e+00  1.03000000e+00 
 1.04000000e+00  1.85000000e+00  1.04000000e+00  5.19867422e-04  1.04000000e+00  1.04000000e+00 
 1.05000000e+00  1.85000000e+00  1.05000000e+00  5.20472872e-04  1.05000000e+00  1.05000000e+00 
 1.06000000e+00  1.85000000e+00  1.06000000e+00  5.21066860e-04  1.06000000e+00  1.06000000e+00 
 1.07000000e+00  1.85000000e+00  1.07000000e+00  5.21649753e-04  1.07000000e+00  1.07000000e+00 
 1.08000000e+00  1.85000000e+00  1.08000000e+00  5.22221906e-04  1.08000000e+00  1.08000000e+00 
 1.09000000e+00  1.85000000e+00  1.09000000e+00  5.22783656e-04  1.09000000e+00  1.09000000e+00 
 1.10000000e+00  1.85000000e+00  1.10000000e+00  5.23335331e-04  1.10000000e+00  1.10000000e+00 
 1.11000000e+00  1.85000000e+00  1.11000000e+00  5.23877242e-04  1.11000000e+00  1.11000000e+00 
 1.12000000e+00  1.85000000e+00  1.12000000e+00  5.24409688e-04  1.12000000e+00  1.12000000e+00 
 1.13000000e+00  1.85000000e+00  1.13000000e+00  5.24932959e-04  1.13000000e+00  1.13000000e+00 
 1.14000000e+00  1.85000000e+00  1.14000000e+00  5.25447331e-04  1.14000000e+00  1.14000000e+00 
 1.15000000e+00  1.85000000e+00  1.15000000e+00  5.25953071e-04  1.15000000e+00  1.15000000e+00 
 1.16000000e+00  1.85000000e+00  1.16000000e+00  5.26450433e-04  1.16000000e+00  1.16000000e+00 
 1.17000000e+00  1.85000000e+00  1.17000000e+00  5.26939664e-04  1.17000000e+00  1.17000000e+00 
 1.18000000e+00  1.85000000e+00  1.18000000e+00  5.27421001e-04  1.18000000e+00  1.18000000e+00 
 1.19000000e+00  1.85000000e+00  1.19000000e+00  5.27894671e-04  1.19000000e+00  1.19000000e+00 
 1.20000000e+00  1.85000000e+00  1.20000000e+00  5.28360895e-04  1.20000000e+00  1.20000000e+00 
 1.21000000e+00  1.85000000e+00  1.21000000e+00  5.28819882e-04  1.21000000e+00  1.21000000e+00 
 1.22000000e+00  1.85000000e+00  1.22000000e+00  5.29271838e-04  1.22000000e+00  1.22000000e+00 
 1.23000000e+00  1.85000000e+00  1.23000000e+00  5.29716957e-04  1.23000000e+00  1.23000000e+00 
 1.24000000e+00  1.85000000e+00  1.24000000e+00  5.30155429e-04  1.24000000e+00  1.24000000e+00 
 1.25000000e+00  1.85000000e+00  1.25000000e+00  5.30587435e-04  1.25000000e+00  1.25000000e+00 
 1.26000000e+00  1.85000000e+00  1.26000000e+00  5.31013152e-04  1.26000000e+00  1.26000000e+00 
 1.27000000e+00  1.85000000e+00  1.27000000e+00  5.31432750e-04  1.27000000e+00  1.27000000e+00 
 1.28000000e+00  1.85000000e+00  1.28000000e+00  5.31846391e-04  1.28000000e+00  1.28000000e+00 
 1.29000000e+00  1.85000000e+00  1.29000000e+00  5.32254234e-04  1.29000000e+00  1.29000000e+00 
 1.30000000e+00  1.85000000e+00  1.30000000e+00  5.32656431e-04  1.30000000e+00  1.30000000e+00 
 1.31000000e+00  1.85000000e+00  1.31000000e+00  5.33053129e-04  1.31000000e+00  1.31000000e+00 
 1.32000000e+00  1.85000000e+00  1.32000000e+00  5.33444471e-04  1.32000000e+00  1.32000000e+00 
 1.33000000e+00  1.85000000e+00  1.33000000e+00  5.33830594e-04  1.33000000e+00  1.33000000e+00 
 1.34000000e+00  1.85000000e+00  1.34000000e+00  5.34211631e-04  1.34000000e+00  1.34000000e+00 
 1.35000000e+00  1.85000000e+00  1.35000000e+00  5.34587710e-04  1.35000000e+00  1.35000000e+00 
 1.36000000e+00  1.85000000e+00  1.36000000e+00  5.34958956e-04  1.36000000e+00  1.36000000e+00 
 1.37000000e+00  1.85000000e+00  1.37000000e+00  5.35325488e-04  1.37000000e+00  1.37000000e+00 
 1.38000000e+00  1.85000000e+00  1.38000000e+00  5.35687423e-04  1.38000000e+00  1.38000000e+00 
 1.39000000e+00  1.85000000e+00  1.39000000e+00  5.36044874e-04  1.39000000e+00  1.39000000e+00 
 1.40000000e+00  1.85000000e+00  1.40000000e+00  5.36397949e-04  1.40000000e+00  1.40000000e+00 
 1.41000000e+00  1.85000000e+00  1.41000000e+00  5.36746754e-04  1.41000000e+00  1.41000000e+00 
 1.42000000e+00  1.85000000e+00  1.42000000e+00  5.37091391e-04  1.42000000e+00  1.42000000e+00 
 1.43000000e+00  1.85000000e+00  1.43000000e+00  5.37431959e-04  1.43000000e+00  1.43000000e+00 
 1.44000000e+00  1.85000000e+00  1.44000000e+00  5.37768553e-04  1.44000000e+00  1.44000000e+00 
 1.45000000e+00  1.85000000e+00  1.45000000e+00  5.38101267e-04  1.45000000e+00  1.45000000e+00 
 1.46000000e+00  1.85000000e+00  1.46000000e+00  5.38430190e-04  1.46000000e+00  1.46000000e+00 
 1.47000000e+00  1.85000000e+00  1.47000000e+00  5.38755411e-04  1.47000000e+00  1.47000000e+00 
 1.48000000e+00  1.85000000e+00  1.48000000e+00  5.39077013e-04  1.48000000e+00  1.48000000e+00 
 1.49000000e+00  1.85000000e+00  1.49000000e+00  5.39395078e-04  1.49000000e+00  1.49000000e+00 
 1.50000000e+00  1.85000000e+00  1.50000000e+00  5.39709687e-04  1.50000000e+00  1.50000000e+00 
 1.51000000e+00  1.85000000e+00  1.51000000e+00  5.40020917e-04  1.51000000e+00  1.51000000e+00 
 1.52000000e+00  1.85000000e+00  1.52000000e+00  5.40328842e-04  1.52000000e+00  1.52000000e+00 
 1.53000000e+00  1.85000000e+00  1.53000000e+00  5.40633536e-04  1.53000000e+00  1.53000000e+00 
 1.54000000e+00  1.85000000e+00  1.54000000e+00  5.40935069e-04  1.54000000e+00  1.54000000e+00 
 1.55000000e+00  1.85000000e+00  1.55000000e+00  5.41233511e-04  1.55000000e+00  1.55000000e+00 
 1.56000000e+00  1.85000000e+00  1.56000000e+00  5.41528927e-04  1.56000000e+00  1.56000000e+00 
 1.57000000e+00  1.85000000e+00  1.57000000e+00  5.41821383e-04  1.57000000e+00  1.57000000e+00 
 1.58000000e+00  1.85000000e+00  1.58000000e+00  5.42110942e-04  1.58000000e+00  1.58000000e+00 
 1.59000000e+00  1.85000000e+00  1.59000000e+00  5.42397664e-04  1.59000000e+00  1.59000000e+00 
 1.60000000e+00  1.85000000e+00  1.60000000e+00  5.42681610e-04  1.60000000e+00  1.60000000e+00 
 1.61000000e+00  1.85000000e+00  1.61000000e+00  5.42962838e-04  1.61000000e+00  1.61000000e+00 
 1.62000000e+00  1.85000000e+00  1.62000000e+00  5.43241403e-04  1.62000000e+00  1.62000000e+00 
 1.63000000e+00  1.85000000e+00  1.63000000e+00  5.43517361e-04  1.63000000e+00  1.63000000e+00 
 1.64000000e+00  1.85000000e+00  1.64000000e+00  5.43790764e-04  1.64000000e+00  1.64000000e+00 
 1.65000000e+00  1.85000000e+00  1.65000000e+00  5.44061665e-04  1.65000000e+00  1.65000000e+00 
 1.66000000e+00  1.85000000e+00  1.66000000e+00  5.44330115e-04  1.66000000e+00  1.66000000e+00 
 1.67000000e+00  1.85000000e+00  1.67000000e+00  5.44596161e-04  1.67000000e+00  1.67000000e+00 
 1.68000000e+00  1.85000000e+00  1.68000000e+00  5.44859853e-04  1.68000000e+00  1.68000000e+00 
 1.69000000e+00  1.85000000e+00  1.69000000e+00  5.45121237e-04  1.69000000e+00  1.69000000e+00 
 1.70000000e+00  1.85000000e+00  1.70000000e+00  5.45380357e-04  1.70000000e+00  1.70000000e+00 
 1.71000000e+00  1.85000000e+00  1.71000000e+00  5.45637259e-04  1.71000000e+00  1.71000000e+00 
 1.72000000e+00  1.85000000e+00  1.72000000e+00  5.45891985e-04  1.72000000e+00  1.72000000e+00 
 1.73000000e+00  1.85000000e+00  1.73000000e+00  5.46144578e-04  1.73000000e+00  1.73000000e+00 
 1.74000000e+00  1.85000000e+00  1.74000000e+00  5.46395077e-04  1.74000000e+00  1.74000000e+00 
 1.75000000e+00  1.85000000e+00  1.75000000e+00  5.46643524e-04  1.75000000e+00  1.75000000e+00 
 1.76000000e+00  1.85000000e+00  1.76000000e+00  5.46889957e-04  1.76000000e+00  1.76000000e+00 
 1.77000000e+00  1.85000000e+00  1.77000000e+00  5.47134413e-04  1.77000000e+00  1.77000000e+00 
 1.78000000e+00  1.85000000e+00  1.78000000e+00  5.47376930e-04  1.78000000e+00  1.78000000e+00 
 1.79000000e+00  1.85000000e+00  1.79000000e+00  5.47617544e-04  1.79000000e+00  1.79000000e+00 
 1.80000000e+00  1.85000000e+00  1.80000000e+00  5.47856290e-04  1.80000000e+00  1.80000000e+00 
 1.81000000e+00  1.85000000e+00  1.81000000e+00  5.48093202e-04  1.81000000e+00  1.81000000e+00 
 1.82000000e+00  1.85000000e+00  1.82000000e+00  5.48328314e-04  1.82000000e+00  1.82000000e+00 
 1.83000000e+00  1.85000000e+00  1.83000000e+00  5.48561659e-04  1.83000000e+00  1.83000000e+00 
 1.84000000e+00  1.85000000e+00  1.84000000e+00  5.48793268e-04  1.84000000e+00  1.84000000e+00 
 1.85000000e+00  1.85000000e+00  1.85000000e+00  5.49023172e-04  1.85000000e+00  1.85000000e+00 
