 0.00000000e+00  3.70000000e-01  0.00000000e+00  0.00000000e+00  0.00000000e+00  0.00000000e+00 
 1.00000000e-02  3.70000000e-01  1.00000000e-02  2.49843885e-14  1.00000000e-02  1.00000000e-02 
 2.00000000e-02  3.70000000e-01  2.00000000e-02  4.48771066e-14  2.00000000e-02  2.00000000e-02 
 3.00000000e-02  3.70000000e-01  3.00000000e-02  6.10187768e-14  3.00000000e-02  3.00000000e-02 
 4.00000000e-02  3.70000000e-01  4.00000000e-02  7.44076262e-14  4.00000000e-02  4.00000000e-02 
 5.00000000e-02  3.70000000e-01  5.00000000e-02  8.57468380e-14  5.00000000e-02  5.00000000e-02 
 6.00000000e-02  3.70000000e-01  6.00000000e-02  9.55354570e-14  6.00000000e-02  6.00000000e-02 
 7.00000000e-02  3.70000000e-01  7.00000000e-02  1.04132731e-13  7.00000000e-02  7.00000000e-02 
 8.00000000e-02  3.70000000e-01  8.00000000e-02  1.11801297e-13  8.00000000e-02  8.00000000e-02 
 9.00000000e-02  3.70000000e-01  9.00000000e-02  1.18736104e-13  9.00000000e-02  9.00000000e-02 
 1.00000000e-01  3.70000000e-01  1.00000000e-01  1.25083971e-13  1.00000000e-01  1.00000000e-01 
 1.10000000e-01  3.70000000e-01  1.10000000e-01  1.30956982e-13  1.10000000e-01  1.10000000e-01 
 1.20000000e-01  3.70000000e-01  1.20000000e-01  1.36441796e-13  1.20000000e-01  1.20000000e-01 
 1.30000000e-01  3.70000000e-01  1.30000000e-01  1.41606205e-13  1.30000000e-01  1.30000000e-01 
 1.40000000e-01  3.70000000e-01  1.40000000e-01  1.46503826e-13  1.40000000e-01  1.40000000e-01 
 1.50000000e-01  3.70000000e-01  1.50000000e-01  1.51177496e-13  1.50000000e-01  1.50000000e-01 
 1.60000000e-01  3.70000000e-01  1.60000000e-01  1.55661762e-13  1.60000000e-01  1.60000000e-01 
 1.70000000e-01  3.70000000e-01  1.70000000e-01  1.59984730e-13  1.70000000e-01  1.70000000e-01 
 1.80000000e-01  3.70000000e-01  1.80000000e-01  1.64169449e-13  1.80000000e-01  1.80000000e-01 
 1.90000000e-01  3.70000000e-01  1.90000000e-01  1.68234971e-13  1.90000000e-01  1.90000000e-01 
 2.00000000e-01  3.70000000e-01  2.00000000e-01  1.72197150e-13  2.00000000e-01  2.00000000e-01 
 2.10000000e-01  3.70000000e-01  2.10000000e-01  1.76069266e-13  2.10000000e-01  2.10000000e-01 
 2.20000000e-01  3.70000000e-01  2.20000000e-01  1.79862515e-13  2.20000000e-01  2.20000000e-01 
 2.30000000e-01  3.70000000e-01  2.30000000e-01  1.83586390e-13  2.30000000e-01  2.30000000e-01 
 2.40000000e-01  3.70000000e-01  2.40000000e-01  1.87248981e-13  2.40000000e-01  2.40000000e-01 
 2.50000000e-01  3.70000000e-01  2.50000000e-01  1.90857222e-13  2.50000000e-01  2.50000000e-01 
 2.60000000e-01  3.70000000e-01  2.60000000e-01  1.94417080e-13  2.60000000e-01  2.60000000e-01 
 2.70000000e-01  3.70000000e-01  2.70000000e-01  1.97933717e-13  2.70000000e-01  2.70000000e-01 
 2.80000000e-01  3.70000000e-01  2.80000000e-01  2.01411617e-13  2.80000000e-01  2.80000000e-01 
 2.90000000e-01  3.70000000e-01  2.90000000e-01  2.04854689e-13  2.90000000e-01  2.90000000e-01 
 3.00000000e-01  3.70000000e-01  3.00000000e-01  2.08266356e-13  3.00000000e-01  3.00000000e-01 
 3.10000000e-01  3.70000000e-01  3.10000000e-01  2.11649624e-13  3.10000000e-01  3.10000000e-01 
 3.20000000e-01  3.70000000e-01  3.20000000e-01  2.15007146e-13  3.20000000e-01  3.20000000e-01 
 3.30000000e-01  3.70000000e-01  3.30000000e-01  2.18341266e-13  3.30000000e-01  3.30000000e-01 
 3.40000000e-01  3.70000000e-01  3.40000000e-01  2.21654065e-13  3.40000000e-01  3.40000000e-01 
 3.50000000e-01  3.70000000e-01  3.50000000e-01  2.24947395e-13  3.50000000e-01  3.50000000e-01 
 3.60000000e-01  3.70000000e-01  3.60000000e-01  2.28222908e-13  3.60000000e-01  3.60000000e-01 
 3.70000000e-01  3.70000000e-01  3.70000000e-01  2.31482084e-13  3.70000000e-01  3.70000000e-01 
 3.80000000e-01  3.70000000e-01  3.80000000e-01  2.34726250e-13  3.80000000e-01  3.80000000e-01 
 3.90000000e-01  3.70000000e-01  3.90000000e-01  2.37956598e-13  3.90000000e-01  3.90000000e-01 
 4.00000000e-01  3.70000000e-01  4.00000000e-01  2.41174204e-13  4.00000000e-01  4.00000000e-01 
 4.10000000e-01  3.70000000e-01  4.10000000e-01  2.44380042e-13  4.10000000e-01  4.10000000e-01 
 4.20000000e-01  3.70000000e-01  4.20000000e-01  2.47574990e-13  4.20000000e-01  4.20000000e-01 
 4.30000000e-01  3.70000000e-01  4.30000000e-01  2.50759849e-13  4.30000000e-01  4.30000000e-01 
 4.40000000e-01  3.70000000e-01  4.40000000e-01  2.53935344e-13  4.40000000e-01  4.40000000e-01 
 4.50000000e-01  3.70000000e-01  4.50000000e-01  2.57102137e-13  4.50000000e-01  4.50000000e-01 
 4.60000000e-01  3.70000000e-01  4.60000000e-01  2.60260832e-13  4.60000000e-01  4.60000000e-01 
 4.70000000e-01  3.70000000e-01  4.70000000e-01  2.63411980e-13  4.70000000e-01  4.70000000e-01 
 4.80000000e-01  3.70000000e-01  4.80000000e-01  2.66556088e-13  4.80000000e-01  4.80000000e-01 
 4.90000000e-01  3.70000000e-01  4.90000000e-01  2.69693619e-13  4.90000000e-01  4.90000000e-01 
 5.00000000e-01  3.70000000e-01  5.00000000e-01  2.72825000e-13  5.00000000e-01  5.00000000e-01 
 5.10000000e-01  3.70000000e-01  5.10000000e-01  2.75950622e-13  5.10000000e-01  5.10000000e-01 
 5.20000000e-01  3.70000000e-01  5.20000000e-01  2.79070847e-13  5.20000000e-01  5.20000000e-01 
 5.30000000e-01  3.70000000e-01  5.30000000e-01  2.82186009e-13  5.30000000e-01  5.30000000e-01 
 5.40000000e-01  3.70000000e-01  5.40000000e-01  2.85296415e-13  5.40000000e-01  5.40000000e-01 
 5.50000000e-01  3.70000000e-01  5.50000000e-01  2.88402351e-13  5.50000000e-01  5.50000000e-01 
 5.60000000e-01  3.70000000e-01  5.60000000e-01  2.91504081e-13  5.60000000e-01  5.60000000e-01 
 5.70000000e-01  3.70000000e-01  5.70000000e-01  2.94601850e-13  5.70000000e-01  5.70000000e-01 
 5.80000000e-01  3.70000000e-01  5.80000000e-01  2.97695886e-13  5.80000000e-01  5.80000000e-01 
 5.90000000e-01  3.70000000e-01  5.90000000e-01  3.00786401e-13  5.90000000e-01  5.90000000e-01 
 6.00000000e-01  3.70000000e-01  6.00000000e-01  3.03873591e-13  6.00000000e-01  6.00000000e-01 
 6.10000000e-01  3.70000000e-01  6.10000000e-01  3.06957641e-13  6.10000000e-01  6.10000000e-01 
 6.20000000e-01  3.70000000e-01  6.20000000e-01  3.10038722e-13  6.20000000e-01  6.20000000e-01 
 6.30000000e-01  3.70000000e-01  6.30000000e-01  3.13116993e-13  6.30000000e-01  6.30000000e-01 
 6.40000000e-01  3.70000000e-01  6.40000000e-01  3.16192605e-13  6.40000000e-01  6.40000000e-01 
 6.50000000e-01  3.70000000e-01  6.50000000e-01  3.19265697e-13  6.50000000e-01  6.50000000e-01 
 6.60000000e-01  3.70000000e-01  6.60000000e-01  3.22336400e-13  6.60000000e-01  6.60000000e-01 
 6.70000000e-01  3.70000000e-01  6.70000000e-01  3.25404838e-13  6.70000000e-01  6.70000000e-01 
 6.80000000e-01  3.70000000e-01  6.80000000e-01  3.28471126e-13  6.80000000e-01  6.80000000e-01 
 6.90000000e-01  3.70000000e-01  6.90000000e-01  3.31535372e-13  6.90000000e-01  6.90000000e-01 
 7.00000000e-01  3.70000000e-01  7.00000000e-01  3.34597678e-13  7.00000000e-01  7.00000000e-01 
 7.10000000e-01  3.70000000e-01  7.10000000e-01  3.37658140e-13  7.10000000e-01  7.10000000e-01 
 7.20000000e-01  3.70000000e-01  7.20000000e-01  3.40716847e-13  7.20000000e-01  7.20000000e-01 
 7.30000000e-01  3.70000000e-01  7.30000000e-01  3.43773885e-13  7.30000000e-01  7.30000000e-01 
 7.40000000e-01  3.70000000e-01  7.40000000e-01  3.46829334e-13  7.40000000e-01  7.40000000e-01 
 7.50000000e-01  3.70000000e-01  7.50000000e-01  3.49883269e-13  7.50000000e-01  7.50000000e-01 
 7.60000000e-01  3.70000000e-01  7.60000000e-01  3.52935762e-13  7.60000000e-01  7.60000000e-01 
 7.70000000e-01  3.70000000e-01  7.70000000e-01  3.55986880e-13  7.70000000e-01  7.70000000e-01 
 7.80000000e-01  3.70000000e-01  7.80000000e-01  3.59036687e-13  7.80000000e-01  7.80000000e-01 
 7.90000000e-01  3.70000000e-01  7.90000000e-01  3.62085243e-13  7.90000000e-01  7.90000000e-01 
 8.00000000e-01  3.70000000e-01  8.00000000e-01  3.65132605e-13  8.00000000e-01  8.00000000e-01 
 8.10000000e-01  3.70000000e-01  8.10000000e-01  3.68178828e-13  8.10000000e-01  8.10000000e-01 
 8.20000000e-01  3.70000000e-01  8.20000000e-01  3.71223962e-13  8.20000000e-01  8.20000000e-01 
 8.30000000e-01  3.70000000e-01  8.30000000e-01  3.74268057e-13  8.30000000e-01  8.30000000e-01 
 8.40000000e-01  3.70000000e-01  8.40000000e-01  3.77311157e-13  8.40000000e-01  8.40000000e-01 
 8.50000000e-01  3.70000000e-01  8.50000000e-01  3.80353308e-13  8.50000000e-01  8.50000000e-01 
 8.60000000e-01  3.70000000e-01  8.60000000e-01  3.83394550e-13  8.60000000e-01  8.60000000e-01 
 8.70000000e-01  3.70000000e-01  8.70000000e-01  3.86434924e-13  8.70000000e-01  8.70000000e-01 
 8.80000000e-01  3.70000000e-01  8.80000000e-01  3.89474467e-13  8.80000000e-01  8.80000000e-01 
 8.90000000e-01  3.70000000e-01  8.90000000e-01  3.92513214e-13  8.90000000e-01  8.90000000e-01 
 9.00000000e-01  3.70000000e-01  9.00000000e-01  3.95551200e-13  9.00000000e-01  9.00000000e-01 
 9.10000000e-01  3.70000000e-01  9.10000000e-01  3.98588458e-13  9.10000000e-01  9.10000000e-01 
 9.20000000e-01  3.70000000e-01  9.20000000e-01  4.01625017e-13  9.20000000e-01  9.20000000e-01 
 9.30000000e-01  3.70000000e-01  9.30000000e-01  4.04660909e-13  9.30000000e-01  9.30000000e-01 
 9.40000000e-01  3.70000000e-01  9.40000000e-01  4.07696160e-13  9.40000000e-01  9.40000000e-01 
 9.50000000e-01  3.70000000e-01  9.50000000e-01  4.10730797e-13  9.50000000e-01  9.50000000e-01 
 9.60000000e-01  3.70000000e-01  9.60000000e-01  4.13764848e-13  9.60000000e-01  9.60000000e-01 
 9.70000000e-01  3.70000000e-01  9.70000000e-01  4.16798335e-13  9.70000000e-01  9.70000000e-01 
 9.80000000e-01  3.70000000e-01  9.80000000e-01  4.19831282e-13  9.80000000e-01  9.80000000e-01 
 9.90000000e-01  3.70000000e-01  9.90000000e-01  4.22863712e-13  9.90000000e-01  9.90000000e-01 
 1.00000000e+00  3.70000000e-01  1.00000000e+00  4.25895645e-13  1.00000000e+00  1.00000000e+00 
 1.01000000e+00  3.70000000e-01  1.01000000e+00  4.28927103e-13  1.01000000e+00  1.01000000e+00 
 1.02000000e+00  3.70000000e-01  1.02000000e+00  4.31958106e-13  1.02000000e+00  1.02000000e+00 
 1.03000000e+00  3.70000000e-01  1.03000000e+00  4.34988670e-13  1.03000000e+00  1.03000000e+00 
 1.04000000e+00  3.70000000e-01  1.04000000e+00  4.38018816e-13  1.04000000e+00  1.04000000e+00 
 1.05000000e+00  3.70000000e-01  1.05000000e+00  4.41048559e-13  1.05000000e+00  1.05000000e+00 
 1.06000000e+00  3.70000000e-01  1.06000000e+00  4.44077917e-13  1.06000000e+00  1.06000000e+00 
 1.07000000e+00  3.70000000e-01  1.07000000e+00  4.47106905e-13  1.07000000e+00  1.07000000e+00 
 1.08000000e+00  3.70000000e-01  1.08000000e+00  4.50135539e-13  1.08000000e+00  1.08000000e+00 
 1.09000000e+00  3.70000000e-01  1.09000000e+00  4.53163832e-13  1.09000000e+00  1.09000000e+00 
 1.10000000e+00  3.70000000e-01  1.10000000e+00  4.56191799e-13  1.10000000e+00  1.10000000e+00 
 1.11000000e+00  3.70000000e-01  1.11000000e+00  4.59219454e-13  1.11000000e+00  1.11000000e+00 
 1.12000000e+00  3.70000000e-01  1.12000000e+00  4.62246808e-13  1.12000000e+00  1.12000000e+00 
 1.13000000e+00  3.70000000e-01  1.13000000e+00  4.65273875e-13  1.13000000e+00  1.13000000e+00 
 1.14000000e+00  3.70000000e-01  1.14000000e+00  4.68300667e-13  1.14000000e+00  1.14000000e+00 
 1.15000000e+00  3.70000000e-01  1.15000000e+00  4.71327194e-13  1.15000000e+00  1.15000000e+00 
 1.16000000e+00  3.70000000e-01  1.16000000e+00  4.74353468e-13  1.16000000e+00  1.16000000e+00 
 1.17000000e+00  3.70000000e-01  1.17000000e+00  4.77379500e-13  1.17000000e+00  1.17000000e+00 
 1.18000000e+00  3.70000000e-01  1.18000000e+00  4.80405299e-13  1.18000000e+00  1.18000000e+00 
 1.19000000e+00  3.70000000e-01  1.19000000e+00  4.83430875e-13  1.19000000e+00  1.19000000e+00 
 1.20000000e+00  3.70000000e-01  1.20000000e+00  4.86456238e-13  1.20000000e+00  1.20000000e+00 
 1.21000000e+00  3.70000000e-01  1.21000000e+00  4.89481396e-13  1.21000000e+00  1.21000000e+00 
 1.22000000e+00  3.70000000e-01  1.22000000e+00  4.92506359e-13  1.22000000e+00  1.22000000e+00 
 1.23000000e+00  3.70000000e-01  1.23000000e+00  4.95531135e-13  1.23000000e+00  1.23000000e+00 
 1.24000000e+00  3.70000000e-01  1.24000000e+00  4.98555732e-13  1.24000000e+00  1.24000000e+00 
 1.25000000e+00  3.70000000e-01  1.25000000e+00  5.01580157e-13  1.25000000e+00  1.25000000e+00 
 1.26000000e+00  3.70000000e-01  1.26000000e+00  5.04604419e-13  1.26000000e+00  1.26000000e+00 
 1.27000000e+00  3.70000000e-01  1.27000000e+00  5.07628525e-13  1.27000000e+00  1.27000000e+00 
 1.28000000e+00  3.70000000e-01  1.28000000e+00  5.10652481e-13  1.28000000e+00  1.28000000e+00 
 1.29000000e+00  3.70000000e-01  1.29000000e+00  5.13676294e-13  1.29000000e+00  1.29000000e+00 
 1.30000000e+00  3.70000000e-01  1.30000000e+00  5.16699971e-13  1.30000000e+00  1.30000000e+00 
 1.31000000e+00  3.70000000e-01  1.31000000e+00  5.19723518e-13  1.31000000e+00  1.31000000e+00 
 1.32000000e+00  3.70000000e-01  1.32000000e+00  5.22746942e-13  1.32000000e+00  1.32000000e+00 
 1.33000000e+00  3.70000000e-01  1.33000000e+00  5.25770247e-13  1.33000000e+00  1.33000000e+00 
 1.34000000e+00  3.70000000e-01  1.34000000e+00  5.28793440e-13  1.34000000e+00  1.34000000e+00 
 1.35000000e+00  3.70000000e-01  1.35000000e+00  5.31816526e-13  1.35000000e+00  1.35000000e+00 
 1.36000000e+00  3.70000000e-01  1.36000000e+00  5.34839510e-13  1.36000000e+00  1.36000000e+00 
 1.37000000e+00  3.70000000e-01  1.37000000e+00  5.37862398e-13  1.37000000e+00  1.37000000e+00 
 1.38000000e+00  3.70000000e-01  1.38000000e+00  5.40885194e-13  1.38000000e+00  1.38000000e+00 
 1.39000000e+00  3.70000000e-01  1.39000000e+00  5.43907904e-13  1.39000000e+00  1.39000000e+00 
 1.40000000e+00  3.70000000e-01  1.40000000e+00  5.46930531e-13  1.40000000e+00  1.40000000e+00 
 1.41000000e+00  3.70000000e-01  1.41000000e+00  5.49953081e-13  1.41000000e+00  1.41000000e+00 
 1.42000000e+00  3.70000000e-01  1.42000000e+00  5.52975557e-13  1.42000000e+00  1.42000000e+00 
 1.43000000e+00  3.70000000e-01  1.43000000e+00  5.55997963e-13  1.43000000e+00  1.43000000e+00 
 1.44000000e+00  3.70000000e-01  1.44000000e+00  5.59020305e-13  1.44000000e+00  1.44000000e+00 
 1.45000000e+00  3.70000000e-01  1.45000000e+00  5.62042585e-13  1.45000000e+00  1.45000000e+00 
 1.46000000e+00  3.70000000e-01  1.46000000e+00  5.65064807e-13  1.46000000e+00  1.46000000e+00 
 1.47000000e+00  3.70000000e-01  1.47000000e+00  5.68086976e-13  1.47000000e+00  1.47000000e+00 
 1.48000000e+00  3.70000000e-01  1.48000000e+00  5.71109094e-13  1.48000000e+00  1.48000000e+00 
 1.49000000e+00  3.70000000e-01  1.49000000e+00  5.74131165e-13  1.49000000e+00  1.49000000e+00 
 1.50000000e+00  3.70000000e-01  1.50000000e+00  5.77153192e-13  1.50000000e+00  1.50000000e+00 
 1.51000000e+00  3.70000000e-01  1.51000000e+00  5.80175180e-13  1.51000000e+00  1.51000000e+00 
 1.52000000e+00  3.70000000e-01  1.52000000e+00  5.83197129e-13  1.52000000e+00  1.52000000e+00 
 1.53000000e+00  3.70000000e-01  1.53000000e+00  5.86219045e-13  1.53000000e+00  1.53000000e+00 
 1.54000000e+00  3.70000000e-01  1.54000000e+00  5.89240928e-13  1.54000000e+00  1.54000000e+00 
 1.55000000e+00  3.70000000e-01  1.55000000e+00  5.92262784e-13  1.55000000e+00  1.55000000e+00 
 1.56000000e+00  3.70000000e-01  1.56000000e+00  5.95284613e-13  1.56000000e+00  1.56000000e+00 
 1.57000000e+00  3.70000000e-01  1.57000000e+00  5.98306420e-13  1.57000000e+00  1.57000000e+00 
 1.58000000e+00  3.70000000e-01  1.58000000e+00  6.01328206e-13  1.58000000e+00  1.58000000e+00 
 1.59000000e+00  3.70000000e-01  1.59000000e+00  6.04349973e-13  1.59000000e+00  1.59000000e+00 
 1.60000000e+00  3.70000000e-01  1.60000000e+00  6.07371725e-13  1.60000000e+00  1.60000000e+00 
 1.61000000e+00  3.70000000e-01  1.61000000e+00  6.10393464e-13  1.61000000e+00  1.61000000e+00 
 1.62000000e+00  3.70000000e-01  1.62000000e+00  6.13415192e-13  1.62000000e+00  1.62000000e+00 
 1.63000000e+00  3.70000000e-01  1.63000000e+00  6.16436911e-13  1.63000000e+00  1.63000000e+00 
 1.64000000e+00  3.70000000e-01  1.64000000e+00  6.19458624e-13  1.64000000e+00  1.64000000e+00 
 1.65000000e+00  3.70000000e-01  1.65000000e+00  6.22480331e-13  1.65000000e+00  1.65000000e+00 
 1.66000000e+00  3.70000000e-01  1.66000000e+00  6.25502037e-13  1.66000000e+00  1.66000000e+00 
 1.67000000e+00  3.70000000e-01  1.67000000e+00  6.28523742e-13  1.67000000e+00  1.67000000e+00 
 1.68000000e+00  3.70000000e-01  1.68000000e+00  6.31545448e-13  1.68000000e+00  1.68000000e+00 
 1.69000000e+00  3.70000000e-01  1.69000000e+00  6.34567157e-13  1.69000000e+00  1.69000000e+00 
 1.70000000e+00  3.70000000e-01  1.70000000e+00  6.37588872e-13  1.70000000e+00  1.70000000e+00 
 1.71000000e+00  3.70000000e-01  1.71000000e+00  6.40610593e-13  1.71000000e+00  1.71000000e+00 
 1.72000000e+00  3.70000000e-01  1.72000000e+00  6.43632323e-13  1.72000000e+00  1.72000000e+00 
 1.73000000e+00  3.70000000e-01  1.73000000e+00  6.46654063e-13  1.73000000e+00  1.73000000e+00 
 1.74000000e+00  3.70000000e-01  1.74000000e+00  6.49675815e-13  1.74000000e+00  1.74000000e+00 
 1.75000000e+00  3.70000000e-01  1.75000000e+00  6.52697580e-13  1.75000000e+00  1.75000000e+00 
 1.76000000e+00  3.70000000e-01  1.76000000e+00  6.55719360e-13  1.76000000e+00  1.76000000e+00 
 1.77000000e+00  3.70000000e-01  1.77000000e+00  6.58741156e-13  1.77000000e+00  1.77000000e+00 
 1.78000000e+00  3.70000000e-01  1.78000000e+00  6.61762970e-13  1.78000000e+00  1.78000000e+00 
 1.79000000e+00  3.70000000e-01  1.79000000e+00  6.64784804e-13  1.79000000e+00  1.79000000e+00 
 1.80000000e+00  3.70000000e-01  1.80000000e+00  6.67806658e-13  1.80000000e+00  1.80000000e+00 
 1.81000000e+00  3.70000000e-01  1.81000000e+00  6.70828534e-13  1.81000000e+00  1.81000000e+00 
 1.82000000e+00  3.70000000e-01  1.82000000e+00  6.73850433e-13  1.82000000e+00  1.82000000e+00 
 1.83000000e+00  3.70000000e-01  1.83000000e+00  6.76872356e-13  1.83000000e+00  1.83000000e+00 
 1.84000000e+00  3.70000000e-01  1.84000000e+00  6.79894305e-13  1.84000000e+00  1.84000000e+00 
 1.85000000e+00  3.70000000e-01  1.85000000e+00  6.82916281e-13  1.85000000e+00  1.85000000e+00 
